85
89
91
94
94
95
97
98
99
99
99
100
101
102
114
115
121
124
143
144
145
147
150
155
157
160
165
167
167
168
170
170
170
170
171
171
172
172
172
172
172
173
173
173
175
176
177
177
177
177
178
178
178
179
179
179
180
180
180
181
181
182
182
183
184
184
185
185
185
185
186
187
187
188
188
188
189
189
190
190
190
191
191
192
192
193
193
193
193
194
194
195
195
195
195
195
196
196
196
196
197
197
197
198
198
199
199
199
199
200
200
200
200
200
201
201
201
201
201
201
202
202
202
203
203
203
203
203
203
203
203
204
205
206
207
207
207
207
207
208
208
208
208
208
209
209
209
209
209
210
210
210
210
210
210
210
210
210
210
210
211
211
212
212
212
213
213
213
213
214
214
214
214
214
214
214
215
215
215
215
215
216
216
216
216
217
217
217
218
219
219
220
220
221
221
221
222
222
222
222
222
222
223
223
223
223
223
224
224
224
224
224
224
224
224
224
225
225
225
225
225
226
226
226
226
227
227
227
227
228
229
229
229
229
230
230
230
230
230
231
232
232
232
232
232
232
233
233
234
234
234
235
235
235
235
235
236
236
236
237
237
237
237
238
239
239
239
240
240
240
240
240
240
241
241
241
242
243
243
243
243
244
244
244
245
245
245
245
245
245
246
247
247
247
247
247
247
247
247
247
247
248
248
248
248
248
249
249
249
249
249
250
250
251
251
251
252
252
252
253
253
254
254
255
255
255
255
256
256
256
257
257
257
257
257
257
258
258
258
258
258
259
259
260
260
260
260
260
260
260
260
260
261
261
261
261
261
261
262
262
262
262
263
263
263
263
264
264
264
264
264
265
265
265
265
266
266
266
267
267
267
267
268
268
268
268
268
268
269
269
269
269
269
269
269
270
270
270
270
271
271
271
272
274
274
274
274
274
275
275
276
276
276
276
277
277
277
277
278
278
279
279
279
280
280
280
280
280
280
281
281
281
282
282
282
283
283
283
283
285
285
285
286
286
287
287
287
287
287
288
288
288
288
289
289
289
289
290
290
290
291
291
291
292
292
292
293
293
294
295
295
296
296
297
299
299
300
300
301
301
301
303
303
304
305
305
305
305
305
306
306
307
307
308
308
309
309
310
310
310
311
311
312
313
314
315
316
316
317
318
320
321
322
322
323
324
324
325
326
329
330
330
334
335
340
341
345
