
1.001391e+00
1.001391e+00
1.001391e+00
1.001391e+00
1.001391e+00
1.001391e+00
1.001391e+00
1.001391e+00
1.001391e+00
1.001391e+00
1.001391e+00
1.001391e+00
1.001391e+00
1.001391e+00
1.001391e+00
1.001391e+00
1.001391e+00
1.001391e+00
1.001391e+00
1.001391e+00
1.001391e+00
1.001391e+00
1.001356e+00
1.001337e+00
1.001321e+00
1.001312e+00
1.001364e+00
1.001224e+00
1.000625e+00
1.000469e+00
1.000349e+00
1.000271e+00
1.000232e+00
1.000193e+00
1.000168e+00
1.000151e+00
1.000143e+00
1.000136e+00
1.000117e+00
1.000122e+00
1.000099e+00
1.000109e+00
1.000081e+00
1.000103e+00
1.000070e+00
1.000097e+00
1.000062e+00
1.000090e+00
1.000055e+00
1.000081e+00
1.000049e+00
1.000072e+00
1.000044e+00
1.000063e+00
1.000041e+00
1.000056e+00
1.000029e+00
1.000046e+00
1.000019e+00
1.000033e+00
1.000007e+00
1.000026e+00
1.000000e+00
1.000020e+00
1.000000e+00
1.000021e+00
1.000005e+00
1.000022e+00
1.000009e+00
1.000022e+00
1.000012e+00
1.000022e+00
1.000018e+00
1.000023e+00
1.000027e+00
1.000026e+00
1.000035e+00
1.000028e+00
1.000043e+00
1.000025e+00
1.000050e+00
1.000025e+00
1.000054e+00
1.000029e+00
1.000058e+00
1.000036e+00
1.000060e+00
1.000040e+00
1.000056e+00
1.000044e+00
1.000050e+00
1.000050e+00
1.000049e+00
1.000058e+00
1.000049e+00
1.000065e+00
1.000046e+00
1.000071e+00
1.000046e+00
1.000074e+00
1.000052e+00
1.000080e+00
1.000061e+00
1.000085e+00
1.000070e+00
1.000085e+00
1.000089e+00
1.000095e+00
1.000116e+00
1.000134e+00
1.000156e+00
1.000170e+00
1.000220e+00
1.000224e+00
1.000269e+00
1.000317e+00
1.000354e+00
1.000391e+00
1.000397e+00
1.000412e+00
1.000415e+00
1.000388e+00
1.000390e+00
1.000381e+00
1.000359e+00
1.000313e+00
1.000311e+00
1.000302e+00
1.000297e+00
1.000300e+00
1.000338e+00
1.000349e+00
1.000368e+00
1.000370e+00
1.000376e+00
1.000355e+00
1.000328e+00
1.000307e+00
1.000303e+00
1.000301e+00
1.000287e+00
1.000283e+00
1.000281e+00
1.000280e+00
1.000277e+00
1.000300e+00
1.000325e+00
1.000350e+00
1.000375e+00
1.000408e+00
1.000435e+00
1.000464e+00
1.000519e+00
1.000513e+00
1.000394e+00
1.000274e+00
1.000217e+00
1.000178e+00
1.000164e+00
1.000129e+00
1.000137e+00
1.000115e+00
1.000117e+00
1.000106e+00
1.000115e+00
1.000113e+00
1.000103e+00
1.000104e+00
1.000092e+00
1.000079e+00
1.000077e+00
1.000071e+00
1.000055e+00
1.000050e+00
1.000044e+00
1.000037e+00
1.000027e+00
1.000024e+00
1.000025e+00
1.000017e+00
1.000024e+00
1.000022e+00
1.000028e+00
1.000026e+00
1.000028e+00
1.000029e+00
1.000028e+00
1.000031e+00
1.000017e+00
1.000023e+00
1.000021e+00
1.000017e+00
1.000022e+00
1.000023e+00
1.000031e+00
1.000028e+00
1.000034e+00
1.000036e+00
1.000039e+00
1.000040e+00
1.000023e+00
1.000037e+00
1.000034e+00
1.000033e+00
1.000033e+00
1.000034e+00
1.000039e+00
1.000023e+00
1.000040e+00
1.000042e+00
1.000042e+00
1.000056e+00
1.000061e+00
1.000074e+00
1.000077e+00
1.000111e+00
1.000117e+00
1.000154e+00
1.000172e+00
1.000210e+00
1.000239e+00
1.000256e+00
1.000310e+00
1.000317e+00
1.000335e+00
1.000343e+00
1.000346e+00
1.000349e+00
1.000337e+00
1.000333e+00
1.000331e+00
1.000314e+00
1.000306e+00
1.000316e+00
1.000319e+00
1.000312e+00
1.000321e+00
1.000328e+00
1.000320e+00
1.000327e+00
1.000345e+00
1.000365e+00
1.000374e+00
1.000390e+00
1.000396e+00
1.000409e+00
1.000420e+00
1.000445e+00
1.000489e+00
1.000525e+00
1.000563e+00
1.000603e+00
1.000610e+00
1.000554e+00
1.000319e+00
1.000301e+00
1.000211e+00
1.000192e+00
1.000165e+00
1.000165e+00
1.000160e+00
1.000164e+00
1.000169e+00
1.000187e+00
1.000206e+00
1.000222e+00
1.000306e+00
1.000345e+00
1.000406e+00
1.000490e+00
1.000441e+00
1.000436e+00
1.000289e+00
1.000280e+00
1.000225e+00
1.000194e+00
1.000183e+00
1.000163e+00
1.000156e+00
1.000142e+00
1.000149e+00
1.000144e+00
1.000145e+00
1.000144e+00
1.000138e+00
1.000136e+00
1.000131e+00
1.000138e+00
1.000140e+00
1.000141e+00
1.000147e+00
1.000138e+00
1.000145e+00
1.000144e+00
1.000154e+00
1.000155e+00
1.000155e+00
1.000172e+00
1.000174e+00
1.000186e+00
1.000191e+00
1.000214e+00
1.000216e+00
1.000226e+00
1.000268e+00
1.000281e+00
1.000363e+00
1.000395e+00
1.000433e+00
1.000612e+00
1.000682e+00
1.000758e+00
1.000910e+00
1.000995e+00
1.001109e+00
1.001178e+00
1.001206e+00
1.001246e+00
1.001268e+00
1.001281e+00
1.001309e+00
1.001336e+00
1.001358e+00
1.001395e+00
1.001381e+00
1.000614e+00
1.000496e+00
1.000458e+00
1.000437e+00
1.000431e+00
1.000443e+00
1.000479e+00
1.000507e+00
1.000529e+00
1.000529e+00
1.000530e+00
1.000539e+00
1.000552e+00
1.000570e+00
1.000578e+00
1.000585e+00
1.000580e+00
1.000572e+00
1.000585e+00
1.000575e+00
1.000566e+00
1.000592e+00
1.000608e+00
1.000577e+00
1.000491e+00
1.000377e+00
1.000267e+00
1.000219e+00
1.000175e+00
1.000153e+00
1.000131e+00
1.000131e+00
1.000117e+00
1.000129e+00
1.000111e+00
1.000130e+00
1.000106e+00
1.000129e+00
1.000112e+00
1.000131e+00
1.000115e+00
1.000133e+00
1.000129e+00
1.000126e+00
1.000140e+00
1.000128e+00
1.000147e+00
1.000136e+00
1.000155e+00
1.000150e+00
1.000160e+00
1.000164e+00
1.000166e+00
1.000173e+00
1.000171e+00
1.000181e+00
1.000182e+00
1.000188e+00
1.000190e+00
1.000195e+00
1.000203e+00
1.000202e+00
1.000216e+00
1.000216e+00
1.000227e+00
1.000243e+00
1.000236e+00
1.000249e+00
1.000254e+00
1.000252e+00
1.000269e+00
1.000266e+00
1.000275e+00
1.000301e+00
1.000295e+00
1.000315e+00
1.000341e+00
1.000335e+00
1.000351e+00
1.000341e+00
1.000337e+00
1.000361e+00
1.000365e+00
1.000364e+00
1.000402e+00
1.000392e+00
1.000389e+00
1.000399e+00
1.000405e+00
1.000426e+00
1.000447e+00
1.000450e+00
1.000454e+00
1.000450e+00
1.000458e+00
1.000489e+00
1.000497e+00
1.000537e+00
1.000578e+00
1.000549e+00
1.000547e+00
1.000557e+00
1.000573e+00
1.000617e+00
1.000672e+00
1.000682e+00
1.000682e+00
1.000654e+00
1.000651e+00
1.000689e+00
1.000682e+00
1.000662e+00
1.000688e+00
1.000701e+00
1.000684e+00
1.000680e+00
1.000697e+00
1.000699e+00
1.000742e+00
1.000776e+00
1.000828e+00
1.000871e+00
1.000938e+00
1.000964e+00
1.000973e+00
1.001025e+00
1.001056e+00
1.001078e+00
1.001176e+00
1.001296e+00
1.001322e+00
1.001344e+00
1.001354e+00
1.001369e+00
1.001366e+00
1.001384e+00
1.001312e+00
1.001303e+00
1.001289e+00
1.001278e+00
1.001248e+00
1.001271e+00
1.001225e+00
1.001214e+00
1.001201e+00
1.001203e+00
1.001196e+00
1.001214e+00
1.001208e+00
1.001198e+00
1.001202e+00
1.001213e+00
1.001224e+00
1.001251e+00
1.001304e+00
1.001328e+00
1.001326e+00
1.001307e+00
1.001313e+00
1.001309e+00
1.001313e+00
1.001294e+00
1.001320e+00
1.001317e+00
1.001329e+00
1.001333e+00
1.001401e+00
1.001402e+00
1.001419e+00
1.001416e+00
1.001425e+00
1.001400e+00
1.001388e+00
1.001376e+00
1.001365e+00
1.001384e+00
1.001366e+00
1.001390e+00
1.001402e+00
1.001411e+00
1.001362e+00
1.001373e+00
1.001334e+00
1.001324e+00
1.001333e+00
1.001365e+00
1.001391e+00
1.001440e+00
1.001433e+00
1.001388e+00
1.001371e+00
1.001351e+00
1.001340e+00
1.001342e+00
1.001347e+00
1.001312e+00
1.001322e+00
1.001336e+00
1.001347e+00
1.001361e+00
1.001445e+00
1.001454e+00
1.001424e+00
1.001435e+00
1.001338e+00
1.001303e+00
1.001287e+00
1.001297e+00
1.001296e+00
1.001342e+00
1.001398e+00
1.001433e+00
1.001402e+00
1.001411e+00
1.001397e+00
1.001402e+00
1.001417e+00
1.001454e+00
1.001436e+00
1.001475e+00
1.001449e+00
1.001441e+00
1.001430e+00
1.001431e+00
1.001419e+00
1.001435e+00
1.001438e+00
1.001427e+00
1.001419e+00
1.001445e+00
1.000773e+00
1.000725e+00
1.000710e+00
1.000695e+00
1.000656e+00
1.000671e+00
1.000628e+00
1.000436e+00
1.000338e+00
1.000208e+00
1.000188e+00
1.000114e+00
1.000095e+00
1.000052e+00
1.000044e+00
1.000020e+00
1.000023e+00
1.000013e+00
1.000024e+00
1.000029e+00
1.000032e+00
1.000041e+00
1.000034e+00
1.000046e+00
1.000036e+00
1.000060e+00
1.000070e+00
1.000119e+00
1.000139e+00
1.000255e+00
1.000305e+00
1.000393e+00
1.000539e+00
1.000616e+00
1.000684e+00
1.000844e+00
1.000917e+00
1.000965e+00
1.001057e+00
1.001113e+00
1.001132e+00
1.001135e+00
1.001144e+00
1.001161e+00
1.001197e+00
1.001231e+00
1.001268e+00
1.001270e+00
1.001291e+00
1.001295e+00
1.001257e+00
1.001249e+00
1.001221e+00
1.000792e+00
1.000698e+00
1.000662e+00
1.000639e+00
1.000614e+00
1.000539e+00
1.000378e+00
1.000276e+00
1.000211e+00
1.000145e+00
1.000131e+00
1.000093e+00
1.000095e+00
1.000076e+00
1.000094e+00
1.000072e+00
1.000096e+00
1.000075e+00
1.000100e+00
1.000082e+00
1.000111e+00
1.000099e+00
1.000136e+00
1.000139e+00
1.000186e+00
1.000197e+00
1.000274e+00
1.000290e+00
1.000355e+00
1.000440e+00
1.000487e+00
1.000645e+00
1.000677e+00
1.000730e+00
1.000893e+00
1.000974e+00
1.000992e+00
1.001198e+00
1.001236e+00
1.001274e+00
1.001261e+00
1.001264e+00
1.001166e+00
1.001049e+00
1.000778e+00
1.000727e+00
1.000672e+00
1.000636e+00
1.000597e+00
1.000560e+00
1.000515e+00
1.000459e+00
1.000425e+00
1.000404e+00
1.000390e+00
1.000373e+00
1.000381e+00
1.000381e+00
1.000376e+00
1.000371e+00
1.000379e+00
1.000375e+00
1.000380e+00
1.000385e+00
1.000382e+00
1.000359e+00
1.000346e+00
1.000336e+00
1.000316e+00
1.000305e+00
1.000317e+00
1.000325e+00
1.000334e+00
1.000367e+00
1.000422e+00
1.000455e+00
1.000506e+00
1.000571e+00
1.000582e+00
1.000470e+00
1.000300e+00
1.000232e+00
1.000185e+00
1.000143e+00
1.000114e+00
1.000105e+00
1.000089e+00
1.000092e+00
1.000075e+00
1.000084e+00
1.000064e+00
1.000074e+00
1.000052e+00
1.000071e+00
1.000051e+00
1.000075e+00
1.000062e+00
1.000088e+00
1.000079e+00
1.000103e+00
1.000101e+00
1.000118e+00
1.000122e+00
1.000136e+00
1.000152e+00
1.000152e+00
1.000164e+00
1.000169e+00
1.000183e+00
1.000189e+00
1.000206e+00
1.000224e+00
1.000235e+00
1.000252e+00
1.000259e+00
1.000293e+00
1.000341e+00
1.000360e+00
1.000448e+00
1.000500e+00
1.000657e+00
1.000684e+00
1.000728e+00
1.000770e+00
1.000799e+00
1.000831e+00
1.000901e+00
1.000959e+00
1.001077e+00
1.001157e+00
1.001314e+00
1.001395e+00
1.001386e+00
1.001371e+00
1.001385e+00
1.001382e+00
1.001359e+00
1.001401e+00
1.001415e+00
1.001419e+00
1.001380e+00
1.001381e+00
1.001377e+00
1.001392e+00
1.001385e+00
1.001429e+00
1.001505e+00
1.001520e+00
1.001508e+00
1.001475e+00
1.001161e+00
1.000515e+00
1.000490e+00
1.000480e+00
1.000477e+00
1.000458e+00
1.000480e+00
1.000386e+00
1.000304e+00
1.000253e+00
1.000233e+00
1.000178e+00
1.000173e+00
1.000150e+00
1.000152e+00
1.000140e+00
1.000152e+00
1.000152e+00
1.000153e+00
1.000152e+00
1.000146e+00
1.000153e+00
1.000148e+00
1.000153e+00
1.000159e+00
1.000180e+00
1.000196e+00
1.000218e+00
1.000277e+00
1.000304e+00
1.000336e+00
1.000286e+00
1.000275e+00
1.000213e+00
1.000206e+00
1.000190e+00
1.000176e+00
1.000175e+00
1.000179e+00
1.000179e+00
1.000184e+00
1.000191e+00
1.000192e+00
1.000198e+00
1.000198e+00
1.000200e+00
1.000202e+00
1.000203e+00
1.000204e+00
1.000204e+00
1.000204e+00
1.000204e+00
1.000203e+00
1.000202e+00
1.000204e+00
1.000202e+00
1.000200e+00
1.000200e+00
1.000197e+00
1.000196e+00
1.000200e+00
1.000223e+00
1.000233e+00
1.000305e+00
1.000314e+00
1.000342e+00
1.000341e+00
1.000310e+00
1.000300e+00
1.000265e+00
1.000264e+00
1.000262e+00
1.000245e+00
1.000246e+00
1.000235e+00
1.000237e+00
1.000240e+00
1.000233e+00
1.000230e+00
1.000224e+00
1.000201e+00
1.000190e+00
1.000172e+00
1.000148e+00
1.000160e+00
1.000130e+00
1.000124e+00
1.000141e+00
1.000117e+00
1.000112e+00
1.000118e+00
1.000109e+00
1.000110e+00
1.000116e+00
1.000111e+00
1.000135e+00
1.000121e+00
1.000119e+00
1.000126e+00
1.000119e+00
1.000119e+00
1.000121e+00
1.000115e+00
1.000129e+00
1.000126e+00
1.000124e+00
1.000144e+00
1.000155e+00
1.000171e+00
1.000198e+00
1.000209e+00
1.000257e+00
1.000271e+00
1.000294e+00
1.000378e+00
1.000396e+00
1.000445e+00
1.000510e+00
1.000499e+00
1.000505e+00
1.000530e+00
1.000521e+00
1.000523e+00
1.000504e+00
1.000509e+00
1.000493e+00
1.000404e+00
1.000395e+00
1.000283e+00
1.000255e+00
1.000229e+00
1.000199e+00
1.000194e+00
1.000214e+00
1.000216e+00
1.000234e+00
1.000254e+00
1.000251e+00
1.000255e+00
1.000239e+00
1.000242e+00
1.000253e+00
1.000243e+00
1.000252e+00
1.000263e+00
1.000250e+00
1.000264e+00
1.000247e+00
1.000232e+00
1.000243e+00
1.000213e+00
1.000212e+00
1.000219e+00
1.000205e+00
1.000210e+00
1.000219e+00
1.000216e+00
1.000231e+00
1.000243e+00
1.000241e+00
1.000278e+00
1.000273e+00
1.000279e+00
1.000301e+00
1.000304e+00
1.000307e+00
1.000316e+00
1.000321e+00
1.000345e+00
1.000344e+00
1.000348e+00
1.000369e+00
1.000361e+00
1.000368e+00
1.000401e+00
1.000421e+00
1.000456e+00
1.000461e+00
1.000445e+00
1.000445e+00
1.000457e+00
1.000473e+00
1.000543e+00
1.000598e+00
1.000612e+00
1.000602e+00
1.000571e+00
1.000556e+00
1.000587e+00
1.000598e+00
1.000616e+00
1.000653e+00
1.000624e+00
1.000609e+00
1.000608e+00
1.000610e+00
1.000622e+00
1.000753e+00
1.000856e+00
1.000837e+00
1.000762e+00
1.000703e+00
1.000588e+00
1.000575e+00
1.000576e+00
1.000584e+00
1.000599e+00
1.000743e+00
1.000880e+00
1.001005e+00
1.001144e+00
1.001266e+00
1.001308e+00
1.001348e+00
1.001387e+00
1.001475e+00
1.001611e+00
1.001681e+00
1.001391e+00
1.001391e+00
1.001391e+00
1.001391e+00
1.001391e+00
1.001391e+00
1.001391e+00
1.001391e+00
1.001391e+00
1.001391e+00
1.001391e+00
1.001391e+00
1.001391e+00
1.001391e+00
1.001391e+00
1.001391e+00
1.001391e+00
1.001391e+00
1.001391e+00
1.001391e+00
1.001391e+00
1.001391e+00
1.001391e+00
1.001391e+00
1.001391e+00
