
4.700017e-01
4.799105e-01
4.945609e-01
5.136760e-01
5.368509e-01
5.635344e-01
5.929982e-01
6.243390e-01
6.564582e-01
6.880754e-01
7.177572e-01
7.439407e-01
7.650136e-01
7.793457e-01
7.853923e-01
7.817816e-01
7.673661e-01
7.413326e-01
7.032540e-01
6.531334e-01
5.914460e-01
5.191349e-01
4.375870e-01
3.486056e-01
2.543207e-01
1.571027e-01
5.945609e-02
-3.606522e-02
-1.270230e-01
-2.111761e-01
-2.865797e-01
-3.516799e-01
-4.053789e-01
-4.470508e-01
-4.765950e-01
-4.943497e-01
-5.011319e-01
-4.981138e-01
-4.867689e-01
-4.687773e-01
-4.459303e-01
-4.200216e-01
-3.927705e-01
-3.657285e-01
-3.402365e-01
-3.173481e-01
-2.978148e-01
-2.820951e-01
-2.703268e-01
-2.623940e-01
-2.579312e-01
-2.564000e-01
-2.571295e-01
-2.593654e-01
-2.623481e-01
-2.653406e-01
-2.676799e-01
-2.688072e-01
-2.682887e-01
-2.658347e-01
-2.612888e-01
-2.546383e-01
-2.459835e-01
-2.355362e-01
-2.235855e-01
-2.104834e-01
-1.966180e-01
-1.823942e-01
-1.682170e-01
-1.544739e-01
-1.415273e-01
-1.296975e-01
-1.192617e-01
-1.104552e-01
-1.034531e-01
-9.838416e-02
-9.532157e-02
-9.428165e-02
-9.523057e-02
-9.807131e-02
-1.026615e-01
-1.088074e-01
-1.162636e-01
-1.247457e-01
-1.339511e-01
-1.435430e-01
-1.531898e-01
-1.625714e-01
-1.714024e-01
-1.794379e-01
-1.864969e-01
-1.924878e-01
-1.973935e-01
-2.012994e-01
-2.043827e-01
-2.069131e-01
-2.092268e-01
-2.117149e-01
-2.148130e-01
-2.189392e-01
-2.244904e-01
-2.317985e-01
-2.411064e-01
-2.525216e-01
-2.660114e-01
-2.813927e-01
-2.982989e-01
-3.162005e-01
-3.344260e-01
-3.521564e-01
-3.684732e-01
-3.823916e-01
-3.928950e-01
-3.989864e-01
-3.997185e-01
-3.942543e-01
-3.818738e-01
-3.620381e-01
-3.343884e-01
-2.987744e-01
-2.552358e-01
-2.040307e-01
-1.456193e-01
-8.061455e-02
-9.808367e-03
6.588249e-02
1.454314e-01
2.277299e-01
3.115972e-01
3.958293e-01
4.791762e-01
5.603969e-01
6.382357e-01
7.114707e-01
7.788806e-01
8.392978e-01
8.916037e-01
9.347337e-01
9.677239e-01
9.897169e-01
1.000000e+00
9.980221e-01
9.834388e-01
9.561392e-01
9.162570e-01
8.642156e-01
8.007255e-01
7.267869e-01
6.436769e-01
5.529455e-01
4.563675e-01
3.558834e-01
2.535671e-01
1.515427e-01
5.190611e-02
-4.333243e-02
-1.323393e-01
-2.135150e-01
-2.855591e-01
-3.475315e-01
-3.988472e-01
-4.393347e-01
-4.692067e-01
-4.890507e-01
-4.997714e-01
-5.025679e-01
-4.988343e-01
-4.901073e-01
-4.779626e-01
-4.639505e-01
-4.495056e-01
-4.358691e-01
-4.240439e-01
-4.147307e-01
-4.082890e-01
-4.047570e-01
-4.038109e-01
-4.048265e-01
-4.068851e-01
-4.088554e-01
-4.094396e-01
-4.072509e-01
-4.009019e-01
-3.890735e-01
-3.705976e-01
-3.445244e-01
-3.101842e-01
-2.672420e-01
-2.157156e-01
-1.560072e-01
-8.889141e-02
-1.549774e-02
6.271705e-02
1.440311e-01
2.265161e-01
3.081063e-01
3.866864e-01
4.601752e-01
5.265959e-01
5.841709e-01
6.313826e-01
6.670289e-01
6.902789e-01
7.006933e-01
6.982417e-01
6.832840e-01
6.565692e-01
6.191705e-01
5.724574e-01
5.180079e-01
4.575486e-01
3.928842e-01
3.257955e-01
2.580013e-01
1.910517e-01
1.263094e-01
6.488450e-02
7.607960e-03
-4.496516e-02
-9.257089e-02
-1.351934e-01
-1.730471e-01
-2.065298e-01
-2.361484e-01
-2.624887e-01
-2.861186e-01
-3.075672e-01
-3.272446e-01
-3.454096e-01
-3.621453e-01
-3.773332e-01
-3.906745e-01
-4.016641e-01
-4.096706e-01
-4.139491e-01
-4.136969e-01
-4.081302e-01
-3.965204e-01
-3.782826e-01
-3.530168e-01
-3.205566e-01
-2.810153e-01
-2.347875e-01
-1.825821e-01
-1.253773e-01
-6.442729e-02
-1.177102e-03
6.275554e-02
1.256745e-01
1.858659e-01
2.416768e-01
2.915876e-01
3.342809e-01
3.686947e-01
3.940598e-01
4.099455e-01
4.162433e-01
4.131862e-01
4.013021e-01
3.813945e-01
3.544808e-01
3.217449e-01
2.844590e-01
2.439358e-01
2.014618e-01
1.582391e-01
1.153473e-01
7.370660e-02
3.406674e-02
-3.020978e-03
-3.717565e-02
-6.818066e-02
-9.596383e-02
-1.205654e-01
-1.420929e-01
-1.607185e-01
-1.766161e-01
-1.899618e-01
-2.009104e-01
-2.095802e-01
-2.160634e-01
-2.204220e-01
-2.227064e-01
-2.229613e-01
-2.212560e-01
-2.176803e-01
-2.123758e-01
-2.055281e-01
-1.973731e-01
-1.881894e-01
-1.782892e-01
-1.679888e-01
-1.576027e-01
-1.473985e-01
-1.376003e-01
-1.283441e-01
-1.196757e-01
-1.115448e-01
-1.038078e-01
-9.623476e-02
-8.853333e-02
-8.038179e-02
-7.144766e-02
-6.144406e-02
-5.014745e-02
-3.743716e-02
-2.330971e-02
-7.901670e-03
8.518194e-03
2.555808e-02
4.273257e-02
5.949934e-02
7.530051e-02
8.962394e-02
1.020508e-01
1.123046e-01
1.202986e-01
1.261581e-01
1.302389e-01
1.331198e-01
1.355773e-01
1.385453e-01
1.430497e-01
1.501365e-01
1.607939e-01
1.758547e-01
1.959294e-01
2.213197e-01
2.519728e-01
2.874439e-01
3.268775e-01
3.690389e-01
4.123439e-01
4.549318e-01
4.947665e-01
5.297262e-01
5.577399e-01
5.768965e-01
5.855603e-01
5.824859e-01
5.668955e-01
5.385239e-01
4.976747e-01
4.452031e-01
3.824801e-01
3.113340e-01
2.339616e-01
1.528205e-01
0.000000e+00
0.000000e+00
0.000000e+00
0.000000e+00
0.000000e+00
0.000000e+00
0.000000e+00
0.000000e+00
0.000000e+00
0.000000e+00
0.000000e+00
0.000000e+00
0.000000e+00
0.000000e+00
0.000000e+00
0.000000e+00
0.000000e+00
0.000000e+00
0.000000e+00
0.000000e+00
0.000000e+00
0.000000e+00
0.000000e+00
0.000000e+00
0.000000e+00
0.000000e+00
0.000000e+00
0.000000e+00
0.000000e+00
0.000000e+00
0.000000e+00
0.000000e+00
0.000000e+00
0.000000e+00
0.000000e+00
0.000000e+00
0.000000e+00
0.000000e+00
0.000000e+00
0.000000e+00
0.000000e+00
0.000000e+00
0.000000e+00
0.000000e+00
0.000000e+00
0.000000e+00
0.000000e+00
0.000000e+00
0.000000e+00
0.000000e+00
0.000000e+00
0.000000e+00
0.000000e+00
0.000000e+00
0.000000e+00
0.000000e+00
0.000000e+00
0.000000e+00
0.000000e+00
0.000000e+00
0.000000e+00
0.000000e+00
0.000000e+00
0.000000e+00
0.000000e+00
0.000000e+00
0.000000e+00
0.000000e+00
0.000000e+00
0.000000e+00
0.000000e+00
0.000000e+00
0.000000e+00
0.000000e+00
0.000000e+00
0.000000e+00
0.000000e+00
0.000000e+00
0.000000e+00
0.000000e+00
0.000000e+00
0.000000e+00
0.000000e+00
0.000000e+00
5.094513e-01
4.930160e-01
4.691411e-01
4.387114e-01
4.028231e-01
3.627229e-01
3.197409e-01
2.752108e-01
2.304091e-01
1.864815e-01
1.443963e-01
1.049002e-01
6.848948e-02
3.541587e-02
5.672601e-03
-2.097284e-02
-4.493875e-02
-6.679970e-02
-8.723255e-02
-1.069585e-01
-1.266994e-01
-1.471245e-01
-1.688193e-01
-1.922377e-01
-2.176871e-01
-2.453093e-01
-2.750659e-01
-3.067517e-01
-3.399847e-01
-3.742195e-01
-4.087677e-01
-4.428033e-01
-4.753833e-01
-5.054685e-01
-5.319389e-01
-5.536190e-01
-5.693053e-01
-5.777950e-01
-5.779188e-01
-5.685892e-01
-5.488433e-01
-5.178889e-01
-4.751701e-01
-4.204133e-01
-3.536764e-01
-2.754064e-01
-1.864676e-01
-8.814783e-02
1.781047e-02
1.292519e-01
2.436451e-01
3.581381e-01
4.696579e-01
5.750105e-01
6.710030e-01
7.545798e-01
8.229492e-01
8.737287e-01
9.050491e-01
9.156553e-01
9.049966e-01
8.732332e-01
8.212806e-01
7.507530e-01
6.639031e-01
5.635202e-01
4.528102e-01
3.352354e-01
2.143582e-01
9.367380e-02
-2.354658e-02
-1.343903e-01
-2.364341e-01
-3.278177e-01
-4.072954e-01
-4.742481e-01
-5.286481e-01
-5.710032e-01
-6.022527e-01
-6.236577e-01
-6.366549e-01
-6.427401e-01
-6.433168e-01
-6.395900e-01
-6.324716e-01
-6.225123e-01
-6.098790e-01
-5.943523e-01
-5.753739e-01
-5.521114e-01
-5.235651e-01
-4.886714e-01
-4.464444e-01
-3.960715e-01
-3.370666e-01
-2.693230e-01
-1.932164e-01
-1.096163e-01
-1.990478e-02
7.406870e-02
1.700472e-01
2.654818e-01
3.576307e-01
4.437176e-01
5.210699e-01
5.872603e-01
6.402408e-01
6.784549e-01
7.009231e-01
7.072906e-01
6.978521e-01
6.735270e-01
6.358099e-01
5.866854e-01
5.285220e-01
4.639391e-01
3.956763e-01
3.264454e-01
2.588053e-01
1.950315e-01
1.370225e-01
8.621892e-02
4.355835e-02
9.454545e-03
-1.618808e-02
-3.394437e-02
-4.480262e-02
-5.007549e-02
-5.132692e-02
-5.024759e-02
-4.856121e-02
-4.793294e-02
-4.985721e-02
-5.560261e-02
-6.612203e-02
-8.203191e-02
-1.035736e-01
-1.306038e-01
-1.626048e-01
-1.987199e-01
-2.377801e-01
-2.783639e-01
-3.188589e-01
-3.575223e-01
-3.925565e-01
-4.221857e-01
-4.447215e-01
-4.586313e-01
-4.626082e-01
-4.556247e-01
-4.369787e-01
-4.063448e-01
-3.637878e-01
-3.097889e-01
-2.452505e-01
-1.714677e-01
-9.012848e-02
-3.239909e-03
8.689471e-02
1.777763e-01
2.667719e-01
3.512071e-01
4.284745e-01
4.961152e-01
5.519246e-01
5.940439e-01
6.210293e-01
6.319237e-01
6.262939e-01
6.042640e-01
5.664908e-01
5.141633e-01
4.489338e-01
3.728511e-01
2.882804e-01
1.977691e-01
1.039698e-01
9.488106e-03
-8.320253e-02
-1.718809e-01
-2.546589e-01
-3.300397e-01
-3.969757e-01
-4.548650e-01
-5.035514e-01
-5.432755e-01
-5.746056e-01
-5.983802e-01
-6.155759e-01
-6.272381e-01
-6.343504e-01
-6.377664e-01
-6.381037e-01
-6.357011e-01
-6.305740e-01
-6.224122e-01
-6.105871e-01
-5.942178e-01
-5.722183e-01
-5.434067e-01
-5.066075e-01
-4.607463e-01
-4.049842e-01
-3.388037e-01
-2.620936e-01
-1.752174e-01
-7.904926e-02
2.502479e-02
1.351297e-01
2.489756e-01
3.639053e-01
4.770618e-01
5.854521e-01
6.861297e-01
7.763277e-01
8.535566e-01
9.157755e-01
9.614477e-01
9.896264e-01
1.000000e+00
9.928918e-01
9.692300e-01
9.305012e-01
8.786637e-01
8.160405e-01
7.451848e-01
6.687791e-01
5.894799e-01
5.098089e-01
4.320323e-01
3.580877e-01
2.895117e-01
2.273810e-01
1.723332e-01
1.245565e-01
8.383849e-02
4.962004e-02
2.106618e-02
-2.849256e-03
-2.325714e-02
-4.132058e-02
-5.814145e-02
-7.471477e-02
-9.186319e-02
-1.102300e-01
-1.302266e-01
-1.520720e-01
-1.757839e-01
-2.012099e-01
-2.280712e-01
-2.559871e-01
-2.845243e-01
-3.132253e-01
-3.416309e-01
-3.693111e-01
-3.958604e-01
-4.209078e-01
-4.440965e-01
-4.650743e-01
-4.834739e-01
-4.988784e-01
-5.108216e-01
-5.187537e-01
-5.220534e-01
-5.200223e-01
-5.119027e-01
-4.969103e-01
-4.742770e-01
-4.432886e-01
-4.033501e-01
-3.540457e-01
-2.951881e-01
-2.268627e-01
-1.495025e-01
-6.386726e-02
2.890500e-02
1.273260e-01
2.295714e-01
3.335474e-01
4.369249e-01
5.372382e-01
6.319737e-01
7.186492e-01
7.949347e-01
8.587287e-01
9.082516e-01
9.421170e-01
9.593962e-01
9.596378e-01
9.429050e-01
9.097557e-01
8.612203e-01
7.987519e-01
7.241715e-01
6.395833e-01
5.472874e-01
4.497183e-01
3.492839e-01
2.483919e-01
1.492506e-01
5.389600e-02
-3.591159e-02
-1.187105e-01
-1.933571e-01
-2.590393e-01
-3.152674e-01
-3.618493e-01
-3.988707e-01
-4.266605e-01
-4.457200e-01
-4.567308e-01
-4.604681e-01
-4.577763e-01
-4.495444e-01
-4.366537e-01
-4.199746e-01
-4.003335e-01
-3.785149e-01
-3.552369e-01
-3.311695e-01
-3.069072e-01
-2.829971e-01
-2.599172e-01
-2.380949e-01
-2.178933e-01
-1.996086e-01
-1.834793e-01
-1.696685e-01
-1.582488e-01
-1.492292e-01
-1.425052e-01
-1.378895e-01
-1.351048e-01
-1.337680e-01
-1.334264e-01
-1.335545e-01
-1.335725e-01
-1.328777e-01
-1.308575e-01
-1.269310e-01
-1.205769e-01
-1.113528e-01
-9.893789e-02
-8.314587e-02
-6.395546e-02
-4.150369e-02
-1.611183e-02
1.172785e-02
4.137325e-02
7.203838e-02
1.028353e-01
1.327968e-01
1.609335e-01
1.862569e-01
2.078453e-01
2.248653e-01
2.366343e-01
2.426283e-01
2.425330e-01
2.362409e-01
2.238748e-01
2.057711e-01
1.824775e-01
1.547243e-01
1.233980e-01
8.949798e-02
5.409522e-02
1.829053e-02
-1.683541e-02
-5.025591e-02
-8.106320e-02
-1.084730e-01
-1.318684e-01
-1.508238e-01
-1.650900e-01
-1.746283e-01
-1.795723e-01
-1.802314e-01
-1.770670e-01
-1.706520e-01
-1.616506e-01
-1.507805e-01
-1.387859e-01
-1.263926e-01
-1.142904e-01
-1.031019e-01
-9.336016e-02
-8.549569e-02
-7.982775e-02
-7.655110e-02
-7.574939e-02
-7.738597e-02
-8.133196e-02
-8.735431e-02
-9.516575e-02
-1.044049e-01
-1.146902e-01
-1.256200e-01
-1.367998e-01
-1.478643e-01
-1.584894e-01
-1.684154e-01
-1.774555e-01
-1.855082e-01
-1.925632e-01
-1.987049e-01
-2.041030e-01
-2.090086e-01
-2.137409e-01
-2.186677e-01
-2.241717e-01
-2.306360e-01
-2.384085e-01
-2.477634e-01
-2.588672e-01
-2.717638e-01
-2.863229e-01
-3.022406e-01
-3.190118e-01
-3.359330e-01
-3.521052e-01
-3.664638e-01
-3.777889e-01
-3.847772e-01
-3.860713e-01
-3.803299e-01
-3.663035e-01
-3.428907e-01
-3.092259e-01
-2.647291e-01
-2.091759e-01
-1.427312e-01
-6.599316e-02
2.001209e-02
1.138272e-01
2.135952e-01
3.171097e-01
4.218834e-01
5.252320e-01
6.243793e-01
7.165447e-01
7.990803e-01
8.695513e-01
9.258584e-01
9.663118e-01
9.897186e-01
9.954130e-01
9.833037e-01
9.538586e-01
9.080978e-01
8.475247e-01
7.740751e-01
6.900191e-01
5.978557e-01
5.002051e-01
3.996906e-01
2.988358e-01
1.999457e-01
1.050320e-01
1.574633e-02
-6.666921e-02
-1.414242e-01
-2.081353e-01
-2.668367e-01
-3.179072e-01
-3.620077e-01
-4.000005e-01
-4.328443e-01
-4.615104e-01
-4.868762e-01
-5.096670e-01
-5.303356e-01
-5.490606e-01
-5.656983e-01
-5.797577e-01
-5.904559e-01
-5.967382e-01
-5.973416e-01
-5.908981e-01
-5.760102e-01
-5.513718e-01
-5.158613e-01
-4.686458e-01
-4.092744e-01
-3.377376e-01
-2.545295e-01
-1.606569e-01
-5.764287e-02
5.250603e-02
1.673736e-01
2.841961e-01
3.999986e-01
5.116875e-01
6.161973e-01
7.106223e-01
7.923293e-01
8.590932e-01
9.091797e-01
9.414197e-01
9.552690e-01
9.508008e-01
9.287296e-01
8.903348e-01
8.374117e-01
7.721704e-01
6.971491e-01
6.150584e-01
5.286773e-01
4.407432e-01
3.538074e-01
2.701482e-01
1.917009e-01
1.199691e-01
5.602029e-02
4.579975e-04
-4.655989e-02
-8.527070e-02
-1.162630e-01
-1.404002e-01
-1.587327e-01
-1.724117e-01
-1.826132e-01
-1.904423e-01
-1.968829e-01
-2.027220e-01
-2.085321e-01
-2.146418e-01
-2.211291e-01
-2.278510e-01
-2.344650e-01
-2.404775e-01
-2.452921e-01
-2.482718e-01
-2.487910e-01
-2.463021e-01
-2.403680e-01
-2.307142e-01
-2.172500e-01
-2.000827e-01
-1.795293e-01
-1.560805e-01
-1.304097e-01
-1.033137e-01
-7.567918e-02
-4.844415e-02
-2.254296e-02
1.142109e-03
2.181526e-02
3.880904e-02
5.162888e-02
5.994077e-02
6.362016e-02
6.272447e-02
5.750343e-02
4.837264e-02
3.590022e-02
2.075419e-02
3.699203e-03
-1.446358e-02
-3.292492e-02
-5.090083e-02
-6.767229e-02
-8.261427e-02
-9.520320e-02
-1.050691e-01
-1.119639e-01
-1.157942e-01
-1.166254e-01
-1.146333e-01
-1.101403e-01
-1.035516e-01
-9.537128e-02
-8.614437e-02
-7.644599e-02
-6.685930e-02
-5.793632e-02
-5.018288e-02
-4.403152e-02
-3.983959e-02
-3.785546e-02
-3.823027e-02
-4.100994e-02
-4.612923e-02
-5.343537e-02
-6.268671e-02
-7.357127e-02
-8.572096e-02
-9.873142e-02
-1.121825e-01
-1.256475e-01
-1.387141e-01
-1.509956e-01
-1.621454e-01
-1.718618e-01
-1.798972e-01
-1.860544e-01
-1.901927e-01
-1.922329e-01
-1.921405e-01
-1.899381e-01
-1.856918e-01
-1.795146e-01
-1.715607e-01
-1.620240e-01
-1.511347e-01
-1.391517e-01
-1.263705e-01
-1.131051e-01
-9.967906e-02
-8.642675e-02
-7.367259e-02
-6.171646e-02
-5.081476e-02
-4.116563e-02
-3.288701e-02
-2.599636e-02
-2.039804e-02
-1.586879e-02
-1.205205e-02
-8.455800e-03
-4.463344e-03
6.481720e-04
7.684787e-03
1.749996e-02
3.094839e-02
4.883898e-02
7.187992e-02
1.006386e-01
1.354645e-01
1.764661e-01
2.234642e-01
2.759684e-01
3.331643e-01
3.939174e-01
4.568070e-01
5.201477e-01
5.820519e-01
6.405066e-01
6.934501e-01
7.388519e-01
7.748086e-01
7.996401e-01
8.119600e-01
8.107658e-01
7.954678e-01
7.659570e-01
7.225992e-01
6.662497e-01
5.982080e-01
5.201807e-01
4.342103e-01
3.426082e-01
2.478195e-01
1.523780e-01
0.000000e+00
0.000000e+00
0.000000e+00
0.000000e+00
0.000000e+00
0.000000e+00
0.000000e+00
0.000000e+00
0.000000e+00
0.000000e+00
0.000000e+00
0.000000e+00
0.000000e+00
0.000000e+00
0.000000e+00
0.000000e+00
0.000000e+00
0.000000e+00
0.000000e+00
0.000000e+00
0.000000e+00
0.000000e+00
0.000000e+00
0.000000e+00
0.000000e+00
0.000000e+00
0.000000e+00
0.000000e+00
0.000000e+00
0.000000e+00
0.000000e+00
0.000000e+00
0.000000e+00
0.000000e+00
0.000000e+00
0.000000e+00
0.000000e+00
0.000000e+00
0.000000e+00
0.000000e+00
0.000000e+00
0.000000e+00
0.000000e+00
0.000000e+00
0.000000e+00
0.000000e+00
0.000000e+00
0.000000e+00
0.000000e+00
0.000000e+00
0.000000e+00
0.000000e+00
0.000000e+00
0.000000e+00
0.000000e+00
0.000000e+00
0.000000e+00
0.000000e+00
0.000000e+00
0.000000e+00
0.000000e+00
0.000000e+00
0.000000e+00
0.000000e+00
0.000000e+00
0.000000e+00
0.000000e+00
0.000000e+00
0.000000e+00
0.000000e+00
0.000000e+00
0.000000e+00
0.000000e+00
0.000000e+00
0.000000e+00
0.000000e+00
0.000000e+00
0.000000e+00
0.000000e+00
0.000000e+00
0.000000e+00
0.000000e+00
0.000000e+00
0.000000e+00
0.000000e+00
0.000000e+00
0.000000e+00
0.000000e+00
0.000000e+00
0.000000e+00
0.000000e+00
0.000000e+00
0.000000e+00
0.000000e+00
0.000000e+00
0.000000e+00
0.000000e+00
0.000000e+00
0.000000e+00
0.000000e+00
0.000000e+00
0.000000e+00
0.000000e+00
0.000000e+00
0.000000e+00
0.000000e+00
0.000000e+00
0.000000e+00
0.000000e+00
0.000000e+00
0.000000e+00
0.000000e+00
0.000000e+00
0.000000e+00
0.000000e+00
0.000000e+00
0.000000e+00
0.000000e+00
0.000000e+00
0.000000e+00
0.000000e+00
4.314318e-02
3.559244e-02
2.456715e-02
1.041605e-02
-6.417778e-03
-2.541306e-02
-4.599100e-02
-6.753483e-02
-8.941975e-02
-1.110276e-01
-1.317753e-01
-1.511384e-01
-1.686633e-01
-1.839869e-01
-1.968539e-01
-2.071098e-01
-2.147161e-01
-2.197499e-01
-2.223818e-01
-2.228821e-01
-2.215955e-01
-2.189198e-01
-2.152992e-01
-2.111798e-01
-2.069990e-01
-2.031659e-01
-2.000216e-01
-1.978335e-01
-1.967712e-01
-1.968997e-01
-1.981484e-01
-2.003483e-01
-2.031847e-01
-2.062452e-01
-2.090023e-01
-2.108527e-01
-2.111174e-01
-2.090894e-01
-2.040380e-01
-1.952566e-01
-1.820943e-01
-1.639610e-01
-1.403855e-01
-1.110310e-01
-7.570515e-02
-3.439307e-02
1.273297e-02
6.531343e-02
1.227992e-01
1.844609e-01
2.493847e-01
3.165175e-01
3.846782e-01
4.525673e-01
5.188432e-01
5.821148e-01
6.410050e-01
6.941806e-01
7.403797e-01
7.784668e-01
8.074460e-01
8.265014e-01
8.350119e-01
8.325843e-01
8.190425e-01
7.944479e-01
7.591074e-01
7.135331e-01
6.584798e-01
5.948722e-01
5.238206e-01
4.465806e-01
3.645091e-01
2.790589e-01
1.917130e-01
1.039745e-01
1.731686e-02
-6.684706e-02
-1.471879e-01
-2.224987e-01
-2.917049e-01
-3.539038e-01
-4.083618e-01
-4.545316e-01
-4.920624e-01
-5.207894e-01
-5.407463e-01
-5.521416e-01
-5.553497e-01
-5.509091e-01
-5.394799e-01
-5.218467e-01
-4.988834e-01
-4.715258e-01
-4.407509e-01
-4.075601e-01
-3.729402e-01
-3.378523e-01
-3.031981e-01
-2.698065e-01
-2.384194e-01
-2.096616e-01
-1.840442e-01
-1.619437e-01
-1.435973e-01
-1.291026e-01
-1.184196e-01
-1.113570e-01
-1.076078e-01
-1.067366e-01
-1.081950e-01
-1.113509e-01
-1.154940e-01
-1.198607e-01
-1.236584e-01
-1.260914e-01
-1.263745e-01
-1.237713e-01
-1.176110e-01
-1.073097e-01
-9.239893e-02
-7.253566e-02
-4.752492e-02
-1.732570e-02
1.793937e-02
5.797582e-02
1.023266e-01
1.503744e-01
2.013491e-01
2.543560e-01
3.083810e-01
3.623210e-01
4.150137e-01
4.652740e-01
5.119008e-01
5.537329e-01
5.896892e-01
6.187625e-01
6.400896e-01
6.529535e-01
6.568190e-01
6.513442e-01
6.363887e-01
6.120479e-01
5.786055e-01
5.365893e-01
4.867093e-01
4.298714e-01
3.671484e-01
2.997417e-01
2.289808e-01
1.562543e-01
8.300015e-02
1.065549e-02
-5.936594e-02
-1.257339e-01
-1.872019e-01
-2.426692e-01
-2.911831e-01
-3.319765e-01
-3.644776e-01
-3.883215e-01
-4.033527e-01
-4.096327e-01
-4.074206e-01
-3.971723e-01
-3.795151e-01
-3.552346e-01
-3.252387e-01
-2.905363e-01
-2.522142e-01
-2.113861e-01
-1.691849e-01
-1.267202e-01
-8.504816e-02
-4.515908e-02
-7.938259e-03
2.583807e-02
5.553062e-02
8.063408e-02
1.007896e-01
1.157935e-01
1.255833e-01
1.302316e-01
1.299466e-01
1.250488e-01
1.159644e-01
1.031964e-01
8.732038e-02
6.895152e-02
4.873664e-02
2.732954e-02
5.372461e-03
-1.651185e-02
-3.774574e-02
-5.780352e-02
-7.621160e-02
-9.257779e-02
-1.065779e-01
-1.179633e-01
-1.265634e-01
-1.322837e-01
-1.351018e-01
-1.350626e-01
-1.322658e-01
-1.268751e-01
-1.190903e-01
-1.091547e-01
-9.733578e-02
-8.392905e-02
-6.923728e-02
-5.357023e-02
-3.724111e-02
-2.055505e-02
-3.806529e-03
1.272549e-02
2.877917e-02
4.411705e-02
5.852035e-02
7.179616e-02
8.377819e-02
9.432441e-02
1.033207e-01
1.106745e-01
1.163269e-01
1.202359e-01
1.223903e-01
1.227988e-01
1.214987e-01
1.185432e-01
1.140169e-01
1.080172e-01
1.006690e-01
9.210512e-02
8.248781e-02
7.198137e-02
6.077511e-02
4.905561e-02
3.702257e-02
2.487868e-02
1.282547e-02
1.052683e-03
-1.024471e-02
-2.089714e-02
-3.074433e-02
-3.965026e-02
-4.750248e-02
-5.421168e-02
-5.972436e-02
-6.400990e-02
-6.707920e-02
-6.896626e-02
-6.975132e-02
-6.952575e-02
-6.842626e-02
-6.660109e-02
-6.423184e-02
-6.150169e-02
-5.861579e-02
-5.578068e-02
-5.319380e-02
-5.105850e-02
-4.955208e-02
-4.883525e-02
-4.904450e-02
-5.028296e-02
-5.262296e-02
-5.609670e-02
-6.069373e-02
-6.636781e-02
-7.303168e-02
-8.055609e-02
-8.877841e-02
-9.750411e-02
-1.065116e-01
-1.155589e-01
-1.243861e-01
-1.327332e-01
-1.403362e-01
-1.469399e-01
-1.523059e-01
-1.562209e-01
-1.584958e-01
-1.589817e-01
-1.575693e-01
-1.541913e-01
-1.488273e-01
-1.415031e-01
-1.322938e-01
-1.213176e-01
-1.087298e-01
-9.473530e-02
-7.955657e-02
-6.345522e-02
-4.670245e-02
-2.958940e-02
-1.240675e-02
4.557359e-03
2.101819e-02
3.671868e-02
5.141204e-02
6.488570e-02
7.695603e-02
8.747658e-02
9.633360e-02
1.034533e-01
1.087958e-01
1.123614e-01
1.141726e-01
1.142993e-01
1.128201e-01
1.098463e-01
1.054992e-01
9.991915e-02
9.325191e-02
8.564407e-02
7.724757e-02
6.820347e-02
5.865053e-02
4.871669e-02
3.851902e-02
2.816062e-02
1.773744e-02
7.321745e-03
-3.010697e-03
-1.320746e-02
-2.321906e-02
-3.300277e-02
-4.252159e-02
-5.174541e-02
-6.064193e-02
-6.917641e-02
-7.731586e-02
-8.502252e-02
-9.225106e-02
-9.895686e-02
-1.050843e-01
-1.105731e-01
-1.153633e-01
-1.193825e-01
-1.225597e-01
-1.248229e-01
-1.260994e-01
-1.263192e-01
-1.254161e-01
-1.233321e-01
-1.200220e-01
-1.154509e-01
-1.096004e-01
-1.024741e-01
-9.409748e-02
-8.451734e-02
-7.381379e-02
-6.209576e-02
-4.949688e-02
-3.619681e-02
-2.239178e-02
-8.321156e-03
5.748670e-03
1.952889e-02
3.270211e-02
4.493827e-02
5.589289e-02
6.522819e-02
7.259936e-02
7.768776e-02
8.020618e-02
7.988971e-02
7.653862e-02
7.000534e-02
6.021426e-02
4.716674e-02
3.095901e-02
1.176791e-02
-1.012467e-02
-3.434875e-02
-6.043370e-02
-8.782309e-02
-1.158848e-01
-1.439162e-01
-1.711585e-01
-1.968180e-01
-2.200982e-01
-2.401886e-01
-2.563229e-01
-2.677810e-01
-2.739232e-01
-2.742039e-01
-2.682013e-01
-2.556328e-01
-2.363633e-01
-2.104310e-01
-1.780350e-01
-1.395603e-01
-9.555097e-02
-4.672603e-02
6.058910e-03
6.181046e-02
1.194209e-01
1.777102e-01
2.354426e-01
2.913601e-01
3.442158e-01
3.928113e-01
4.360238e-01
4.728479e-01
5.024022e-01
5.239775e-01
5.370496e-01
5.412795e-01
5.365475e-01
5.229352e-01
5.007371e-01
4.704476e-01
4.327406e-01
3.884614e-01
3.385950e-01
2.842385e-01
2.265761e-01
1.668419e-01
1.062827e-01
4.613548e-02
-1.241355e-02
-6.825736e-02
-1.203924e-01
-1.679435e-01
-2.101834e-01
-2.465410e-01
-2.766216e-01
-3.001971e-01
-3.172103e-01
-3.277691e-01
-3.321296e-01
-3.306932e-01
-3.239643e-01
-3.125568e-01
-2.971544e-01
-2.784784e-01
-2.572914e-01
-2.343456e-01
-2.103772e-01
-1.860763e-01
-1.620777e-01
-1.389475e-01
-1.171572e-01
-9.710081e-02
-7.906134e-02
-6.324286e-02
-4.974648e-02
-3.858714e-02
-2.970264e-02
-2.296397e-02
-1.817945e-02
-1.511152e-02
-1.349548e-02
-1.303947e-02
-1.344697e-02
-1.441486e-02
-1.565571e-02
-1.689928e-02
-1.788474e-02
-1.839063e-02
-1.821346e-02
-1.716837e-02
-1.510562e-02
-1.188353e-02
-7.380122e-03
-1.477975e-03
5.934224e-03
1.496416e-02
2.572654e-02
3.834741e-02
5.295474e-02
6.968932e-02
8.869407e-02
1.101148e-01
1.340904e-01
1.607584e-01
1.902194e-01
2.225538e-01
2.578007e-01
2.959360e-01
3.368879e-01
3.804954e-01
4.265273e-01
4.746537e-01
5.244663e-01
5.754516e-01
6.270088e-01
6.784469e-01
7.290020e-01
7.778467e-01
8.240976e-01
8.668389e-01
9.051476e-01
9.381108e-01
9.648505e-01
9.845544e-01
9.964671e-01
1.000000e+00
9.946272e-01
9.800213e-01
9.559784e-01
9.225038e-01
8.797698e-01
8.281329e-01
7.681462e-01
7.005042e-01
6.261083e-01
5.459670e-01
4.612282e-01
3.731396e-01
2.829980e-01
1.921601e-01
1.019840e-01
