
1.001813e+00
1.001813e+00
1.001813e+00
1.001813e+00
1.001813e+00
1.001813e+00
1.001813e+00
1.001813e+00
1.001813e+00
1.001813e+00
1.001813e+00
1.001813e+00
1.001813e+00
1.001813e+00
1.001813e+00
1.001813e+00
1.001813e+00
1.001813e+00
1.001813e+00
1.001813e+00
1.001813e+00
1.001813e+00
1.001656e+00
1.001617e+00
1.001548e+00
1.001479e+00
1.000577e+00
1.000394e+00
1.000306e+00
1.000250e+00
1.000188e+00
1.000174e+00
1.000139e+00
1.000136e+00
1.000112e+00
1.000113e+00
1.000089e+00
1.000083e+00
1.000063e+00
1.000054e+00
1.000050e+00
1.000035e+00
1.000036e+00
1.000027e+00
1.000028e+00
1.000023e+00
1.000027e+00
1.000025e+00
1.000027e+00
1.000037e+00
1.000033e+00
1.000040e+00
1.000045e+00
1.000051e+00
1.000055e+00
1.000062e+00
1.000067e+00
1.000073e+00
1.000081e+00
1.000081e+00
1.000102e+00
1.000122e+00
1.000137e+00
1.000178e+00
1.000214e+00
1.000246e+00
1.000311e+00
1.000353e+00
1.000451e+00
1.000524e+00
1.000617e+00
1.000691e+00
1.000801e+00
1.000955e+00
1.001100e+00
1.001227e+00
1.001285e+00
1.001312e+00
1.001327e+00
1.001355e+00
1.001410e+00
1.001463e+00
1.001462e+00
1.001466e+00
1.001445e+00
1.000817e+00
1.000731e+00
1.000730e+00
1.000726e+00
1.000712e+00
1.000721e+00
1.000752e+00
1.000626e+00
1.000577e+00
1.000456e+00
1.000423e+00
1.000345e+00
1.000340e+00
1.000261e+00
1.000259e+00
1.000207e+00
1.000203e+00
1.000169e+00
1.000169e+00
1.000149e+00
1.000148e+00
1.000133e+00
1.000131e+00
1.000130e+00
1.000119e+00
1.000134e+00
1.000116e+00
1.000134e+00
1.000119e+00
1.000134e+00
1.000110e+00
1.000129e+00
1.000102e+00
1.000107e+00
1.000105e+00
1.000098e+00
1.000108e+00
1.000097e+00
1.000108e+00
1.000093e+00
1.000112e+00
1.000089e+00
1.000110e+00
1.000104e+00
1.000117e+00
1.000129e+00
1.000125e+00
1.000135e+00
1.000124e+00
1.000124e+00
1.000102e+00
1.000116e+00
1.000109e+00
1.000105e+00
1.000117e+00
1.000109e+00
1.000127e+00
1.000106e+00
1.000128e+00
1.000109e+00
1.000126e+00
1.000108e+00
1.000119e+00
1.000119e+00
1.000107e+00
1.000118e+00
1.000100e+00
1.000118e+00
1.000099e+00
1.000121e+00
1.000104e+00
1.000121e+00
1.000117e+00
1.000117e+00
1.000131e+00
1.000122e+00
1.000145e+00
1.000143e+00
1.000168e+00
1.000165e+00
1.000213e+00
1.000219e+00
1.000254e+00
1.000300e+00
1.000330e+00
1.000394e+00
1.000403e+00
1.000431e+00
1.000494e+00
1.000518e+00
1.000586e+00
1.000580e+00
1.000607e+00
1.000686e+00
1.000714e+00
1.000742e+00
1.000834e+00
1.000914e+00
1.000955e+00
1.001073e+00
1.001215e+00
1.001239e+00
1.001085e+00
1.001081e+00
1.001066e+00
1.001041e+00
1.001011e+00
1.000980e+00
1.000949e+00
1.000913e+00
1.000844e+00
1.000774e+00
1.000659e+00
1.000569e+00
1.000529e+00
1.000449e+00
1.000416e+00
1.000395e+00
1.000384e+00
1.000379e+00
1.000396e+00
1.000402e+00
1.000416e+00
1.000431e+00
1.000444e+00
1.000464e+00
1.000499e+00
1.000533e+00
1.000551e+00
1.000540e+00
1.000497e+00
1.000421e+00
1.000373e+00
1.000311e+00
1.000281e+00
1.000254e+00
1.000233e+00
1.000227e+00
1.000233e+00
1.000240e+00
1.000247e+00
1.000257e+00
1.000258e+00
1.000251e+00
1.000251e+00
1.000234e+00
1.000237e+00
1.000223e+00
1.000206e+00
1.000205e+00
1.000187e+00
1.000189e+00
1.000194e+00
1.000205e+00
1.000204e+00
1.000224e+00
1.000229e+00
1.000224e+00
1.000224e+00
1.000220e+00
1.000221e+00
1.000220e+00
1.000212e+00
1.000221e+00
1.000216e+00
1.000221e+00
1.000218e+00
1.000208e+00
1.000201e+00
1.000186e+00
1.000178e+00
1.000164e+00
1.000147e+00
1.000148e+00
1.000134e+00
1.000137e+00
1.000133e+00
1.000147e+00
1.000148e+00
1.000153e+00
1.000154e+00
1.000150e+00
1.000154e+00
1.000152e+00
1.000150e+00
1.000158e+00
1.000157e+00
1.000163e+00
1.000160e+00
1.000172e+00
1.000177e+00
1.000199e+00
1.000200e+00
1.000206e+00
1.000218e+00
1.000216e+00
1.000216e+00
1.000219e+00
1.000223e+00
1.000222e+00
1.000220e+00
1.000220e+00
1.000219e+00
1.000222e+00
1.000221e+00
1.000215e+00
1.000203e+00
1.000203e+00
1.000198e+00
1.000182e+00
1.000179e+00
1.000170e+00
1.000166e+00
1.000161e+00
1.000160e+00
1.000164e+00
1.000156e+00
1.000160e+00
1.000145e+00
1.000155e+00
1.000145e+00
1.000146e+00
1.000152e+00
1.000160e+00
1.000170e+00
1.000161e+00
1.000172e+00
1.000157e+00
1.000143e+00
1.000145e+00
1.000124e+00
1.000140e+00
1.000125e+00
1.000139e+00
1.000125e+00
1.000142e+00
1.000128e+00
1.000135e+00
1.000142e+00
1.000139e+00
1.000164e+00
1.000171e+00
1.000195e+00
1.000202e+00
1.000249e+00
1.000254e+00
1.000304e+00
1.000354e+00
1.000400e+00
1.000490e+00
1.000519e+00
1.000584e+00
1.000687e+00
1.000734e+00
1.000783e+00
1.000911e+00
1.001031e+00
1.001222e+00
1.001356e+00
1.001373e+00
1.000706e+00
1.000659e+00
1.000584e+00
1.000562e+00
1.000497e+00
1.000399e+00
1.000348e+00
1.000242e+00
1.000225e+00
1.000162e+00
1.000153e+00
1.000125e+00
1.000133e+00
1.000123e+00
1.000137e+00
1.000139e+00
1.000141e+00
1.000146e+00
1.000140e+00
1.000139e+00
1.000143e+00
1.000155e+00
1.000155e+00
1.000174e+00
1.000190e+00
1.000187e+00
1.000211e+00
1.000221e+00
1.000233e+00
1.000245e+00
1.000257e+00
1.000283e+00
1.000286e+00
1.000303e+00
1.000337e+00
1.000342e+00
1.000347e+00
1.000382e+00
1.000366e+00
1.000383e+00
1.000399e+00
1.000385e+00
1.000383e+00
1.000413e+00
1.000430e+00
1.000425e+00
1.000455e+00
1.000471e+00
1.000478e+00
1.000480e+00
1.000492e+00
1.000504e+00
1.000510e+00
1.000513e+00
1.000518e+00
1.000614e+00
1.000703e+00
1.000696e+00
1.000709e+00
1.000715e+00
1.000723e+00
1.000735e+00
1.000901e+00
1.000978e+00
1.001011e+00
1.001197e+00
1.001241e+00
1.001354e+00
1.001445e+00
1.001485e+00
1.001505e+00
1.001508e+00
1.001542e+00
1.001560e+00
1.001586e+00
1.001562e+00
1.001048e+00
1.001025e+00
1.001021e+00
1.001020e+00
1.001018e+00
1.001019e+00
1.001001e+00
1.000986e+00
1.000980e+00
1.000975e+00
1.001012e+00
1.001043e+00
1.001062e+00
1.001069e+00
1.001079e+00
1.001139e+00
1.001184e+00
1.001246e+00
1.001330e+00
1.001409e+00
1.001472e+00
1.001493e+00
1.001512e+00
1.001467e+00
1.001481e+00
1.001477e+00
1.001471e+00
1.001476e+00
1.001533e+00
1.001473e+00
1.001480e+00
1.001484e+00
1.001493e+00
1.001506e+00
1.001553e+00
1.001535e+00
1.001530e+00
1.001527e+00
1.001509e+00
1.001530e+00
1.001536e+00
1.001518e+00
1.001453e+00
1.001441e+00
1.001427e+00
1.001387e+00
1.001378e+00
1.001368e+00
1.001369e+00
1.001361e+00
1.001382e+00
1.001385e+00
1.001423e+00
1.001421e+00
1.001451e+00
1.001450e+00
1.001461e+00
1.001419e+00
1.001428e+00
1.001412e+00
1.001410e+00
1.001400e+00
1.001411e+00
1.001407e+00
1.001367e+00
1.001374e+00
1.001368e+00
1.001343e+00
1.001339e+00
1.001366e+00
1.001361e+00
1.001357e+00
1.001392e+00
1.001401e+00
1.001415e+00
1.001415e+00
1.001445e+00
1.001472e+00
1.001486e+00
1.001477e+00
1.001497e+00
1.001493e+00
1.001489e+00
1.001485e+00
1.001483e+00
1.001489e+00
1.001519e+00
1.001507e+00
1.001513e+00
1.001510e+00
1.001513e+00
1.001513e+00
1.001531e+00
1.001537e+00
1.001594e+00
1.001516e+00
1.001516e+00
1.001476e+00
1.001467e+00
1.001451e+00
1.001481e+00
1.001480e+00
1.001505e+00
1.001519e+00
1.001536e+00
1.001520e+00
1.001513e+00
1.001536e+00
1.001536e+00
1.001531e+00
1.001566e+00
1.001577e+00
1.001554e+00
1.001553e+00
1.001508e+00
1.001482e+00
1.001480e+00
1.001429e+00
1.001403e+00
1.001423e+00
1.001437e+00
1.001425e+00
1.001477e+00
1.001481e+00
1.001457e+00
1.001441e+00
1.001450e+00
1.001452e+00
1.001456e+00
1.001469e+00
1.001476e+00
1.001444e+00
1.001355e+00
1.001241e+00
1.001149e+00
1.001092e+00
1.001013e+00
1.000931e+00
1.000830e+00
1.000720e+00
1.000579e+00
1.000541e+00
1.000451e+00
1.000432e+00
1.000399e+00
1.000396e+00
1.000374e+00
1.000398e+00
1.000401e+00
1.000408e+00
1.000419e+00
1.000438e+00
1.000445e+00
1.000452e+00
1.000473e+00
1.000475e+00
1.000497e+00
1.000495e+00
1.000504e+00
1.000520e+00
1.000526e+00
1.000555e+00
1.000555e+00
1.000562e+00
1.000589e+00
1.000601e+00
1.000622e+00
1.000642e+00
1.000648e+00
1.000592e+00
1.000537e+00
1.000447e+00
1.000365e+00
1.000289e+00
1.000215e+00
1.000164e+00
1.000117e+00
1.000086e+00
1.000059e+00
1.000039e+00
1.000029e+00
1.000015e+00
1.000017e+00
1.000009e+00
1.000020e+00
1.000012e+00
1.000032e+00
1.000020e+00
1.000042e+00
1.000030e+00
1.000053e+00
1.000045e+00
1.000073e+00
1.000069e+00
1.000106e+00
1.000111e+00
1.000160e+00
1.000181e+00
1.000250e+00
1.000268e+00
1.000345e+00
1.000341e+00
1.000347e+00
1.000359e+00
1.000368e+00
1.000364e+00
1.000363e+00
1.000360e+00
1.000323e+00
1.000305e+00
1.000301e+00
1.000305e+00
1.000301e+00
1.000311e+00
1.000329e+00
1.000324e+00
1.000318e+00
1.000324e+00
1.000337e+00
1.000336e+00
1.000356e+00
1.000372e+00
1.000388e+00
1.000418e+00
1.000446e+00
1.000470e+00
1.000405e+00
1.000282e+00
1.000207e+00
1.000145e+00
1.000120e+00
1.000085e+00
1.000087e+00
1.000076e+00
1.000091e+00
1.000090e+00
1.000119e+00
1.000118e+00
1.000143e+00
1.000143e+00
1.000142e+00
1.000137e+00
1.000117e+00
1.000117e+00
1.000098e+00
1.000106e+00
1.000088e+00
1.000101e+00
1.000080e+00
1.000099e+00
1.000080e+00
1.000094e+00
1.000085e+00
1.000097e+00
1.000091e+00
1.000100e+00
1.000106e+00
1.000106e+00
1.000121e+00
1.000109e+00
1.000131e+00
1.000114e+00
1.000122e+00
1.000115e+00
1.000124e+00
1.000120e+00
1.000123e+00
1.000133e+00
1.000118e+00
1.000124e+00
1.000111e+00
1.000117e+00
1.000115e+00
1.000141e+00
1.000162e+00
1.000209e+00
1.000264e+00
1.000299e+00
1.000343e+00
1.000362e+00
1.000361e+00
1.000367e+00
1.000463e+00
1.000557e+00
1.000618e+00
1.000713e+00
1.000808e+00
1.000918e+00
1.001010e+00
1.001036e+00
1.001043e+00
1.001078e+00
1.001173e+00
1.001256e+00
1.001325e+00
1.001377e+00
1.001407e+00
1.001425e+00
1.001439e+00
1.000845e+00
1.000820e+00
1.000810e+00
1.000809e+00
1.000808e+00
1.000919e+00
1.000969e+00
1.000842e+00
1.000782e+00
1.000723e+00
1.000597e+00
1.000380e+00
1.000317e+00
1.000280e+00
1.000235e+00
1.000218e+00
1.000198e+00
1.000190e+00
1.000162e+00
1.000154e+00
1.000149e+00
1.000162e+00
1.000161e+00
1.000192e+00
1.000212e+00
1.000226e+00
1.000233e+00
1.000258e+00
1.000270e+00
1.000311e+00
1.000341e+00
1.000362e+00
1.000377e+00
1.000369e+00
1.000349e+00
1.000329e+00
1.000289e+00
1.000266e+00
1.000255e+00
1.000248e+00
1.000241e+00
1.000258e+00
1.000279e+00
1.000280e+00
1.000261e+00
1.000271e+00
1.000272e+00
1.000273e+00
1.000289e+00
1.000344e+00
1.000366e+00
1.000392e+00
1.000429e+00
1.000466e+00
1.000491e+00
1.000365e+00
1.000299e+00
1.000217e+00
1.000172e+00
1.000150e+00
1.000129e+00
1.000109e+00
1.000107e+00
1.000095e+00
1.000093e+00
1.000084e+00
1.000095e+00
1.000085e+00
1.000101e+00
1.000088e+00
1.000103e+00
1.000094e+00
1.000115e+00
1.000116e+00
1.000130e+00
1.000145e+00
1.000156e+00
1.000171e+00
1.000190e+00
1.000226e+00
1.000238e+00
1.000275e+00
1.000278e+00
1.000292e+00
1.000291e+00
1.000295e+00
1.000300e+00
1.000278e+00
1.000271e+00
1.000248e+00
1.000219e+00
1.000204e+00
1.000165e+00
1.000166e+00
1.000141e+00
1.000124e+00
1.000127e+00
1.000113e+00
1.000103e+00
1.000107e+00
1.000111e+00
1.000116e+00
1.000128e+00
1.000132e+00
1.000157e+00
1.000148e+00
1.000145e+00
1.000153e+00
1.000143e+00
1.000142e+00
1.000147e+00
1.000143e+00
1.000149e+00
1.000165e+00
1.000169e+00
1.000185e+00
1.000200e+00
1.000227e+00
1.000241e+00
1.000251e+00
1.000312e+00
1.000338e+00
1.000393e+00
1.000465e+00
1.000494e+00
1.000538e+00
1.000570e+00
1.000632e+00
1.000732e+00
1.000773e+00
1.000873e+00
1.000967e+00
1.001073e+00
1.001124e+00
1.001157e+00
1.001257e+00
1.001360e+00
1.001425e+00
1.000786e+00
1.000671e+00
1.000610e+00
1.000557e+00
1.000433e+00
1.000336e+00
1.000245e+00
1.000221e+00
1.000188e+00
1.000172e+00
1.000170e+00
1.000164e+00
1.000171e+00
1.000158e+00
1.000164e+00
1.000158e+00
1.000168e+00
1.000164e+00
1.000173e+00
1.000180e+00
1.000195e+00
1.000223e+00
1.000240e+00
1.000323e+00
1.000355e+00
1.000434e+00
1.000562e+00
1.000582e+00
1.000658e+00
1.000826e+00
1.000871e+00
1.001005e+00
1.001117e+00
1.001109e+00
1.001163e+00
1.001170e+00
1.001179e+00
1.001223e+00
1.000642e+00
1.000610e+00
1.000544e+00
1.000533e+00
1.000524e+00
1.000558e+00
1.000572e+00
1.000660e+00
1.000660e+00
1.000679e+00
1.000661e+00
1.000659e+00
1.000654e+00
1.000679e+00
1.000686e+00
1.000694e+00
1.000692e+00
1.000705e+00
1.000700e+00
1.000686e+00
1.000681e+00
1.000671e+00
1.000658e+00
1.000626e+00
1.000508e+00
1.000462e+00
1.000328e+00
1.000309e+00
1.000231e+00
1.000221e+00
1.000179e+00
1.000180e+00
1.000158e+00
1.000160e+00
1.000147e+00
1.000149e+00
1.000146e+00
1.000141e+00
1.000153e+00
1.000154e+00
1.000184e+00
1.000204e+00
1.000266e+00
1.000300e+00
1.000465e+00
1.000474e+00
1.000532e+00
1.000613e+00
1.000639e+00
1.000773e+00
1.000829e+00
1.000896e+00
1.001005e+00
1.001120e+00
1.001142e+00
1.001255e+00
1.001285e+00
1.001288e+00
1.001361e+00
1.001344e+00
1.001356e+00
1.001359e+00
1.000846e+00
1.000633e+00
1.000520e+00
1.000469e+00
1.000312e+00
1.000232e+00
1.000172e+00
1.000154e+00
1.000124e+00
1.000129e+00
1.000124e+00
1.000151e+00
1.000136e+00
1.000163e+00
1.000152e+00
1.000164e+00
1.000162e+00
1.000172e+00
1.000170e+00
1.000168e+00
1.000185e+00
1.000186e+00
1.000201e+00
1.000205e+00
1.000228e+00
1.000240e+00
1.000249e+00
1.000277e+00
1.000292e+00
1.000314e+00
1.000310e+00
1.000322e+00
1.000333e+00
1.000341e+00
1.000369e+00
1.000388e+00
1.000395e+00
1.000474e+00
1.000482e+00
1.000484e+00
1.000535e+00
1.000543e+00
1.000538e+00
1.000595e+00
1.000620e+00
1.000644e+00
1.000702e+00
1.000787e+00
1.000767e+00
1.000746e+00
1.000741e+00
1.000738e+00
1.000774e+00
1.000834e+00
1.000966e+00
1.001060e+00
1.001189e+00
1.001319e+00
1.001404e+00
1.001006e+00
1.000922e+00
1.000888e+00
1.000860e+00
1.000855e+00
1.000872e+00
1.000908e+00
1.000949e+00
1.001024e+00
1.001045e+00
1.001079e+00
1.001096e+00
1.001090e+00
1.001103e+00
1.001130e+00
1.001141e+00
1.001182e+00
1.001242e+00
1.001288e+00
1.001312e+00
1.001371e+00
1.001402e+00
1.001449e+00
1.001448e+00
1.001432e+00
1.001454e+00
1.001461e+00
1.001429e+00
1.001421e+00
1.001415e+00
1.001412e+00
1.001416e+00
1.001434e+00
1.001395e+00
1.001387e+00
1.001390e+00
1.001393e+00
1.001392e+00
1.001414e+00
1.001387e+00
1.001379e+00
1.001374e+00
1.001383e+00
1.001357e+00
1.001386e+00
1.001384e+00
1.001365e+00
1.001368e+00
1.001397e+00
1.001410e+00
1.001430e+00
1.001489e+00
1.001470e+00
1.001498e+00
1.001480e+00
1.001471e+00
1.001447e+00
1.001416e+00
1.001427e+00
1.001406e+00
1.001402e+00
1.001412e+00
1.001456e+00
1.001444e+00
1.001505e+00
1.001520e+00
1.001460e+00
1.001453e+00
1.001450e+00
1.001439e+00
1.001427e+00
1.001465e+00
1.001470e+00
1.001482e+00
1.001500e+00
1.001541e+00
1.001577e+00
1.001556e+00
1.001534e+00
1.001540e+00
1.001526e+00
1.001523e+00
1.001521e+00
1.001538e+00
1.001490e+00
1.001466e+00
1.001435e+00
1.001421e+00
1.001365e+00
1.001369e+00
1.001369e+00
1.001385e+00
1.001397e+00
1.001485e+00
1.001457e+00
1.001471e+00
1.001442e+00
1.001436e+00
1.001372e+00
1.001372e+00
1.001370e+00
1.001380e+00
1.001384e+00
1.001461e+00
1.001485e+00
1.001466e+00
1.001408e+00
1.001408e+00
1.001407e+00
1.001404e+00
1.001422e+00
1.001487e+00
1.001462e+00
1.001450e+00
1.001461e+00
1.001451e+00
1.001448e+00
1.001463e+00
1.001474e+00
1.001495e+00
1.001511e+00
1.001531e+00
1.001538e+00
1.001516e+00
1.001488e+00
1.001479e+00
1.001477e+00
1.001419e+00
1.001435e+00
1.001449e+00
1.001445e+00
1.001443e+00
1.001533e+00
1.001532e+00
1.001436e+00
1.000965e+00
1.000721e+00
1.000589e+00
1.000541e+00
1.000443e+00
1.000409e+00
1.000366e+00
1.000343e+00
1.000298e+00
1.000292e+00
1.000271e+00
1.000277e+00
1.000279e+00
1.000300e+00
1.000320e+00
1.000350e+00
1.000365e+00
1.000390e+00
1.000412e+00
1.000418e+00
1.000446e+00
1.000453e+00
1.000465e+00
1.000492e+00
1.000498e+00
1.000546e+00
1.000546e+00
1.000554e+00
1.000594e+00
1.000567e+00
1.000540e+00
1.000509e+00
1.000479e+00
1.000466e+00
1.000448e+00
1.000435e+00
1.000420e+00
1.000396e+00
1.000358e+00
1.000305e+00
1.000252e+00
1.000208e+00
1.000162e+00
1.000139e+00
1.000110e+00
1.000103e+00
1.000077e+00
1.000083e+00
1.000057e+00
1.000068e+00
1.000045e+00
1.000063e+00
1.000048e+00
1.000074e+00
1.000063e+00
1.000102e+00
1.000100e+00
1.000135e+00
1.000148e+00
1.000190e+00
1.000200e+00
1.000242e+00
1.000278e+00
1.000302e+00
1.000351e+00
1.000357e+00
1.000361e+00
1.000372e+00
1.000375e+00
1.000373e+00
1.000361e+00
1.000365e+00
1.000361e+00
1.000360e+00
1.000366e+00
1.000380e+00
1.000378e+00
1.000382e+00
1.000394e+00
1.000382e+00
1.000381e+00
1.000393e+00
1.000403e+00
1.000408e+00
1.000426e+00
1.000452e+00
1.000463e+00
1.000479e+00
1.000508e+00
1.000534e+00
1.000462e+00
1.000286e+00
1.000266e+00
1.000182e+00
1.000171e+00
1.000128e+00
1.000140e+00
1.000111e+00
1.000136e+00
1.000120e+00
1.000140e+00
1.000135e+00
1.000140e+00
1.000139e+00
1.000132e+00
1.000141e+00
1.000130e+00
1.000142e+00
1.000138e+00
1.000140e+00
1.000141e+00
1.000146e+00
1.000158e+00
1.000163e+00
1.000204e+00
1.000209e+00
1.000250e+00
1.000278e+00
1.000321e+00
1.000345e+00
1.000415e+00
1.000456e+00
1.000501e+00
1.000531e+00
1.000560e+00
1.000648e+00
1.000724e+00
1.000792e+00
1.000780e+00
1.000779e+00
1.000785e+00
1.000788e+00
1.000791e+00
1.000894e+00
1.001041e+00
1.001142e+00
1.001203e+00
1.001274e+00
1.001337e+00
1.001362e+00
1.001359e+00
1.001357e+00
1.001387e+00
1.001400e+00
1.001337e+00
1.001346e+00
1.001340e+00
1.001365e+00
1.001368e+00
1.001472e+00
1.001476e+00
1.001485e+00
1.001477e+00
1.001402e+00
1.000838e+00
1.000780e+00
1.000766e+00
1.000733e+00
1.000691e+00
1.000682e+00
1.000631e+00
1.000549e+00
1.000426e+00
1.000356e+00
1.000344e+00
1.000279e+00
1.000273e+00
1.000230e+00
1.000229e+00
1.000191e+00
1.000192e+00
1.000185e+00
1.000163e+00
1.000166e+00
1.000133e+00
1.000135e+00
1.000090e+00
1.000100e+00
1.000060e+00
1.000062e+00
1.000053e+00
1.000049e+00
1.000050e+00
1.000028e+00
1.000036e+00
1.000013e+00
1.000026e+00
1.000001e+00
1.000026e+00
1.000001e+00
1.000012e+00
1.000006e+00
1.000028e+00
1.000031e+00
1.000062e+00
1.000066e+00
1.000078e+00
1.000070e+00
1.000082e+00
1.000083e+00
1.000111e+00
1.000134e+00
1.000190e+00
1.000237e+00
1.000351e+00
1.000512e+00
1.000624e+00
1.000674e+00
1.000735e+00
1.000862e+00
1.000952e+00
1.001031e+00
1.001062e+00
1.001098e+00
1.001248e+00
1.001270e+00
1.001310e+00
1.001330e+00
1.001365e+00
1.001379e+00
1.001426e+00
1.001425e+00
1.001439e+00
1.001455e+00
1.001436e+00
1.001411e+00
1.001415e+00
1.001418e+00
1.001413e+00
1.001429e+00
1.001458e+00
1.001440e+00
1.001447e+00
1.001447e+00
1.001447e+00
1.001457e+00
1.001542e+00
1.001478e+00
1.001479e+00
1.001472e+00
1.001440e+00
1.001404e+00
1.001407e+00
1.001405e+00
1.001410e+00
1.001419e+00
1.001438e+00
1.001433e+00
1.001444e+00
1.001436e+00
1.001447e+00
1.001413e+00
1.001433e+00
1.001437e+00
1.001395e+00
1.000948e+00
1.000744e+00
1.000643e+00
1.000601e+00
1.000349e+00
1.000287e+00
1.000194e+00
1.000181e+00
1.000142e+00
1.000148e+00
1.000125e+00
1.000154e+00
1.000141e+00
1.000152e+00
1.000146e+00
1.000146e+00
1.000142e+00
1.000127e+00
1.000137e+00
1.000127e+00
1.000132e+00
1.000131e+00
1.000134e+00
1.000132e+00
1.000132e+00
1.000142e+00
1.000143e+00
1.000154e+00
1.000157e+00
1.000171e+00
1.000180e+00
1.000185e+00
1.000213e+00
1.000231e+00
1.000256e+00
1.000291e+00
1.000320e+00
1.000373e+00
1.000356e+00
1.000369e+00
1.000385e+00
1.000372e+00
1.000384e+00
1.000394e+00
1.000377e+00
1.000386e+00
1.000394e+00
1.000378e+00
1.000377e+00
1.000377e+00
1.000378e+00
1.000371e+00
1.000348e+00
1.000352e+00
1.000345e+00
1.000319e+00
1.000319e+00
1.000315e+00
1.000303e+00
1.000290e+00
1.000247e+00
1.000226e+00
1.000197e+00
1.000184e+00
1.000171e+00
1.000171e+00
1.000168e+00
1.000151e+00
1.000146e+00
1.000123e+00
1.000121e+00
1.000099e+00
1.000110e+00
1.000100e+00
1.000107e+00
1.000103e+00
1.000111e+00
1.000113e+00
1.000108e+00
1.000122e+00
1.000114e+00
1.000129e+00
1.000112e+00
1.000136e+00
1.000114e+00
1.000136e+00
1.000114e+00
1.000138e+00
1.000125e+00
1.000135e+00
1.000135e+00
1.000136e+00
1.000134e+00
1.000125e+00
1.000135e+00
1.000131e+00
1.000140e+00
1.000142e+00
1.000152e+00
1.000156e+00
1.000163e+00
1.000178e+00
1.000184e+00
1.000204e+00
1.000222e+00
1.000231e+00
1.000250e+00
1.000260e+00
1.000298e+00
1.000292e+00
1.000314e+00
1.000362e+00
1.000385e+00
1.000418e+00
1.000508e+00
1.000548e+00
1.000603e+00
1.000718e+00
1.000723e+00
1.000810e+00
1.000875e+00
1.000976e+00
1.001074e+00
1.001159e+00
1.001207e+00
1.001306e+00
1.001384e+00
1.001426e+00
1.001453e+00
1.001474e+00
1.001502e+00
1.001489e+00
1.001499e+00
1.001484e+00
1.001463e+00
1.001448e+00
1.001462e+00
1.001457e+00
1.001479e+00
1.001497e+00
1.001502e+00
1.001514e+00
1.001506e+00
1.001450e+00
1.001449e+00
1.001478e+00
1.001477e+00
1.001487e+00
1.001575e+00
1.001506e+00
1.001478e+00
1.001477e+00
1.001451e+00
1.000723e+00
1.000667e+00
1.000572e+00
1.000559e+00
1.000545e+00
1.000560e+00
1.000572e+00
1.000658e+00
1.000686e+00
1.000740e+00
1.000755e+00
1.000780e+00
1.000808e+00
1.000852e+00
1.000865e+00
1.000879e+00
1.000880e+00
1.000875e+00
1.000889e+00
1.000960e+00
1.001013e+00
1.001071e+00
1.001165e+00
1.001203e+00
1.001290e+00
1.001407e+00
1.001407e+00
1.001402e+00
1.001371e+00
1.001347e+00
1.001342e+00
1.001346e+00
1.001333e+00
1.001365e+00
1.001407e+00
1.001416e+00
1.001411e+00
1.001443e+00
1.001438e+00
1.001436e+00
1.001435e+00
1.001460e+00
1.001474e+00
1.001450e+00
1.001476e+00
1.001457e+00
1.001442e+00
1.001430e+00
1.001451e+00
1.001454e+00
1.001492e+00
1.001531e+00
1.001518e+00
1.001471e+00
1.001455e+00
1.001424e+00
1.001414e+00
1.001429e+00
1.001455e+00
1.001470e+00
1.001515e+00
1.001525e+00
1.001508e+00
1.001525e+00
1.001507e+00
1.001519e+00
1.001517e+00
1.001523e+00
1.001523e+00
1.001530e+00
1.001515e+00
1.001493e+00
1.001415e+00
1.001383e+00
1.001374e+00
1.001374e+00
1.001380e+00
1.001437e+00
1.001309e+00
1.001302e+00
1.001305e+00
1.001307e+00
1.001306e+00
1.001432e+00
1.001480e+00
1.001464e+00
1.001434e+00
1.001388e+00
1.001397e+00
1.001387e+00
1.001382e+00
1.001398e+00
1.001441e+00
1.001466e+00
1.001483e+00
1.001513e+00
1.001523e+00
1.001523e+00
1.001538e+00
1.001538e+00
1.001514e+00
1.001507e+00
1.001484e+00
1.001486e+00
1.001448e+00
1.001433e+00
1.001422e+00
1.001428e+00
1.001418e+00
1.001441e+00
1.001466e+00
1.001479e+00
1.001493e+00
1.001504e+00
1.001514e+00
1.001520e+00
1.001500e+00
1.001499e+00
1.001447e+00
1.001441e+00
1.001396e+00
1.000601e+00
1.000528e+00
1.000515e+00
1.000495e+00
1.000490e+00
1.000524e+00
1.000577e+00
1.000582e+00
1.000616e+00
1.000610e+00
1.000590e+00
1.000593e+00
1.000595e+00
1.000584e+00
1.000578e+00
1.000579e+00
1.000569e+00
1.000564e+00
1.000551e+00
1.000551e+00
1.000547e+00
1.000533e+00
1.000378e+00
1.000340e+00
1.000265e+00
1.000257e+00
1.000200e+00
1.000206e+00
1.000188e+00
1.000154e+00
1.000151e+00
1.000113e+00
1.000110e+00
1.000070e+00
1.000083e+00
1.000058e+00
1.000061e+00
1.000058e+00
1.000053e+00
1.000054e+00
1.000035e+00
1.000049e+00
1.000018e+00
1.000033e+00
1.000018e+00
1.000024e+00
1.000024e+00
1.000018e+00
1.000027e+00
1.000004e+00
1.000022e+00
1.000000e+00
1.000028e+00
1.000003e+00
1.000039e+00
1.000014e+00
1.000034e+00
1.000015e+00
1.000026e+00
1.000014e+00
1.000021e+00
1.000022e+00
1.000026e+00
1.000040e+00
1.000037e+00
1.000059e+00
1.000046e+00
1.000057e+00
1.000054e+00
1.000066e+00
1.000060e+00
1.000064e+00
1.000074e+00
1.000082e+00
1.000111e+00
1.000137e+00
1.000206e+00
1.000260e+00
1.000281e+00
1.000257e+00
1.000180e+00
1.000163e+00
1.000129e+00
1.000116e+00
1.000109e+00
1.000120e+00
1.000122e+00
1.000143e+00
1.000173e+00
1.000190e+00
1.000230e+00
1.000254e+00
1.000289e+00
1.000300e+00
1.000314e+00
1.000332e+00
1.000323e+00
1.000345e+00
1.000324e+00
1.000339e+00
1.000317e+00
1.000322e+00
1.000309e+00
1.000286e+00
1.000287e+00
1.000242e+00
1.000235e+00
1.000210e+00
1.000187e+00
1.000173e+00
1.000147e+00
1.000140e+00
1.000127e+00
1.000121e+00
1.000115e+00
1.000113e+00
1.000109e+00
1.000104e+00
1.000119e+00
1.000116e+00
1.000129e+00
1.000138e+00
1.000142e+00
1.000140e+00
1.000141e+00
1.000147e+00
1.000148e+00
1.000148e+00
1.000148e+00
1.000145e+00
1.000145e+00
1.000142e+00
1.000141e+00
1.000140e+00
1.000126e+00
1.000134e+00
1.000123e+00
1.000127e+00
1.000130e+00
1.000132e+00
1.000134e+00
1.000124e+00
1.000139e+00
1.000124e+00
1.000135e+00
1.000122e+00
1.000126e+00
1.000127e+00
1.000118e+00
1.000128e+00
1.000118e+00
1.000133e+00
1.000118e+00
1.000145e+00
1.000144e+00
1.000172e+00
1.000185e+00
1.000198e+00
1.000205e+00
1.000198e+00
1.000199e+00
1.000189e+00
1.000201e+00
1.000203e+00
1.000194e+00
1.000211e+00
1.000210e+00
1.000217e+00
1.000216e+00
1.000228e+00
1.000229e+00
1.000230e+00
1.000226e+00
1.000216e+00
1.000192e+00
1.000163e+00
1.000166e+00
1.000146e+00
1.000144e+00
1.000170e+00
1.000158e+00
1.000158e+00
1.000183e+00
1.000165e+00
1.000166e+00
1.000200e+00
1.000181e+00
1.000189e+00
1.000212e+00
1.000191e+00
1.000190e+00
1.000199e+00
1.000180e+00
1.000185e+00
1.000186e+00
1.000181e+00
1.000201e+00
1.000202e+00
1.000193e+00
1.000213e+00
1.000218e+00
1.000211e+00
1.000243e+00
1.000256e+00
1.000270e+00
1.000305e+00
1.000315e+00
1.000326e+00
1.000379e+00
1.000365e+00
1.000377e+00
1.000355e+00
1.000347e+00
1.000343e+00
1.000304e+00
1.000283e+00
1.000276e+00
1.000235e+00
1.000226e+00
1.000208e+00
1.000201e+00
1.000200e+00
1.000188e+00
1.000187e+00
1.000183e+00
1.000176e+00
1.000178e+00
1.000175e+00
1.000174e+00
1.000181e+00
1.000184e+00
1.000188e+00
1.000204e+00
1.000208e+00
1.000232e+00
1.000255e+00
1.000266e+00
1.000332e+00
1.000372e+00
1.000442e+00
1.000601e+00
1.000615e+00
1.000755e+00
1.000848e+00
1.000947e+00
1.001033e+00
1.001082e+00
1.001138e+00
1.001207e+00
1.001227e+00
1.001279e+00
1.001306e+00
1.001334e+00
1.001364e+00
1.001365e+00
1.001367e+00
1.000661e+00
1.000594e+00
1.000560e+00
1.000419e+00
1.000351e+00
1.000252e+00
1.000216e+00
1.000203e+00
1.000171e+00
1.000168e+00
1.000193e+00
1.000185e+00
1.000186e+00
1.000206e+00
1.000206e+00
1.000210e+00
1.000216e+00
1.000219e+00
1.000239e+00
1.000220e+00
1.000218e+00
1.000220e+00
1.000209e+00
1.000214e+00
1.000212e+00
1.000208e+00
1.000212e+00
1.000207e+00
1.000206e+00
1.000208e+00
1.000204e+00
1.000226e+00
1.000214e+00
1.000209e+00
1.000225e+00
1.000225e+00
1.000224e+00
1.000259e+00
1.000266e+00
1.000298e+00
1.000320e+00
1.000338e+00
1.000374e+00
1.000408e+00
1.000424e+00
1.000440e+00
1.000474e+00
1.000484e+00
1.000473e+00
1.000504e+00
1.000488e+00
1.000468e+00
1.000460e+00
1.000438e+00
1.000419e+00
1.000410e+00
1.000400e+00
1.000391e+00
1.000380e+00
1.000371e+00
1.000358e+00
1.000361e+00
1.000341e+00
1.000330e+00
1.000326e+00
1.000291e+00
1.000280e+00
1.000271e+00
1.000262e+00
1.000259e+00
1.000261e+00
1.000266e+00
1.000278e+00
1.000281e+00
1.000284e+00
1.000311e+00
1.000312e+00
1.000320e+00
1.000338e+00
1.000345e+00
1.000357e+00
1.000350e+00
1.000360e+00
1.000376e+00
1.000381e+00
1.000400e+00
1.000416e+00
1.000419e+00
1.000444e+00
1.000461e+00
1.000474e+00
1.000542e+00
1.000528e+00
1.000535e+00
1.000554e+00
1.000567e+00
1.000582e+00
1.000688e+00
1.000729e+00
1.000710e+00
1.000712e+00
1.000711e+00
1.000728e+00
1.000791e+00
1.000859e+00
1.000732e+00
1.000727e+00
1.000724e+00
1.000723e+00
1.000741e+00
1.000922e+00
1.000946e+00
1.000936e+00
1.000925e+00
1.000914e+00
1.000893e+00
1.000928e+00
1.000960e+00
1.000994e+00
1.001029e+00
1.001192e+00
1.001219e+00
1.001279e+00
1.001331e+00
1.001319e+00
1.001327e+00
1.001364e+00
1.001409e+00
1.001435e+00
1.001472e+00
1.001472e+00
1.001440e+00
1.001448e+00
1.001433e+00
1.001374e+00
1.001369e+00
1.001377e+00
1.001375e+00
1.001372e+00
1.001435e+00
1.001470e+00
1.001457e+00
1.001442e+00
1.001482e+00
1.001456e+00
1.001442e+00
1.001442e+00
1.001417e+00
1.001420e+00
1.001416e+00
1.001429e+00
1.000898e+00
1.000780e+00
1.000749e+00
1.000730e+00
1.000724e+00
1.000739e+00
1.000796e+00
1.000841e+00
1.000881e+00
1.000905e+00
1.000929e+00
1.000939e+00
1.000959e+00
1.001051e+00
1.001056e+00
1.001071e+00
1.001093e+00
1.001124e+00
1.001196e+00
1.001307e+00
1.001314e+00
1.001330e+00
1.001430e+00
1.001498e+00
1.001746e+00
1.001813e+00
1.001813e+00
1.001813e+00
1.001813e+00
1.001813e+00
1.001813e+00
1.001813e+00
1.001813e+00
1.001813e+00
1.001813e+00
1.001813e+00
1.001813e+00
1.001813e+00
1.001813e+00
1.001813e+00
1.001813e+00
1.001813e+00
1.001813e+00
1.001813e+00
1.001813e+00
1.001813e+00
1.001813e+00
1.001813e+00
1.001813e+00
1.001813e+00
