0.052000 1
0.244000 2
0.384000 3
0.488000 2
0.760000 1
0.968000 3
1.144000 3
1.236000 1
1.272000 1
1.820000e+00 -1
1.932000 3
2.088000 3
2.256000 1
2.484000 1
2.848000 1
3.040000 3
3.244000 1
3.372000 3
3.508000 1
3.660000 3
3.784000 1
4.000000 3
4.144000 1
4.320000 2
4.504000 3
4.636000 3
4.844000 1
5.172000 3
5.296000 3
5.448000 2
5.632000 3
5.796000 2
5.900000 3
6.056000 3
6.348000 1
6.576000 1
6.624000 1
6.964000e+00 -1
7.212000 1
7.328000 3
7.628000 3
7.816000 2
7.992000 3
8.124000 3
8.328000 1
8.512000 3
8.652000 1
8.796000 3
8.908000 1
9.060000 3
9.196000 2
9.308000 3
9.460000 3
9.580000 3
9.804000 1
9.960000 3
10.072000 3
10.244000 2
10.348000 2
10.500000 3
10.668000 3
10.840000 3
11.012000 3
11.212000 3
11.448000 1
11.504000 1
