0.084000 1
0.244000 3
0.468000 3
0.608000 3
0.832000 1
0.920000 1
1.088000 3
1.208000 1
1.344000 3
1.516000 1
1.652000 3
1.776000 1
1.880000 3
2.032000 1
2.232000 3
2.372000 2
2.572000 3
2.652000 2
2.812000 1
2.852000 1
3.108000e+00 -1
3.344000 3
3.432000 3
3.584000 3
3.684000 3
3.808000 2
3.936000 3
4.020000 3
4.120000 3
4.256000 3
4.372000 3
4.448000 3
4.552000 3
4.656000 2
4.736000 3
4.800000 3
4.952000 2
5.060000 1
5.204000 3
5.372000 1
5.508000 1
5.656000 3
5.708000 3
5.804000 3
5.900000 3
6.068000 3
6.240000 2
6.372000 3
6.544000 3
6.684000 1
6.836000 2
6.900000 3
7.056000 3
7.252000 2
7.304000 2
7.444000 2
7.596000 3
7.696000 2
7.808000 2
7.920000 3
8.044000 3
8.140000 3
8.316000 1
8.424000 3
8.544000 2
8.648000 3
8.728000 3
8.832000 3
8.896000 3
9.064000 1
9.216000 3
9.312000 3
9.416000 2
9.496000 3
9.556000 2
9.692000 2
9.760000 2
9.844000 3
9.996000 2
10.072000 1
10.272000 3
10.352000 3
10.448000 3
10.712000 3
10.896000 1
10.924000 1
