
1.001685e+00
1.001685e+00
1.001685e+00
1.001685e+00
1.001685e+00
1.001685e+00
1.001685e+00
1.001685e+00
1.001685e+00
1.001685e+00
1.001685e+00
1.001685e+00
1.001685e+00
1.001685e+00
1.001685e+00
1.001685e+00
1.001685e+00
1.001685e+00
1.001685e+00
1.001685e+00
1.001685e+00
1.001685e+00
1.001642e+00
1.001616e+00
1.001595e+00
1.001559e+00
1.001576e+00
1.001523e+00
1.001523e+00
1.001522e+00
1.001542e+00
1.001541e+00
1.001612e+00
1.001022e+00
1.000800e+00
1.000702e+00
1.000658e+00
1.000638e+00
1.000592e+00
1.000475e+00
1.000260e+00
1.000200e+00
1.000145e+00
1.000106e+00
1.000064e+00
1.000061e+00
1.000051e+00
1.000057e+00
1.000037e+00
1.000050e+00
1.000029e+00
1.000034e+00
1.000014e+00
1.000035e+00
1.000021e+00
1.000031e+00
1.000015e+00
1.000024e+00
1.000014e+00
1.000025e+00
1.000028e+00
1.000028e+00
1.000038e+00
1.000034e+00
1.000042e+00
1.000034e+00
1.000058e+00
1.000047e+00
1.000066e+00
1.000052e+00
1.000067e+00
1.000060e+00
1.000075e+00
1.000081e+00
1.000104e+00
1.000132e+00
1.000169e+00
1.000210e+00
1.000258e+00
1.000399e+00
1.000436e+00
1.000491e+00
1.000605e+00
1.000677e+00
1.000704e+00
1.000888e+00
1.000993e+00
1.001059e+00
1.001153e+00
1.000879e+00
1.000847e+00
1.000821e+00
1.000797e+00
1.000719e+00
1.000589e+00
1.000535e+00
1.000469e+00
1.000440e+00
1.000408e+00
1.000378e+00
1.000356e+00
1.000358e+00
1.000360e+00
1.000363e+00
1.000383e+00
1.000417e+00
1.000436e+00
1.000458e+00
1.000502e+00
1.000523e+00
1.000453e+00
1.000299e+00
1.000246e+00
1.000192e+00
1.000163e+00
1.000127e+00
1.000130e+00
1.000113e+00
1.000127e+00
1.000111e+00
1.000137e+00
1.000120e+00
1.000136e+00
1.000125e+00
1.000133e+00
1.000131e+00
1.000125e+00
1.000135e+00
1.000128e+00
1.000141e+00
1.000137e+00
1.000148e+00
1.000149e+00
1.000145e+00
1.000159e+00
1.000158e+00
1.000173e+00
1.000177e+00
1.000206e+00
1.000213e+00
1.000238e+00
1.000280e+00
1.000299e+00
1.000407e+00
1.000425e+00
1.000483e+00
1.000640e+00
1.000647e+00
1.000717e+00
1.000899e+00
1.001018e+00
1.001126e+00
1.001143e+00
1.001174e+00
1.001220e+00
1.001239e+00
1.001255e+00
1.001273e+00
1.001321e+00
1.001323e+00
1.001352e+00
1.001386e+00
1.001444e+00
1.001477e+00
1.001462e+00
1.001454e+00
1.001490e+00
1.001433e+00
1.001418e+00
1.001438e+00
1.001448e+00
1.000623e+00
1.000552e+00
1.000511e+00
1.000490e+00
1.000474e+00
1.000356e+00
1.000309e+00
1.000216e+00
1.000195e+00
1.000118e+00
1.000107e+00
1.000062e+00
1.000064e+00
1.000033e+00
1.000036e+00
1.000023e+00
1.000037e+00
1.000036e+00
1.000039e+00
1.000054e+00
1.000046e+00
1.000045e+00
1.000034e+00
1.000040e+00
1.000040e+00
1.000027e+00
1.000030e+00
1.000024e+00
1.000022e+00
1.000013e+00
1.000023e+00
1.000023e+00
1.000014e+00
1.000016e+00
1.000013e+00
1.000020e+00
1.000014e+00
1.000033e+00
1.000044e+00
1.000039e+00
1.000056e+00
1.000059e+00
1.000068e+00
1.000060e+00
1.000083e+00
1.000084e+00
1.000093e+00
1.000104e+00
1.000110e+00
1.000119e+00
1.000101e+00
1.000105e+00
1.000092e+00
1.000101e+00
1.000098e+00
1.000104e+00
1.000115e+00
1.000106e+00
1.000111e+00
1.000099e+00
1.000113e+00
1.000102e+00
1.000111e+00
1.000116e+00
1.000113e+00
1.000115e+00
1.000108e+00
1.000121e+00
1.000116e+00
1.000122e+00
1.000128e+00
1.000128e+00
1.000131e+00
1.000129e+00
1.000137e+00
1.000138e+00
1.000146e+00
1.000153e+00
1.000176e+00
1.000218e+00
1.000234e+00
1.000374e+00
1.000419e+00
1.000468e+00
1.000575e+00
1.000602e+00
1.000676e+00
1.000813e+00
1.000919e+00
1.001026e+00
1.001110e+00
1.001119e+00
1.001190e+00
1.001199e+00
1.001235e+00
1.001275e+00
1.001337e+00
1.001349e+00
1.001396e+00
1.001405e+00
1.001462e+00
1.001426e+00
1.001417e+00
1.001415e+00
1.001419e+00
1.001412e+00
1.001481e+00
1.001484e+00
1.001430e+00
1.000638e+00
1.000610e+00
1.000436e+00
1.000299e+00
1.000177e+00
1.000133e+00
1.000100e+00
1.000071e+00
1.000066e+00
1.000059e+00
1.000070e+00
1.000068e+00
1.000085e+00
1.000071e+00
1.000095e+00
1.000086e+00
1.000102e+00
1.000110e+00
1.000143e+00
1.000167e+00
1.000212e+00
1.000263e+00
1.000305e+00
1.000417e+00
1.000432e+00
1.000474e+00
1.000545e+00
1.000579e+00
1.000665e+00
1.000760e+00
1.000848e+00
1.000999e+00
1.001110e+00
1.001165e+00
1.001188e+00
1.001189e+00
1.001200e+00
1.001264e+00
1.001288e+00
1.001307e+00
1.001338e+00
1.001342e+00
1.001334e+00
1.001377e+00
1.001388e+00
1.001396e+00
1.001478e+00
1.001528e+00
1.001467e+00
1.001429e+00
1.001420e+00
1.001400e+00
1.001354e+00
1.001371e+00
1.001386e+00
1.001387e+00
1.001403e+00
1.001422e+00
1.001246e+00
1.000791e+00
1.000558e+00
1.000406e+00
1.000316e+00
1.000184e+00
1.000126e+00
1.000090e+00
1.000068e+00
1.000051e+00
1.000056e+00
1.000063e+00
1.000077e+00
1.000079e+00
1.000099e+00
1.000093e+00
1.000111e+00
1.000091e+00
1.000115e+00
1.000104e+00
1.000119e+00
1.000116e+00
1.000127e+00
1.000124e+00
1.000116e+00
1.000128e+00
1.000126e+00
1.000134e+00
1.000134e+00
1.000162e+00
1.000166e+00
1.000177e+00
1.000210e+00
1.000232e+00
1.000255e+00
1.000262e+00
1.000270e+00
1.000300e+00
1.000286e+00
1.000293e+00
1.000317e+00
1.000319e+00
1.000328e+00
1.000351e+00
1.000354e+00
1.000364e+00
1.000352e+00
1.000353e+00
1.000366e+00
1.000370e+00
1.000367e+00
1.000414e+00
1.000416e+00
1.000420e+00
1.000456e+00
1.000503e+00
1.000506e+00
1.000580e+00
1.000612e+00
1.000624e+00
1.000595e+00
1.000590e+00
1.000586e+00
1.000585e+00
1.000585e+00
1.000624e+00
1.000734e+00
1.000847e+00
1.000958e+00
1.001058e+00
1.001156e+00
1.001050e+00
1.001001e+00
1.000980e+00
1.000956e+00
1.000935e+00
1.000947e+00
1.000948e+00
1.000952e+00
1.000965e+00
1.000982e+00
1.001005e+00
1.001042e+00
1.001034e+00
1.001055e+00
1.001085e+00
1.001096e+00
1.001120e+00
1.001274e+00
1.001297e+00
1.001355e+00
1.001388e+00
1.001499e+00
1.001491e+00
1.001542e+00
1.001518e+00
1.001483e+00
1.001476e+00
1.001474e+00
1.001473e+00
1.001481e+00
1.001501e+00
1.001507e+00
1.001451e+00
1.001444e+00
1.001455e+00
1.001455e+00
1.001457e+00
1.001509e+00
1.001497e+00
1.001512e+00
1.001527e+00
1.001523e+00
1.001533e+00
1.001534e+00
1.001523e+00
1.001529e+00
1.001532e+00
1.001520e+00
1.001513e+00
1.001489e+00
1.001464e+00
1.001437e+00
1.001451e+00
1.001467e+00
1.001494e+00
1.001495e+00
1.001539e+00
1.001522e+00
1.001515e+00
1.001511e+00
1.001531e+00
1.001528e+00
1.001520e+00
1.001513e+00
1.001514e+00
1.001526e+00
1.001551e+00
1.001572e+00
1.001521e+00
1.001498e+00
1.001493e+00
1.001488e+00
1.001490e+00
1.001542e+00
1.001580e+00
1.001602e+00
1.001627e+00
1.001646e+00
1.001537e+00
1.001522e+00
1.001510e+00
1.001510e+00
1.001508e+00
1.001570e+00
1.001516e+00
1.001511e+00
1.001478e+00
1.001478e+00
1.001486e+00
1.001537e+00
1.001542e+00
1.001570e+00
1.001539e+00
1.001462e+00
1.001452e+00
1.001429e+00
1.001354e+00
1.001356e+00
1.001372e+00
1.001371e+00
1.001383e+00
1.001499e+00
1.001478e+00
1.001433e+00
1.001431e+00
1.001419e+00
1.001387e+00
1.001381e+00
1.001387e+00
1.001380e+00
1.001339e+00
1.001292e+00
1.001198e+00
1.001157e+00
1.001081e+00
1.000940e+00
1.000790e+00
1.000651e+00
1.000524e+00
1.000464e+00
1.000418e+00
1.000399e+00
1.000349e+00
1.000305e+00
1.000278e+00
1.000251e+00
1.000245e+00
1.000229e+00
1.000220e+00
1.000205e+00
1.000193e+00
1.000185e+00
1.000161e+00
1.000162e+00
1.000155e+00
1.000147e+00
1.000129e+00
1.000131e+00
1.000129e+00
1.000107e+00
1.000120e+00
1.000075e+00
1.000067e+00
1.000035e+00
1.000037e+00
1.000008e+00
1.000020e+00
1.000003e+00
1.000010e+00
1.000000e+00
1.000010e+00
1.000004e+00
1.000015e+00
1.000011e+00
1.000020e+00
1.000015e+00
1.000028e+00
1.000026e+00
1.000046e+00
1.000052e+00
1.000070e+00
1.000071e+00
1.000092e+00
1.000078e+00
1.000088e+00
1.000078e+00
1.000093e+00
1.000080e+00
1.000104e+00
1.000085e+00
1.000116e+00
1.000100e+00
1.000140e+00
1.000130e+00
1.000183e+00
1.000184e+00
1.000247e+00
1.000257e+00
1.000337e+00
1.000353e+00
1.000463e+00
1.000474e+00
1.000539e+00
1.000586e+00
1.000612e+00
1.000764e+00
1.000885e+00
1.001028e+00
1.001075e+00
1.001208e+00
1.001282e+00
1.001316e+00
1.000803e+00
1.000723e+00
1.000634e+00
1.000587e+00
1.000536e+00
1.000436e+00
1.000336e+00
1.000212e+00
1.000131e+00
1.000102e+00
1.000083e+00
1.000076e+00
1.000094e+00
1.000139e+00
1.000184e+00
1.000236e+00
1.000313e+00
1.000227e+00
1.000223e+00
1.000138e+00
1.000123e+00
1.000072e+00
1.000071e+00
1.000039e+00
1.000048e+00
1.000031e+00
1.000047e+00
1.000036e+00
1.000057e+00
1.000054e+00
1.000062e+00
1.000065e+00
1.000063e+00
1.000068e+00
1.000057e+00
1.000078e+00
1.000067e+00
1.000098e+00
1.000100e+00
1.000140e+00
1.000136e+00
1.000167e+00
1.000170e+00
1.000154e+00
1.000164e+00
1.000161e+00
1.000163e+00
1.000157e+00
1.000163e+00
1.000169e+00
1.000153e+00
1.000170e+00
1.000168e+00
1.000170e+00
1.000161e+00
1.000168e+00
1.000173e+00
1.000157e+00
1.000177e+00
1.000176e+00
1.000178e+00
1.000170e+00
1.000178e+00
1.000180e+00
1.000161e+00
1.000185e+00
1.000148e+00
1.000170e+00
1.000124e+00
1.000143e+00
1.000101e+00
1.000126e+00
1.000090e+00
1.000119e+00
1.000091e+00
1.000124e+00
1.000097e+00
1.000132e+00
1.000108e+00
1.000139e+00
1.000120e+00
1.000153e+00
1.000137e+00
1.000168e+00
1.000163e+00
1.000200e+00
1.000208e+00
1.000261e+00
1.000284e+00
1.000356e+00
1.000370e+00
1.000422e+00
1.000425e+00
1.000464e+00
1.000457e+00
1.000492e+00
1.000481e+00
1.000511e+00
1.000505e+00
1.000514e+00
1.000495e+00
1.000495e+00
1.000445e+00
1.000414e+00
1.000422e+00
1.000430e+00
1.000441e+00
1.000493e+00
1.000608e+00
1.000636e+00
1.000670e+00
1.000701e+00
1.000722e+00
1.000775e+00
1.000821e+00
1.000829e+00
1.000891e+00
1.000974e+00
1.001026e+00
1.000821e+00
1.000719e+00
1.000630e+00
1.000566e+00
1.000554e+00
1.000555e+00
1.000562e+00
1.000490e+00
1.000340e+00
1.000219e+00
1.000178e+00
1.000136e+00
1.000119e+00
1.000103e+00
1.000117e+00
1.000106e+00
1.000125e+00
1.000111e+00
1.000130e+00
1.000110e+00
1.000135e+00
1.000118e+00
1.000147e+00
1.000141e+00
1.000173e+00
1.000175e+00
1.000219e+00
1.000238e+00
1.000289e+00
1.000358e+00
1.000422e+00
1.000605e+00
1.000615e+00
1.000687e+00
1.000821e+00
1.000887e+00
1.000916e+00
1.001130e+00
1.001175e+00
1.001279e+00
1.001295e+00
1.001309e+00
1.001373e+00
1.001394e+00
1.000556e+00
1.000491e+00
1.000459e+00
1.000452e+00
1.000437e+00
1.000421e+00
1.000312e+00
1.000309e+00
1.000215e+00
1.000195e+00
1.000178e+00
1.000158e+00
1.000152e+00
1.000147e+00
1.000146e+00
1.000138e+00
1.000150e+00
1.000150e+00
1.000161e+00
1.000173e+00
1.000190e+00
1.000206e+00
1.000210e+00
1.000229e+00
1.000224e+00
1.000223e+00
1.000207e+00
1.000208e+00
1.000203e+00
1.000202e+00
1.000203e+00
1.000202e+00
1.000204e+00
1.000200e+00
1.000201e+00
1.000202e+00
1.000203e+00
1.000203e+00
1.000204e+00
1.000205e+00
1.000204e+00
1.000210e+00
1.000209e+00
1.000217e+00
1.000220e+00
1.000220e+00
1.000229e+00
1.000223e+00
1.000208e+00
1.000199e+00
1.000186e+00
1.000178e+00
1.000174e+00
1.000170e+00
1.000172e+00
1.000165e+00
1.000168e+00
1.000164e+00
1.000163e+00
1.000163e+00
1.000158e+00
1.000156e+00
1.000152e+00
1.000152e+00
1.000150e+00
1.000149e+00
1.000146e+00
1.000148e+00
1.000150e+00
1.000152e+00
1.000157e+00
1.000167e+00
1.000173e+00
1.000185e+00
1.000194e+00
1.000219e+00
1.000223e+00
1.000237e+00
1.000277e+00
1.000276e+00
1.000316e+00
1.000359e+00
1.000387e+00
1.000419e+00
1.000445e+00
1.000444e+00
1.000419e+00
1.000410e+00
1.000397e+00
1.000394e+00
1.000384e+00
1.000393e+00
1.000390e+00
1.000388e+00
1.000381e+00
1.000392e+00
1.000384e+00
1.000390e+00
1.000397e+00
1.000407e+00
1.000419e+00
1.000435e+00
1.000451e+00
1.000479e+00
1.000505e+00
1.000529e+00
1.000579e+00
1.000613e+00
1.000548e+00
1.000413e+00
1.000310e+00
1.000263e+00
1.000207e+00
1.000197e+00
1.000152e+00
1.000152e+00
1.000129e+00
1.000129e+00
1.000124e+00
1.000115e+00
1.000106e+00
1.000111e+00
1.000106e+00
1.000106e+00
1.000118e+00
1.000125e+00
1.000130e+00
1.000132e+00
1.000133e+00
1.000137e+00
1.000143e+00
1.000147e+00
1.000170e+00
1.000180e+00
1.000221e+00
1.000250e+00
1.000303e+00
1.000324e+00
1.000337e+00
1.000286e+00
1.000273e+00
1.000257e+00
1.000237e+00
1.000237e+00
1.000267e+00
1.000272e+00
1.000303e+00
1.000375e+00
1.000405e+00
1.000497e+00
1.000665e+00
1.000778e+00
1.000809e+00
1.000931e+00
1.001005e+00
1.001046e+00
1.001149e+00
1.001177e+00
1.001207e+00
1.001207e+00
1.000838e+00
1.000833e+00
1.000832e+00
1.000829e+00
1.000781e+00
1.000742e+00
1.000702e+00
1.000670e+00
1.000626e+00
1.000608e+00
1.000615e+00
1.000614e+00
1.000621e+00
1.000646e+00
1.000660e+00
1.000658e+00
1.000593e+00
1.000525e+00
1.000384e+00
1.000348e+00
1.000300e+00
1.000291e+00
1.000257e+00
1.000267e+00
1.000261e+00
1.000261e+00
1.000260e+00
1.000253e+00
1.000257e+00
1.000259e+00
1.000258e+00
1.000258e+00
1.000278e+00
1.000270e+00
1.000275e+00
1.000288e+00
1.000292e+00
1.000314e+00
1.000326e+00
1.000342e+00
1.000371e+00
1.000362e+00
1.000377e+00
1.000407e+00
1.000415e+00
1.000435e+00
1.000494e+00
1.000511e+00
1.000510e+00
1.000530e+00
1.000544e+00
1.000556e+00
1.000559e+00
1.000590e+00
1.000615e+00
1.000625e+00
1.000643e+00
1.000657e+00
1.000635e+00
1.000642e+00
1.000559e+00
1.000533e+00
1.000530e+00
1.000474e+00
1.000453e+00
1.000428e+00
1.000413e+00
1.000386e+00
1.000355e+00
1.000345e+00
1.000310e+00
1.000302e+00
1.000291e+00
1.000271e+00
1.000269e+00
1.000249e+00
1.000244e+00
1.000238e+00
1.000229e+00
1.000225e+00
1.000223e+00
1.000219e+00
1.000220e+00
1.000223e+00
1.000231e+00
1.000274e+00
1.000300e+00
1.000337e+00
1.000510e+00
1.000570e+00
1.000607e+00
1.000682e+00
1.000718e+00
1.000808e+00
1.000929e+00
1.001066e+00
1.001143e+00
1.001213e+00
1.001226e+00
1.001299e+00
1.001339e+00
1.001366e+00
1.001406e+00
1.001422e+00
1.001431e+00
1.001438e+00
1.001433e+00
1.000869e+00
1.000641e+00
1.000591e+00
1.000554e+00
1.000442e+00
1.000397e+00
1.000348e+00
1.000325e+00
1.000303e+00
1.000268e+00
1.000271e+00
1.000270e+00
1.000275e+00
1.000285e+00
1.000323e+00
1.000325e+00
1.000348e+00
1.000346e+00
1.000355e+00
1.000360e+00
1.000368e+00
1.000387e+00
1.000374e+00
1.000377e+00
1.000399e+00
1.000379e+00
1.000379e+00
1.000415e+00
1.000405e+00
1.000426e+00
1.000474e+00
1.000471e+00
1.000495e+00
1.000542e+00
1.000523e+00
1.000537e+00
1.000576e+00
1.000579e+00
1.000572e+00
1.000622e+00
1.000620e+00
1.000599e+00
1.000594e+00
1.000635e+00
1.000650e+00
1.000645e+00
1.000624e+00
1.000633e+00
1.000630e+00
1.000630e+00
1.000654e+00
1.000777e+00
1.000902e+00
1.001029e+00
1.001151e+00
1.001256e+00
1.001346e+00
1.001406e+00
1.001450e+00
1.001513e+00
1.001600e+00
1.001783e+00
1.001685e+00
1.001685e+00
1.001685e+00
1.001685e+00
1.001685e+00
1.001685e+00
1.001685e+00
1.001685e+00
1.001685e+00
1.001685e+00
1.001685e+00
1.001685e+00
1.001685e+00
1.001685e+00
1.001685e+00
1.001685e+00
1.001685e+00
1.001685e+00
1.001685e+00
1.001685e+00
1.001685e+00
1.001685e+00
1.001685e+00
1.001685e+00
1.001685e+00
