
3.226980e-01
3.254817e-01
3.294840e-01
3.345314e-01
3.404408e-01
3.470590e-01
3.542903e-01
3.621357e-01
3.707072e-01
3.802311e-01
3.910452e-01
4.035641e-01
4.182258e-01
4.354453e-01
4.555215e-01
4.785714e-01
5.044467e-01
5.326838e-01
5.624327e-01
5.924758e-01
6.212121e-01
6.467370e-01
6.669150e-01
6.795039e-01
6.823075e-01
6.733251e-01
6.509272e-01
6.139937e-01
5.620526e-01
4.953553e-01
4.149180e-01
3.225126e-01
2.205891e-01
1.121601e-01
6.251436e-04
-1.104201e-01
-2.174003e-01
-3.169875e-01
-4.062693e-01
-4.829365e-01
-5.454063e-01
-5.928414e-01
-6.252146e-01
-6.431971e-01
-6.481063e-01
-6.417259e-01
-6.261656e-01
-6.036994e-01
-5.765675e-01
-5.468714e-01
-5.164421e-01
-4.867892e-01
-4.590560e-01
-4.340371e-01
-4.122337e-01
-3.938857e-01
-3.790748e-01
-3.677775e-01
-3.599209e-01
-3.554107e-01
-3.541472e-01
-3.559897e-01
-3.607109e-01
-3.679435e-01
-3.771040e-01
-3.873366e-01
-3.974864e-01
-4.060843e-01
-4.113992e-01
-4.114992e-01
-4.043993e-01
-3.882004e-01
-3.612683e-01
-3.224350e-01
-2.711406e-01
-2.075965e-01
-1.328537e-01
-4.882826e-02
4.175238e-02
1.354671e-01
2.284025e-01
3.163964e-01
3.953332e-01
4.614197e-01
5.114876e-01
5.432311e-01
5.553966e-01
5.478740e-01
5.217331e-01
4.791239e-01
4.231361e-01
3.575322e-01
2.865000e-01
2.142896e-01
1.449314e-01
8.192017e-02
2.800193e-02
-1.501328e-02
-4.633171e-02
-6.615156e-02
-7.559900e-02
-7.655541e-02
-7.143989e-02
-6.294954e-02
-5.381391e-02
-4.654782e-02
-4.323183e-02
-4.535534e-02
-5.374661e-02
-6.851452e-02
-8.911526e-02
-1.144392e-01
-1.429713e-01
-1.729437e-01
-2.025414e-01
-2.300759e-01
-2.541391e-01
-2.737204e-01
-2.882969e-01
-2.978441e-01
-3.028213e-01
-3.041012e-01
-3.028605e-01
-3.004551e-01
-2.982649e-01
-2.975588e-01
-2.993553e-01
-3.043117e-01
-3.126556e-01
-3.241355e-01
-3.380390e-01
-3.532253e-01
-3.682127e-01
-3.812942e-01
-3.906576e-01
-3.945347e-01
-3.913360e-01
-3.797583e-01
-3.588989e-01
-3.283052e-01
-2.879874e-01
-2.384248e-01
-1.804841e-01
-1.153550e-01
-4.442633e-02
3.081232e-02
1.088952e-01
1.884593e-01
2.683397e-01
3.475657e-01
4.253905e-01
5.012227e-01
5.745735e-01
6.449670e-01
7.118166e-01
7.743649e-01
8.315983e-01
8.822161e-01
9.246320e-01
9.570534e-01
9.775585e-01
9.842571e-01
9.754583e-01
9.498283e-01
9.066044e-01
8.456849e-01
7.677758e-01
6.743978e-01
5.678911e-01
4.513015e-01
3.282504e-01
2.027074e-01
7.879323e-02
-3.950764e-02
-1.485616e-01
-2.452864e-01
-3.273741e-01
-3.933192e-01
-4.425406e-01
-4.752859e-01
-4.926082e-01
-4.961910e-01
-4.882076e-01
-4.711079e-01
-4.474424e-01
-4.196977e-01
-3.901111e-01
-3.606122e-01
-3.327098e-01
-3.074758e-01
-2.855727e-01
-2.672663e-01
-2.525051e-01
-2.409974e-01
-2.322828e-01
-2.258156e-01
-2.210186e-01
-2.173521e-01
-2.143229e-01
-2.115213e-01
-2.086314e-01
-2.054010e-01
-2.016734e-01
-1.973327e-01
-1.923276e-01
-1.866403e-01
-1.802937e-01
-1.733433e-01
-1.658823e-01
-1.580384e-01
-1.499824e-01
-1.419108e-01
-1.340636e-01
-1.266866e-01
-1.200425e-01
-1.143768e-01
-1.099106e-01
-1.068117e-01
-1.051880e-01
-1.050680e-01
-1.064000e-01
-1.090637e-01
-1.128694e-01
-1.175875e-01
-1.229750e-01
-1.287997e-01
-1.348890e-01
-1.411464e-01
-1.475729e-01
-1.542954e-01
-1.615457e-01
-1.696575e-01
-1.790195e-01
-1.900428e-01
-2.030847e-01
-2.184020e-01
-2.360672e-01
-2.559239e-01
-2.775609e-01
-3.002496e-01
-3.229979e-01
-3.445625e-01
-3.635105e-01
-3.783163e-01
-3.874563e-01
-3.895267e-01
-3.833344e-01
-3.680081e-01
-3.430427e-01
-3.083541e-01
-2.642753e-01
-2.114859e-01
-1.509986e-01
-8.401056e-02
-1.183797e-02
6.421640e-02
1.429290e-01
2.232297e-01
3.042332e-01
3.851982e-01
4.655178e-01
5.445896e-01
6.217478e-01
6.961264e-01
7.665776e-01
8.316069e-01
8.893318e-01
9.375402e-01
9.737604e-01
9.954077e-01
1.000000e+00
9.853479e-01
9.498048e-01
8.924777e-01
8.133891e-01
7.136029e-01
5.952388e-01
4.614528e-01
3.162607e-01
1.643488e-01
1.078854e-02
-1.392843e-01
-2.809794e-01
-4.099732e-01
-5.227494e-01
-6.168058e-01
-6.907465e-01
-7.442879e-01
-7.781817e-01
-7.940560e-01
-7.941786e-01
-7.812091e-01
-7.579097e-01
-7.269071e-01
-6.904596e-01
-6.503244e-01
-6.076529e-01
-5.630036e-01
-5.164011e-01
-4.674564e-01
-4.155511e-01
-3.599960e-01
-3.002452e-01
-2.360358e-01
-1.674967e-01
-9.522575e-02
-2.026644e-02
5.595636e-02
1.317385e-01
2.052703e-01
2.748144e-01
3.388687e-01
3.963386e-01
4.466389e-01
4.897579e-01
5.262646e-01
5.572304e-01
5.841143e-01
6.085742e-01
6.322832e-01
6.566933e-01
6.828408e-01
7.111734e-01
7.414207e-01
7.725650e-01
8.028357e-01
8.298307e-01
8.506753e-01
8.622499e-01
8.614751e-01
8.455712e-01
8.123525e-01
7.604546e-01
6.895279e-01
6.003381e-01
4.947818e-01
3.758241e-01
2.473443e-01
1.138700e-01
-1.968137e-02
-1.483343e-01
-2.674070e-01
-3.728024e-01
-4.612711e-01
-5.306036e-01
-5.797411e-01
-6.087987e-01
-6.189723e-01
-6.124066e-01
-5.919519e-01
-5.609267e-01
-5.228197e-01
-4.810325e-01
-4.386142e-01
-3.981053e-01
-3.613778e-01
-3.296052e-01
-3.032481e-01
-2.821627e-01
-2.656910e-01
-2.528332e-01
-2.424182e-01
-2.332568e-01
-2.242840e-01
-2.146776e-01
-2.039097e-01
-1.917708e-01
-1.783541e-01
-1.640090e-01
-1.492501e-01
-1.346811e-01
-1.209166e-01
-1.084847e-01
-9.779593e-02
-8.909810e-02
-8.247152e-02
-7.784195e-02
-7.500306e-02
-7.366910e-02
-7.350169e-02
-7.414921e-02
-7.528425e-02
-7.660777e-02
-7.785586e-02
-7.879469e-02
-7.920283e-02
-7.885668e-02
-7.751615e-02
-7.490638e-02
-7.072969e-02
-6.466384e-02
-5.637480e-02
-4.554363e-02
-3.188399e-02
-1.515891e-02
4.797356e-03
2.808356e-02
5.472199e-02
8.468059e-02
1.178670e-01
1.541532e-01
1.933755e-01
2.353267e-01
2.797394e-01
3.262652e-01
3.744155e-01
4.235363e-01
4.727347e-01
5.208729e-01
5.665318e-01
6.080219e-01
6.434375e-01
6.707288e-01
6.878268e-01
6.927658e-01
6.838713e-01
6.599076e-01
6.202314e-01
5.649231e-01
4.948568e-01
4.117227e-01
3.179882e-01
2.167952e-01
1.117712e-01
6.847233e-03
0.000000e+00
0.000000e+00
0.000000e+00
0.000000e+00
0.000000e+00
0.000000e+00
0.000000e+00
0.000000e+00
0.000000e+00
0.000000e+00
0.000000e+00
0.000000e+00
0.000000e+00
0.000000e+00
0.000000e+00
0.000000e+00
0.000000e+00
0.000000e+00
0.000000e+00
0.000000e+00
0.000000e+00
0.000000e+00
0.000000e+00
0.000000e+00
0.000000e+00
0.000000e+00
0.000000e+00
0.000000e+00
0.000000e+00
0.000000e+00
0.000000e+00
0.000000e+00
0.000000e+00
0.000000e+00
0.000000e+00
0.000000e+00
0.000000e+00
0.000000e+00
0.000000e+00
0.000000e+00
0.000000e+00
0.000000e+00
0.000000e+00
0.000000e+00
0.000000e+00
0.000000e+00
0.000000e+00
0.000000e+00
0.000000e+00
0.000000e+00
0.000000e+00
0.000000e+00
0.000000e+00
0.000000e+00
0.000000e+00
0.000000e+00
0.000000e+00
0.000000e+00
0.000000e+00
0.000000e+00
0.000000e+00
0.000000e+00
0.000000e+00
0.000000e+00
0.000000e+00
0.000000e+00
0.000000e+00
0.000000e+00
0.000000e+00
0.000000e+00
0.000000e+00
0.000000e+00
0.000000e+00
0.000000e+00
0.000000e+00
0.000000e+00
0.000000e+00
0.000000e+00
0.000000e+00
0.000000e+00
0.000000e+00
0.000000e+00
0.000000e+00
0.000000e+00
0.000000e+00
0.000000e+00
0.000000e+00
0.000000e+00
0.000000e+00
0.000000e+00
0.000000e+00
0.000000e+00
0.000000e+00
0.000000e+00
0.000000e+00
5.596233e-01
5.410653e-01
5.139364e-01
4.790572e-01
4.374620e-01
3.903632e-01
3.390969e-01
2.850719e-01
2.297094e-01
1.743987e-01
1.204304e-01
6.896554e-02
2.099299e-02
-2.269848e-02
-6.153633e-02
-9.517496e-02
-1.234835e-01
-1.465375e-01
-1.645978e-01
-1.780732e-01
-1.874924e-01
-1.934647e-01
-1.966404e-01
-1.976724e-01
-1.971853e-01
-1.957449e-01
-1.938396e-01
-1.918609e-01
-1.901005e-01
-1.887446e-01
-1.878949e-01
-1.875584e-01
-1.876924e-01
-1.881989e-01
-1.889686e-01
-1.898846e-01
-1.908474e-01
-1.917924e-01
-1.926926e-01
-1.935679e-01
-1.944829e-01
-1.955301e-01
-1.968340e-01
-1.985123e-01
-2.006762e-01
-2.033944e-01
-2.066761e-01
-2.104582e-01
-2.145753e-01
-2.187728e-01
-2.226784e-01
-2.258303e-01
-2.276750e-01
-2.275824e-01
-2.248972e-01
-2.189389e-01
-2.090657e-01
-1.946977e-01
-1.753548e-01
-1.507092e-01
-1.205970e-01
-8.505871e-02
-4.435009e-02
1.046391e-03
5.043064e-02
1.028852e-01
1.573178e-01
2.124768e-01
2.670098e-01
3.194963e-01
3.685177e-01
4.126990e-01
4.507743e-01
4.816254e-01
5.043425e-01
5.182477e-01
5.229296e-01
5.182623e-01
5.044065e-01
4.817898e-01
4.511167e-01
4.133136e-01
3.694920e-01
3.209226e-01
2.689584e-01
2.150005e-01
1.604386e-01
1.065941e-01
5.468947e-02
5.795439e-03
-3.919278e-02
-7.957433e-02
-1.148631e-01
-1.447787e-01
-1.692445e-01
-1.883667e-01
-2.024185e-01
-2.117992e-01
-2.170164e-01
-2.186395e-01
-2.172730e-01
-2.135203e-01
-2.079631e-01
-2.011265e-01
-1.934715e-01
-1.853811e-01
-1.771480e-01
-1.689820e-01
-1.610154e-01
-1.533041e-01
-1.458519e-01
-1.386114e-01
-1.315189e-01
-1.244876e-01
-1.174320e-01
-1.102909e-01
-1.030107e-01
-9.557023e-02
-8.798357e-02
-8.029182e-02
-7.255788e-02
-6.487595e-02
-5.735213e-02
-5.009997e-02
-4.323811e-02
-3.687860e-02
-3.112696e-02
-2.607143e-02
-2.178534e-02
-1.832470e-02
-1.573195e-02
-1.403528e-02
-1.324599e-02
-1.337661e-02
-1.442806e-02
-1.640303e-02
-1.929754e-02
-2.311138e-02
-2.784004e-02
-3.347117e-02
-3.998605e-02
-4.734713e-02
-5.550342e-02
-6.437224e-02
-7.384401e-02
-8.377735e-02
-9.399354e-02
-1.042861e-01
-1.144127e-01
-1.241083e-01
-1.330965e-01
-1.410908e-01
-1.478118e-01
-1.530057e-01
-1.564431e-01
-1.579472e-01
-1.573928e-01
-1.547246e-01
-1.499501e-01
-1.431557e-01
-1.344927e-01
-1.241776e-01
-1.124825e-01
-9.971191e-02
-8.619749e-02
-7.228482e-02
-5.828909e-02
-4.450954e-02
-3.118499e-02
-1.850121e-02
-6.559058e-03
4.611793e-03
1.507216e-02
2.495516e-02
3.446809e-02
4.387645e-02
5.348283e-02
6.361206e-02
7.458489e-02
8.669576e-02
1.001894e-01
1.152412e-01
1.319309e-01
1.502415e-01
1.700379e-01
1.910662e-01
2.129516e-01
2.352201e-01
2.572872e-01
2.784977e-01
2.981360e-01
3.154496e-01
3.296895e-01
3.401197e-01
3.460666e-01
3.469263e-01
3.422035e-01
3.315341e-01
3.146879e-01
2.915979e-01
2.623651e-01
2.272593e-01
1.867219e-01
1.413573e-01
9.192687e-02
3.932616e-02
-1.541842e-02
-7.119035e-02
-1.267873e-01
-1.809664e-01
-2.324590e-01
-2.800065e-01
-3.223931e-01
-3.584715e-01
-3.872006e-01
-4.076666e-01
-4.191212e-01
-4.209979e-01
-4.129440e-01
-3.948295e-01
-3.667696e-01
-3.291222e-01
-2.825019e-01
-2.277632e-01
-1.659919e-01
-9.848932e-02
-2.673260e-02
4.764729e-02
1.229197e-01
1.972827e-01
2.689403e-01
3.361289e-01
3.971842e-01
4.505950e-01
4.950400e-01
5.294449e-01
5.530107e-01
5.652342e-01
5.659451e-01
5.552849e-01
5.337274e-01
5.020415e-01
4.612749e-01
4.127148e-01
3.578347e-01
2.982507e-01
2.356595e-01
1.717807e-01
1.082988e-01
4.680182e-02
-1.126027e-02
-6.462671e-02
-1.122589e-01
-1.533613e-01
-1.873993e-01
-2.141096e-01
-2.334736e-01
-2.457213e-01
-2.512917e-01
-2.508039e-01
-2.450199e-01
-2.348017e-01
-2.210690e-01
-2.047583e-01
-1.867850e-01
-1.680024e-01
-1.491816e-01
-1.309862e-01
-1.139513e-01
-9.848358e-02
-8.485810e-02
-7.321854e-02
-6.359853e-02
-5.592810e-02
-5.005696e-02
-4.577375e-02
-4.283308e-02
-4.096648e-02
-3.991374e-02
-3.942834e-02
-3.930156e-02
-3.936456e-02
-3.949865e-02
-3.963669e-02
-3.976179e-02
-3.990284e-02
-4.012649e-02
-4.052623e-02
-4.121924e-02
-4.232474e-02
-4.396088e-02
-4.623095e-02
-4.921252e-02
-5.295515e-02
-5.746921e-02
-6.272386e-02
-6.865056e-02
-7.513478e-02
-8.203012e-02
-8.915022e-02
-9.629028e-02
-1.032238e-01
-1.097116e-01
-1.155200e-01
-1.204213e-01
-1.242065e-01
-1.266928e-01
-1.277321e-01
-1.272199e-01
-1.250893e-01
-1.213289e-01
-1.159676e-01
-1.090889e-01
-1.008114e-01
-9.130067e-02
-8.074556e-02
-6.936297e-02
-5.737966e-02
-4.502442e-02
-3.252623e-02
-2.008756e-02
-7.894369e-03
3.904089e-03
1.519694e-02
2.591057e-02
3.601514e-02
4.551490e-02
5.445177e-02
6.289434e-02
7.092308e-02
7.863050e-02
8.609949e-02
9.339772e-02
1.005671e-01
1.076068e-01
1.144805e-01
1.210892e-01
1.272995e-01
1.329154e-01
1.377123e-01
1.414177e-01
1.437519e-01
1.444253e-01
1.431565e-01
1.396936e-01
1.338305e-01
1.254223e-01
1.143922e-01
1.007509e-01
8.459492e-02
6.611053e-02
4.556770e-02
2.331787e-02
-2.298673e-04
-2.461458e-02
-4.934995e-02
-7.393996e-02
-9.790675e-02
-1.208065e-01
-1.422506e-01
-1.619198e-01
-1.795772e-01
-1.950758e-01
-2.083519e-01
-2.194356e-01
-2.284213e-01
-2.354707e-01
-2.407848e-01
-2.445879e-01
-2.470987e-01
-2.485186e-01
-2.490008e-01
-2.486420e-01
-2.474597e-01
-2.453946e-01
-2.423028e-01
-2.379590e-01
-2.320727e-01
-2.242974e-01
-2.142560e-01
-2.015678e-01
-1.858704e-01
-1.668438e-01
-1.442566e-01
-1.179635e-01
-8.794811e-02
-5.432914e-02
-1.736391e-02
2.253966e-02
6.482685e-02
1.088246e-01
1.537420e-01
1.987080e-01
2.427910e-01
2.850467e-01
3.245320e-01
3.603499e-01
3.916973e-01
4.178543e-01
4.382613e-01
4.524865e-01
4.602825e-01
4.615577e-01
4.564015e-01
4.450571e-01
4.279193e-01
4.055140e-01
3.784615e-01
3.474790e-01
3.133171e-01
2.767567e-01
2.385810e-01
1.995291e-01
1.603062e-01
1.215392e-01
8.377818e-02
4.748950e-02
1.303489e-02
-1.929661e-02
-4.931384e-02
-7.689370e-02
-1.019846e-01
-1.245759e-01
-1.447035e-01
-1.624187e-01
-1.777935e-01
-1.908850e-01
-2.017517e-01
-2.104325e-01
-2.169456e-01
-2.212887e-01
-2.234438e-01
-2.233805e-01
-2.210617e-01
-2.164471e-01
-2.095183e-01
-2.002664e-01
-1.887168e-01
-1.749339e-01
-1.590215e-01
-1.411288e-01
-1.214633e-01
-1.002692e-01
-7.784531e-02
-5.452539e-02
-3.067808e-02
-6.697651e-03
1.700791e-02
4.002839e-02
6.196118e-02
8.241403e-02
1.010300e-01
1.174748e-01
1.314634e-01
1.427449e-01
1.511193e-01
1.564290e-01
1.585586e-01
1.574404e-01
1.530369e-01
1.453481e-01
1.344108e-01
1.202786e-01
1.030471e-01
8.282828e-02
5.977512e-02
3.406900e-02
5.936350e-03
-2.435580e-02
-5.647274e-02
-9.002798e-02
-1.245581e-01
-1.595318e-01
-1.943320e-01
-2.282697e-01
-2.605883e-01
-2.904652e-01
-3.170343e-01
-3.394035e-01
-3.566873e-01
-3.680203e-01
-3.726046e-01
-3.697417e-01
-3.588567e-01
-3.395516e-01
-3.116165e-01
-2.750685e-01
-2.301678e-01
-1.774343e-01
-1.176342e-01
-5.179609e-02
1.882074e-02
9.275416e-02
1.683640e-01
2.438938e-01
3.175143e-01
3.873713e-01
4.516748e-01
5.087185e-01
5.569823e-01
5.951459e-01
6.221622e-01
6.372898e-01
6.401059e-01
6.305409e-01
6.088743e-01
5.757124e-01
5.319870e-01
4.789117e-01
4.179355e-01
3.506924e-01
2.789597e-01
2.045698e-01
1.293812e-01
5.518673e-02
-1.631673e-02
-8.359621e-02
-1.453120e-01
-2.003649e-01
-2.479069e-01
-2.873707e-01
-3.184588e-01
-3.411424e-01
-3.556536e-01
-3.624503e-01
-3.621944e-01
-3.557124e-01
-3.439618e-01
-3.279824e-01
-3.088663e-01
-2.877066e-01
-2.655658e-01
-2.434422e-01
-2.222373e-01
-2.027316e-01
-1.855638e-01
-1.712162e-01
-1.600126e-01
-1.521063e-01
-1.474861e-01
-1.459908e-01
-1.473071e-01
-1.509998e-01
-1.565227e-01
-1.632447e-01
-1.704719e-01
-1.774738e-01
-1.835094e-01
-1.878504e-01
-1.898088e-01
-1.887539e-01
-1.841350e-01
-1.754994e-01
-1.624964e-01
-1.448911e-01
-1.225716e-01
-9.553057e-02
-6.388582e-02
-2.784875e-02
1.228102e-02
5.612193e-02
1.032446e-01
1.531672e-01
2.053934e-01
2.594140e-01
3.147183e-01
3.708186e-01
4.272345e-01
4.835178e-01
5.392320e-01
5.939569e-01
6.472804e-01
6.987773e-01
7.480219e-01
7.945403e-01
8.378439e-01
8.773850e-01
9.125692e-01
9.427726e-01
9.673077e-01
9.854914e-01
9.966137e-01
1.000000e+00
9.950125e-01
9.811010e-01
9.578322e-01
9.249096e-01
8.822286e-01
8.298871e-01
7.681981e-01
6.977326e-01
6.192900e-01
5.339132e-01
4.428688e-01
3.475972e-01
2.497268e-01
1.509635e-01
5.309310e-02
