
4.660354e-01
4.680311e-01
4.715218e-01
4.770415e-01
4.852092e-01
4.966527e-01
5.119291e-01
5.314463e-01
5.553823e-01
5.836259e-01
6.157254e-01
6.508674e-01
6.878728e-01
7.252207e-01
7.611079e-01
7.935117e-01
8.203000e-01
8.393345e-01
8.485867e-01
8.462623e-01
8.309117e-01
8.015371e-01
7.576627e-01
6.993813e-01
6.273876e-01
5.429691e-01
4.479468e-01
3.446194e-01
2.356560e-01
1.239646e-01
1.257075e-02
-9.551955e-02
-1.974856e-01
-2.907813e-01
-3.732807e-01
-4.433269e-01
-4.998327e-01
-5.422602e-01
-5.706522e-01
-5.855716e-01
-5.880501e-01
-5.794981e-01
-5.615995e-01
-5.362225e-01
-5.053012e-01
-4.707254e-01
-4.342546e-01
-3.974595e-01
-3.616444e-01
-3.278428e-01
-2.967870e-01
-2.689296e-01
-2.444774e-01
-2.234053e-01
-2.055565e-01
-1.906398e-01
-1.783210e-01
-1.682509e-01
-1.601177e-01
-1.536460e-01
-1.486569e-01
-1.450219e-01
-1.426912e-01
-1.416667e-01
-1.419763e-01
-1.436485e-01
-1.467026e-01
-1.511056e-01
-1.567736e-01
-1.635513e-01
-1.712168e-01
-1.794779e-01
-1.879857e-01
-1.963635e-01
-2.042023e-01
-2.111110e-01
-2.167113e-01
-2.206808e-01
-2.227451e-01
-2.227152e-01
-2.204768e-01
-2.159879e-01
-2.092944e-01
-2.005092e-01
-1.898161e-01
-1.774410e-01
-1.636504e-01
-1.487611e-01
-1.330944e-01
-1.169964e-01
-1.008125e-01
-8.490265e-02
-6.961820e-02
-5.529350e-02
-4.226220e-02
-3.084346e-02
-2.129789e-02
-1.387718e-02
-8.777981e-03
-6.127931e-03
-5.996075e-03
-8.371943e-03
-1.318092e-02
-2.024460e-02
-2.931865e-02
-4.010572e-02
-5.222472e-02
-6.527941e-02
-7.885373e-02
-9.252560e-02
-1.059082e-01
-1.186647e-01
-1.305290e-01
-1.413024e-01
-1.508822e-01
-1.592549e-01
-1.664766e-01
-1.726756e-01
-1.780243e-01
-1.827205e-01
-1.869455e-01
-1.908597e-01
-1.945605e-01
-1.980600e-01
-2.012866e-01
-2.040579e-01
-2.060934e-01
-2.070269e-01
-2.064082e-01
-2.037593e-01
-1.985770e-01
-1.903891e-01
-1.787916e-01
-1.634780e-01
-1.442853e-01
-1.212126e-01
-9.445356e-02
-6.439027e-02
-3.161478e-02
3.104032e-03
3.883003e-02
7.449366e-02
1.089410e-01
1.409783e-01
1.694306e-01
1.931822e-01
2.112552e-01
2.228439e-01
2.273532e-01
2.244459e-01
2.140672e-01
1.964297e-01
1.720368e-01
1.416449e-01
1.062438e-01
6.699268e-02
2.519207e-02
-1.781206e-02
-6.067452e-02
-1.021114e-01
-1.409994e-01
-1.763871e-01
-2.075874e-01
-2.341692e-01
-2.559944e-01
-2.732096e-01
-2.862217e-01
-2.956593e-01
-3.023152e-01
-3.070778e-01
-3.108442e-01
-3.144618e-01
-3.186228e-01
-3.238149e-01
-3.302452e-01
-3.378189e-01
-3.461129e-01
-3.543811e-01
-3.615883e-01
-3.664705e-01
-3.676096e-01
-3.635251e-01
-3.527846e-01
-3.341033e-01
-3.064571e-01
-2.691675e-01
-2.219931e-01
-1.651612e-01
-9.939595e-02
-2.591800e-02
5.359685e-02
1.371057e-01
2.222654e-01
3.065699e-01
3.874719e-01
4.624961e-01
5.294017e-01
5.862612e-01
6.315754e-01
6.643346e-01
6.840498e-01
6.907747e-01
6.850621e-01
6.679136e-01
6.407103e-01
6.050949e-01
5.628828e-01
5.159387e-01
4.660687e-01
4.149348e-01
3.639668e-01
3.143114e-01
2.668096e-01
2.219795e-01
1.800428e-01
1.409623e-01
1.044926e-01
7.025176e-02
3.778921e-02
6.642109e-03
-2.358957e-02
-5.320741e-02
-8.237332e-02
-1.111065e-01
-1.392750e-01
-1.666052e-01
-1.927355e-01
-2.172227e-01
-2.396156e-01
-2.594787e-01
-2.764482e-01
-2.902593e-01
-3.007562e-01
-3.079476e-01
-3.119443e-01
-3.130203e-01
-3.115418e-01
-3.079539e-01
-3.027641e-01
-2.964794e-01
-2.896096e-01
-2.825922e-01
-2.758189e-01
-2.695778e-01
-2.640705e-01
-2.593981e-01
-2.555685e-01
-2.525175e-01
-2.501122e-01
-2.481765e-01
-2.465198e-01
-2.449344e-01
-2.432270e-01
-2.412335e-01
-2.388196e-01
-2.358893e-01
-2.323916e-01
-2.283102e-01
-2.236592e-01
-2.184851e-01
-2.128443e-01
-2.067962e-01
-2.004007e-01
-1.937095e-01
-1.867340e-01
-1.794703e-01
-1.718805e-01
-1.638765e-01
-1.553539e-01
-1.461569e-01
-1.361144e-01
-1.250474e-01
-1.127616e-01
-9.908859e-02
-8.388945e-02
-6.709288e-02
-4.868018e-02
-2.874400e-02
-7.475897e-03
1.482122e-02
3.772239e-02
6.068681e-02
8.309530e-02
1.042324e-01
1.233712e-01
1.397615e-01
1.527227e-01
1.616515e-01
1.661008e-01
1.657979e-01
1.606991e-01
1.509996e-01
1.371485e-01
1.198378e-01
1.000023e-01
7.873735e-02
5.730131e-02
3.701054e-02
1.918541e-02
5.086558e-03
-4.176365e-03
-7.685264e-03
-4.783084e-03
4.906146e-03
2.143855e-02
4.457893e-02
7.378560e-02
1.082790e-01
1.470689e-01
1.890104e-01
2.328924e-01
2.774724e-01
3.215570e-01
3.640451e-01
4.039718e-01
4.405375e-01
4.731230e-01
5.012957e-01
5.247952e-01
5.435460e-01
5.575946e-01
5.671363e-01
5.724695e-01
5.739887e-01
5.721833e-01
5.676273e-01
5.609762e-01
5.529812e-01
5.444721e-01
5.363729e-01
5.296696e-01
5.254045e-01
5.246250e-01
5.283410e-01
5.374672e-01
5.527403e-01
5.746588e-01
6.033919e-01
6.387219e-01
6.799894e-01
7.260537e-01
7.753003e-01
8.256562e-01
8.746560e-01
9.195372e-01
9.573498e-01
9.851234e-01
1.000000e+00
9.994565e-01
9.813958e-01
9.443637e-01
8.876457e-01
8.113079e-01
7.163266e-01
6.044962e-01
4.784271e-01
3.414067e-01
1.972608e-01
5.019976e-02
-9.545362e-02
0.000000e+00
0.000000e+00
0.000000e+00
0.000000e+00
0.000000e+00
0.000000e+00
0.000000e+00
0.000000e+00
0.000000e+00
0.000000e+00
0.000000e+00
0.000000e+00
0.000000e+00
0.000000e+00
0.000000e+00
0.000000e+00
0.000000e+00
0.000000e+00
0.000000e+00
0.000000e+00
0.000000e+00
0.000000e+00
0.000000e+00
0.000000e+00
0.000000e+00
0.000000e+00
0.000000e+00
0.000000e+00
0.000000e+00
0.000000e+00
0.000000e+00
0.000000e+00
0.000000e+00
0.000000e+00
0.000000e+00
0.000000e+00
0.000000e+00
0.000000e+00
0.000000e+00
0.000000e+00
0.000000e+00
0.000000e+00
0.000000e+00
0.000000e+00
0.000000e+00
0.000000e+00
0.000000e+00
0.000000e+00
0.000000e+00
0.000000e+00
0.000000e+00
0.000000e+00
0.000000e+00
0.000000e+00
0.000000e+00
0.000000e+00
0.000000e+00
0.000000e+00
0.000000e+00
0.000000e+00
0.000000e+00
0.000000e+00
0.000000e+00
0.000000e+00
0.000000e+00
0.000000e+00
0.000000e+00
0.000000e+00
0.000000e+00
0.000000e+00
0.000000e+00
0.000000e+00
0.000000e+00
0.000000e+00
0.000000e+00
0.000000e+00
0.000000e+00
0.000000e+00
0.000000e+00
0.000000e+00
0.000000e+00
0.000000e+00
0.000000e+00
0.000000e+00
0.000000e+00
0.000000e+00
0.000000e+00
0.000000e+00
0.000000e+00
0.000000e+00
0.000000e+00
0.000000e+00
0.000000e+00
0.000000e+00
0.000000e+00
0.000000e+00
0.000000e+00
5.427827e-01
5.253553e-01
4.995455e-01
4.657437e-01
4.244628e-01
3.763277e-01
3.220653e-01
2.624957e-01
1.985138e-01
1.310833e-01
6.120954e-02
-1.006431e-02
-8.167778e-02
-1.525821e-01
-2.217364e-01
-2.881345e-01
-3.508259e-01
-4.089214e-01
-4.616062e-01
-5.081544e-01
-5.479387e-01
-5.804352e-01
-6.052279e-01
-6.220175e-01
-6.306103e-01
-6.309288e-01
-6.230007e-01
-6.069493e-01
-5.830122e-01
-5.514844e-01
-5.127605e-01
-4.672973e-01
-4.156060e-01
-3.582484e-01
-2.958230e-01
-2.289629e-01
-1.583268e-01
-8.458165e-02
-8.409154e-03
6.949884e-02
1.484435e-01
2.277310e-01
3.066691e-01
3.845532e-01
4.606940e-01
5.344003e-01
6.049812e-01
6.717637e-01
7.340718e-01
7.912626e-01
8.426925e-01
8.877719e-01
9.259330e-01
9.566527e-01
9.794866e-01
9.940339e-01
1.000000e+00
9.971692e-01
9.854285e-01
9.647866e-01
9.353643e-01
8.974149e-01
8.513108e-01
7.975639e-01
7.368030e-01
6.697748e-01
5.973321e-01
5.204252e-01
4.400856e-01
3.573803e-01
2.734436e-01
1.894042e-01
1.063803e-01
2.546984e-02
-5.230969e-02
-1.259894e-01
-1.947210e-01
-2.577793e-01
-3.145431e-01
-3.645546e-01
-4.074932e-01
-4.432002e-01
-4.716410e-01
-4.929557e-01
-5.073872e-01
-5.153177e-01
-5.172303e-01
-5.136827e-01
-5.053102e-01
-4.927931e-01
-4.768237e-01
-4.581176e-01
-4.373640e-01
-4.152159e-01
-3.922895e-01
-3.691314e-01
-3.462255e-01
-3.239751e-01
-3.027095e-01
-2.826701e-01
-2.640243e-01
-2.468664e-01
-2.312296e-01
-2.170798e-01
-2.043459e-01
-1.929119e-01
-1.826467e-01
-1.733834e-01
-1.649782e-01
-1.572682e-01
-1.501036e-01
-1.433666e-01
-1.369502e-01
-1.307678e-01
-1.247668e-01
-1.189178e-01
-1.132182e-01
-1.076739e-01
-1.023205e-01
-9.720271e-02
-9.237144e-02
-8.788424e-02
-8.379518e-02
-8.015378e-02
-7.699962e-02
-7.436098e-02
-7.225957e-02
-7.069400e-02
-6.964697e-02
-6.909771e-02
-6.900089e-02
-6.930863e-02
-6.995098e-02
-7.087327e-02
-7.198903e-02
-7.323092e-02
-7.453138e-02
-7.581070e-02
-7.701113e-02
-7.806852e-02
-7.894234e-02
-7.958326e-02
-7.996119e-02
-8.005208e-02
-7.984064e-02
-7.931765e-02
-7.847837e-02
-7.733474e-02
-7.588760e-02
-7.415108e-02
-7.214083e-02
-6.987159e-02
-6.735800e-02
-6.462342e-02
-6.168088e-02
-5.854874e-02
-5.524562e-02
-5.179090e-02
-4.820118e-02
-4.449963e-02
-4.070365e-02
-3.684040e-02
-3.293651e-02
-2.901587e-02
-2.511659e-02
-2.127033e-02
-1.751810e-02
-1.390250e-02
-1.046723e-02
-7.270566e-03
-4.360619e-03
-1.792984e-03
3.724243e-04
2.077913e-03
3.260648e-03
3.863286e-03
3.823811e-03
3.094222e-03
1.620445e-03
-6.375780e-04
-3.715586e-03
-7.637170e-03
-1.241156e-02
-1.804027e-02
-2.449924e-02
-3.175226e-02
-3.974410e-02
-4.838997e-02
-5.759760e-02
-6.723841e-02
-7.717131e-02
-8.723279e-02
-9.723704e-02
-1.069820e-01
-1.162566e-01
-1.248340e-01
-1.324874e-01
-1.389914e-01
-1.441199e-01
-1.476624e-01
-1.494341e-01
-1.492634e-01
-1.470180e-01
-1.426052e-01
-1.359668e-01
-1.271015e-01
-1.160478e-01
-1.029093e-01
-8.783005e-02
-7.102206e-02
-5.273620e-02
-3.328175e-02
-1.299878e-02
7.727526e-03
2.848303e-02
4.884215e-02
6.836574e-02
8.661306e-02
1.031606e-01
1.176071e-01
1.295830e-01
1.387646e-01
1.448816e-01
1.477243e-01
1.471555e-01
1.431045e-01
1.355802e-01
1.246703e-01
1.105338e-01
9.341072e-02
7.360752e-02
5.148534e-02
2.746835e-02
2.024890e-03
-2.434916e-02
-5.113478e-02
-7.779730e-02
-1.038109e-01
-1.286634e-01
-1.518624e-01
-1.729576e-01
-1.915440e-01
-2.072668e-01
-2.198374e-01
-2.290260e-01
-2.346772e-01
-2.366949e-01
-2.350729e-01
-2.298426e-01
-2.211282e-01
-2.090992e-01
-1.939800e-01
-1.760481e-01
-1.556186e-01
-1.330403e-01
-1.086998e-01
-8.298349e-02
-5.631793e-02
-2.912214e-02
-1.818445e-03
2.516058e-02
5.140523e-02
7.649832e-02
1.000414e-01
1.216564e-01
1.409750e-01
1.576587e-01
1.713890e-01
1.818703e-01
1.888468e-01
1.920983e-01
1.914401e-01
1.867413e-01
1.779204e-01
1.649539e-01
1.478810e-01
1.268228e-01
1.019584e-01
7.356431e-02
4.198959e-02
7.669364e-03
-2.887665e-02
-6.705283e-02
-1.061813e-01
-1.455298e-01
-1.843056e-01
-2.216733e-01
-2.567871e-01
-2.887741e-01
-3.167986e-01
-3.400492e-01
-3.577798e-01
-3.693243e-01
-3.741179e-01
-3.717237e-01
-3.618409e-01
-3.443317e-01
-3.192199e-01
-2.867036e-01
-2.471598e-01
-2.011379e-01
-1.493577e-01
-9.268736e-02
-3.213673e-02
3.116921e-02
9.601491e-02
1.611232e-01
2.251840e-01
2.868820e-01
3.449426e-01
3.981411e-01
4.453552e-01
4.855773e-01
5.179441e-01
5.417572e-01
5.564929e-01
5.618236e-01
5.576133e-01
5.439167e-01
5.209905e-01
4.892578e-01
4.493250e-01
4.019363e-01
3.479693e-01
2.884121e-01
2.243325e-01
1.568566e-01
8.714766e-02
1.637084e-02
-5.430791e-02
-1.237650e-01
-1.909291e-01
-2.547865e-01
-3.144127e-01
-3.689609e-01
-4.176938e-01
-4.599641e-01
-4.952392e-01
-5.230848e-01
-5.431797e-01
-5.553014e-01
-5.593346e-01
-5.552652e-01
-5.431736e-01
-5.232389e-01
-4.957330e-01
-4.610229e-01
-4.195558e-01
-3.718764e-01
-3.186018e-01
-2.604319e-01
-1.981443e-01
-1.325698e-01
-6.462499e-02
4.763389e-03
7.459557e-02
1.438625e-01
2.115495e-01
2.766530e-01
3.381819e-01
3.951998e-01
4.468412e-01
4.923147e-01
5.309289e-01
5.621324e-01
5.854695e-01
6.006718e-01
6.075846e-01
6.062355e-01
5.968049e-01
5.796143e-01
5.551511e-01
5.240213e-01
4.869558e-01
4.447832e-01
3.984115e-01
3.488052e-01
2.969488e-01
2.438406e-01
1.904538e-01
1.377136e-01
8.648926e-02
3.754584e-02
-8.430410e-03
-5.088601e-02
-8.937717e-02
-1.235904e-01
-1.533413e-01
-1.785574e-01
-1.992955e-01
-2.156970e-01
-2.280089e-01
-2.365544e-01
-2.416979e-01
-2.438623e-01
-2.434955e-01
-2.410431e-01
-2.369537e-01
-2.316503e-01
-2.255391e-01
-2.189644e-01
-2.122532e-01
-2.056556e-01
-1.993993e-01
-1.936397e-01
-1.885023e-01
-1.840645e-01
-1.803604e-01
-1.774087e-01
-1.751917e-01
-1.736805e-01
-1.728279e-01
-1.725890e-01
-1.729176e-01
-1.737580e-01
-1.750722e-01
-1.768226e-01
-1.789762e-01
-1.815092e-01
-1.843986e-01
-1.876327e-01
-1.911883e-01
-1.950512e-01
-1.991978e-01
-2.036068e-01
-2.082467e-01
-2.130804e-01
-2.180580e-01
-2.231379e-01
-2.282585e-01
-2.333622e-01
-2.383809e-01
-2.432585e-01
-2.479260e-01
-2.523201e-01
-2.563909e-01
-2.600731e-01
-2.633273e-01
-2.661032e-01
-2.683689e-01
-2.700806e-01
-2.712130e-01
-2.717344e-01
-2.716129e-01
-2.708206e-01
-2.693238e-01
-2.670870e-01
-2.640776e-01
-2.602497e-01
-2.555603e-01
-2.499768e-01
-2.434431e-01
-2.359302e-01
-2.274082e-01
-2.178473e-01
-2.072474e-01
-1.956020e-01
-1.829401e-01
-1.693018e-01
-1.547516e-01
-1.393680e-01
-1.232556e-01
-1.065406e-01
-8.934996e-02
-7.184824e-02
-5.419141e-02
-3.653272e-02
-1.905342e-02
-1.890855e-03
1.478867e-02
3.087676e-02
4.625010e-02
6.083861e-02
7.458809e-02
8.746025e-02
9.947096e-02
1.106455e-01
1.210482e-01
1.307465e-01
1.398440e-01
1.484584e-01
1.566898e-01
1.646642e-01
1.724929e-01
1.802628e-01
1.880718e-01
1.959556e-01
2.039674e-01
2.121045e-01
2.203293e-01
2.286139e-01
2.368593e-01
2.449720e-01
2.528231e-01
2.602912e-01
2.672182e-01
2.734623e-01
2.788907e-01
2.833671e-01
2.867886e-01
2.890580e-01
2.901138e-01
2.899344e-01
2.885077e-01
2.858683e-01
2.820796e-01
2.772370e-01
2.714465e-01
2.648628e-01
2.576251e-01
2.499155e-01
2.418916e-01
2.337340e-01
2.255956e-01
2.176431e-01
2.099957e-01
2.027865e-01
1.960944e-01
1.899979e-01
1.845424e-01
1.797451e-01
1.756056e-01
1.721000e-01
1.691915e-01
1.668286e-01
1.649413e-01
1.634674e-01
1.623280e-01
1.614539e-01
1.607814e-01
1.602479e-01
1.597939e-01
1.593963e-01
1.590041e-01
1.586115e-01
1.581990e-01
1.577675e-01
1.573309e-01
1.568847e-01
1.564605e-01
1.560680e-01
1.557168e-01
1.554380e-01
1.552249e-01
1.550973e-01
1.550459e-01
1.550765e-01
1.551753e-01
1.553262e-01
1.555134e-01
1.557179e-01
1.559063e-01
1.560708e-01
1.561737e-01
1.562003e-01
1.561275e-01
1.559478e-01
1.556351e-01
1.551899e-01
1.546075e-01
1.538871e-01
1.530315e-01
1.520475e-01
1.509433e-01
1.497342e-01
1.484290e-01
1.470397e-01
1.455840e-01
1.440722e-01
1.425194e-01
1.409423e-01
1.393570e-01
1.377698e-01
1.362095e-01
1.346872e-01
1.332210e-01
1.318406e-01
1.305633e-01
1.294221e-01
1.284336e-01
1.276403e-01
1.270629e-01
1.267345e-01
1.266831e-01
1.269298e-01
1.275025e-01
1.283995e-01
1.296430e-01
1.312314e-01
1.331514e-01
1.353793e-01
1.378978e-01
1.406694e-01
1.436476e-01
1.467879e-01
1.500402e-01
1.533510e-01
1.566744e-01
1.599576e-01
1.631679e-01
1.662769e-01
1.692756e-01
1.721626e-01
1.749595e-01
1.777078e-01
1.804608e-01
1.832965e-01
1.863097e-01
1.896088e-01
1.933022e-01
1.975328e-01
2.024099e-01
2.080570e-01
2.145972e-01
2.221139e-01
2.306937e-01
2.403696e-01
2.511572e-01
2.630315e-01
2.759215e-01
2.897195e-01
3.042623e-01
3.193553e-01
3.347464e-01
3.501599e-01
3.652698e-01
3.797415e-01
3.931995e-01
4.052793e-01
4.155924e-01
4.237752e-01
4.294764e-01
4.323803e-01
4.321859e-01
4.286822e-01
4.216711e-01
4.110459e-01
3.967564e-01
3.788230e-01
3.573430e-01
3.324769e-01
3.044753e-01
2.736426e-01
2.403285e-01
2.049644e-01
1.680063e-01
1.299532e-01
9.131900e-02
5.263433e-02
1.442054e-02
-2.280099e-02
-5.853881e-02
-9.234820e-02
-1.238106e-01
-1.525597e-01
-1.783189e-01
-2.008324e-01
-2.199486e-01
-2.355686e-01
-2.476606e-01
-2.562807e-01
-2.615259e-01
-2.635740e-01
-2.626397e-01
-2.589977e-01
-2.529489e-01
-2.448408e-01
-2.350304e-01
-2.238933e-01
-2.117994e-01
-1.991319e-01
-1.862420e-01
-1.734810e-01
-1.611610e-01
-1.495717e-01
-1.389662e-01
-1.295613e-01
-1.215327e-01
-1.150177e-01
-1.101171e-01
-1.068778e-01
-1.053381e-01
-1.054614e-01
-1.072105e-01
-1.104927e-01
-1.152111e-01
-1.212318e-01
-1.284000e-01
-1.365547e-01
-1.455121e-01
-1.550861e-01
-1.650814e-01
-1.753132e-01
-1.855805e-01
-1.957085e-01
-2.055199e-01
-2.148481e-01
-2.235523e-01
-2.314987e-01
-2.385893e-01
-2.447343e-01
-2.498731e-01
-2.539813e-01
-2.570505e-01
-2.591023e-01
-2.601796e-01
-2.603646e-01
-2.597517e-01
-2.584576e-01
-2.566226e-01
-2.543952e-01
-2.519286e-01
-2.493872e-01
-2.469272e-01
-2.446997e-01
-2.428432e-01
-2.414805e-01
-2.406938e-01
-2.405574e-01
-2.411007e-01
-2.423256e-01
-2.441910e-01
-2.466314e-01
-2.495405e-01
-2.527784e-01
-2.561854e-01
-2.595774e-01
-2.627588e-01
-2.655234e-01
-2.676752e-01
-2.690173e-01
-2.693780e-01
-2.686149e-01
-2.666112e-01
-2.632939e-01
-2.586380e-01
-2.526686e-01
-2.454411e-01
-2.370841e-01
-2.277431e-01
-2.176281e-01
-2.069600e-01
-1.959909e-01
-1.849916e-01
-1.742156e-01
-1.639194e-01
-1.543273e-01
-1.456314e-01
-1.379754e-01
-1.314422e-01
-1.260664e-01
-1.217882e-01
-1.184979e-01
-1.160005e-01
-1.140391e-01
-1.122942e-01
-1.103903e-01
-1.079227e-01
-1.044428e-01
-9.950867e-02
-9.267329e-02
-8.352481e-02
-7.169186e-02
-5.686322e-02
-3.881842e-02
-1.740096e-02
7.418148e-03
3.556449e-02
6.685494e-02
1.009839e-01
1.375392e-01
1.760010e-01
2.157627e-01
2.561362e-01
2.963773e-01
3.357028e-01
3.733203e-01
4.084388e-01
4.402982e-01
4.682065e-01
4.915322e-01
5.097476e-01
5.224417e-01
5.293195e-01
5.302197e-01
5.251328e-01
5.141671e-01
4.975680e-01
4.757211e-01
4.490962e-01
4.182706e-01
3.838945e-01
3.466665e-01
3.073091e-01
2.665595e-01
2.251298e-01
1.836927e-01
1.428628e-01
1.031737e-01
6.507856e-02
2.891095e-02
-5.071288e-03
-3.675042e-02
-6.607786e-02
-9.312369e-02
-1.180327e-01
-1.410170e-01
-1.623439e-01
-1.823150e-01
-2.012285e-01
-2.193992e-01
-2.370869e-01
-2.545209e-01
-2.718708e-01
-2.892104e-01
-3.065519e-01
-3.237934e-01
-3.407616e-01
-3.571795e-01
-3.726958e-01
-3.868886e-01
-3.992693e-01
-4.093306e-01
-4.165319e-01
-4.203549e-01
-4.202902e-01
-4.158937e-01
-4.067920e-01
-3.926967e-01
-3.734361e-01
-3.489574e-01
-3.193468e-01
-2.848144e-01
-2.457182e-01
-2.025463e-01
-1.559047e-01
-1.065172e-01
-5.518709e-02
-2.791731e-03
4.974215e-02
1.014838e-01
1.514974e-01
1.988965e-01
2.428513e-01
2.826241e-01
3.175822e-01
3.472324e-01
3.712101e-01
3.893121e-01
4.014892e-01
4.078445e-01
4.086277e-01
4.042305e-01
3.951557e-01
3.820138e-01
3.654777e-01
3.462843e-01
3.251799e-01
3.029075e-01
2.801754e-01
2.576242e-01
2.358176e-01
2.152092e-01
1.961364e-01
1.787996e-01
1.632693e-01
1.494731e-01
1.372204e-01
1.261977e-01
1.159851e-01
1.060953e-01
9.598688e-02
8.507773e-02
7.280354e-02
5.864108e-02
4.211573e-02
2.284252e-02
5.720190e-04
-2.483220e-02
-5.333277e-02
-8.475029e-02
-1.187316e-01
-1.547488e-01
-1.921469e-01
-2.301103e-01
-2.677233e-01
-3.039722e-01
-3.378007e-01
-3.681209e-01
-3.938563e-01
-4.140045e-01
-4.276344e-01
-4.339575e-01
-4.323355e-01
-4.223315e-01
-4.036990e-01
-3.764364e-01
-3.407661e-01
-2.971535e-01
-2.462900e-01
-1.890865e-01
-1.266430e-01
-6.023729e-02
8.732857e-03
7.876767e-02
1.483117e-01
2.157999e-01
2.797052e-01
3.385720e-01
3.910592e-01
4.359907e-01
4.723637e-01
4.993997e-01
5.165431e-01
5.234940e-01
5.201954e-01
5.068411e-01
4.838698e-01
4.519366e-01
4.119023e-01
3.647923e-01
3.117854e-01
2.541471e-01
1.932283e-01
1.303989e-01
6.703036e-02
4.437310e-03
-5.613480e-02
-1.135508e-01
-1.668015e-01
-2.150434e-01
-2.575784e-01
-2.939142e-01
-3.237126e-01
-3.468314e-01
-3.632863e-01
-3.732723e-01
-3.771035e-01
-3.752470e-01
-3.682559e-01
-3.567848e-01
-3.415338e-01
-3.232431e-01
-3.026740e-01
-2.805707e-01
-2.576653e-01
-2.346191e-01
-2.120650e-01
-1.905394e-01
-1.705089e-01
-1.523508e-01
-1.363389e-01
-1.226768e-01
-1.114509e-01
-1.026725e-01
-9.626675e-02
-9.207678e-02
-8.988369e-02
-8.939995e-02
-9.030180e-02
-9.221191e-02
-9.473621e-02
-9.745579e-02
-9.995312e-02
-1.018150e-01
-1.026314e-01
-1.020405e-01
-9.969887e-02
-9.531269e-02
-8.863404e-02
-7.947289e-02
-6.770528e-02
-5.326340e-02
-3.614223e-02
-1.640596e-02
5.820925e-03
3.035342e-02
5.696952e-02
8.538430e-02
1.152969e-01
1.463720e-01
1.782571e-01
2.106190e-01
2.431066e-01
2.754190e-01
3.072677e-01
3.384166e-01
3.686800e-01
3.979180e-01
4.260612e-01
4.530853e-01
4.790356e-01
5.040050e-01
5.281156e-01
5.515400e-01
5.744585e-01
5.970658e-01
6.195241e-01
6.420020e-01
6.645986e-01
6.873709e-01
7.102935e-01
7.332760e-01
7.561118e-01
7.785467e-01
8.001865e-01
8.205940e-01
8.391945e-01
8.554097e-01
8.685687e-01
8.779904e-01
8.829703e-01
8.828283e-01
8.769252e-01
8.646875e-01
8.456460e-01
8.194289e-01
7.858157e-01
7.447280e-01
6.962591e-01
6.406800e-01
5.784279e-01
5.100879e-01
4.364614e-01
3.584324e-01
2.770548e-01
1.934610e-01
1.088488e-01
2.447385e-02
