0.072000 1
0.288000 3
0.412000 3
0.540000 2
0.656000 3
0.748000 3
0.828000 3
0.932000 3
1.080000 1
1.296000 1
1.356000 1
1.700000 1
1.728000 1
2.172000e+00 -1
2.380000 1
2.516000 3
2.652000 3
2.780000 2
2.904000 3
3.060000 2
3.168000 3
3.324000 3
3.396000 3
3.512000 3
3.628000 1
3.808000 3
3.912000 3
4.196000 3
4.356000 2
4.544000 3
4.708000 3
5.056000 1
5.088000 1
5.608000e+00 -1
5.828000 3
6.164000 1
6.216000 1
6.416000e+00 -1
6.580000 3
6.772000 2
6.940000 3
7.040000 1
7.212000 3
7.400000 2
7.568000 3
7.752000 1
7.860000 3
8.032000 1
8.196000 3
8.324000 2
8.488000 1
8.544000 1
