
1.001777e+00
1.001777e+00
1.001777e+00
1.001777e+00
1.001777e+00
1.001777e+00
1.001777e+00
1.001777e+00
1.001777e+00
1.001777e+00
1.001777e+00
1.001777e+00
1.001777e+00
1.001777e+00
1.001777e+00
1.001777e+00
1.001777e+00
1.001777e+00
1.001777e+00
1.001777e+00
1.001777e+00
1.001777e+00
1.001689e+00
1.001665e+00
1.001638e+00
1.001615e+00
1.001592e+00
1.001530e+00
1.001507e+00
1.001460e+00
1.001444e+00
1.001449e+00
1.001458e+00
1.001463e+00
1.000859e+00
1.000694e+00
1.000494e+00
1.000466e+00
1.000408e+00
1.000389e+00
1.000349e+00
1.000331e+00
1.000301e+00
1.000279e+00
1.000261e+00
1.000236e+00
1.000236e+00
1.000207e+00
1.000216e+00
1.000183e+00
1.000197e+00
1.000162e+00
1.000180e+00
1.000144e+00
1.000165e+00
1.000130e+00
1.000152e+00
1.000117e+00
1.000139e+00
1.000105e+00
1.000128e+00
1.000094e+00
1.000114e+00
1.000084e+00
1.000082e+00
1.000059e+00
1.000051e+00
1.000035e+00
1.000024e+00
1.000024e+00
1.000007e+00
1.000021e+00
1.000000e+00
1.000018e+00
1.000000e+00
1.000014e+00
1.000001e+00
1.000014e+00
1.000006e+00
1.000006e+00
1.000018e+00
1.000008e+00
1.000011e+00
1.000012e+00
1.000022e+00
1.000019e+00
1.000022e+00
1.000026e+00
1.000028e+00
1.000032e+00
1.000033e+00
1.000039e+00
1.000040e+00
1.000044e+00
1.000042e+00
1.000042e+00
1.000053e+00
1.000054e+00
1.000057e+00
1.000060e+00
1.000053e+00
1.000065e+00
1.000058e+00
1.000059e+00
1.000071e+00
1.000075e+00
1.000081e+00
1.000092e+00
1.000096e+00
1.000107e+00
1.000116e+00
1.000116e+00
1.000120e+00
1.000123e+00
1.000122e+00
1.000125e+00
1.000123e+00
1.000129e+00
1.000134e+00
1.000121e+00
1.000135e+00
1.000117e+00
1.000136e+00
1.000113e+00
1.000136e+00
1.000109e+00
1.000131e+00
1.000107e+00
1.000129e+00
1.000104e+00
1.000126e+00
1.000094e+00
1.000111e+00
1.000083e+00
1.000103e+00
1.000080e+00
1.000101e+00
1.000081e+00
1.000100e+00
1.000080e+00
1.000098e+00
1.000087e+00
1.000097e+00
1.000089e+00
1.000095e+00
1.000091e+00
1.000092e+00
1.000100e+00
1.000105e+00
1.000131e+00
1.000126e+00
1.000160e+00
1.000142e+00
1.000169e+00
1.000132e+00
1.000161e+00
1.000124e+00
1.000153e+00
1.000120e+00
1.000150e+00
1.000115e+00
1.000138e+00
1.000100e+00
1.000116e+00
1.000078e+00
1.000092e+00
1.000063e+00
1.000080e+00
1.000054e+00
1.000075e+00
1.000052e+00
1.000073e+00
1.000052e+00
1.000074e+00
1.000055e+00
1.000076e+00
1.000057e+00
1.000078e+00
1.000059e+00
1.000078e+00
1.000059e+00
1.000077e+00
1.000059e+00
1.000073e+00
1.000058e+00
1.000069e+00
1.000056e+00
1.000070e+00
1.000062e+00
1.000079e+00
1.000079e+00
1.000103e+00
1.000120e+00
1.000158e+00
1.000185e+00
1.000269e+00
1.000324e+00
1.000386e+00
1.000512e+00
1.000560e+00
1.000698e+00
1.000772e+00
1.000844e+00
1.000992e+00
1.001096e+00
1.001132e+00
1.001159e+00
1.001160e+00
1.001179e+00
1.001195e+00
1.001235e+00
1.001280e+00
1.001360e+00
1.001369e+00
1.001180e+00
1.001136e+00
1.001103e+00
1.001094e+00
1.001093e+00
1.001139e+00
1.001186e+00
1.001305e+00
1.001382e+00
1.001408e+00
1.001412e+00
1.001421e+00
1.001396e+00
1.001398e+00
1.001382e+00
1.001385e+00
1.001383e+00
1.001405e+00
1.001482e+00
1.001517e+00
1.001534e+00
1.001552e+00
1.001532e+00
1.001535e+00
1.001575e+00
1.001542e+00
1.000748e+00
1.000687e+00
1.000606e+00
1.000521e+00
1.000503e+00
1.000465e+00
1.000439e+00
1.000301e+00
1.000275e+00
1.000191e+00
1.000160e+00
1.000134e+00
1.000115e+00
1.000113e+00
1.000104e+00
1.000113e+00
1.000105e+00
1.000115e+00
1.000108e+00
1.000116e+00
1.000116e+00
1.000113e+00
1.000120e+00
1.000112e+00
1.000118e+00
1.000114e+00
1.000110e+00
1.000111e+00
1.000099e+00
1.000108e+00
1.000099e+00
1.000114e+00
1.000115e+00
1.000127e+00
1.000136e+00
1.000141e+00
1.000161e+00
1.000162e+00
1.000207e+00
1.000209e+00
1.000266e+00
1.000280e+00
1.000291e+00
1.000285e+00
1.000231e+00
1.000224e+00
1.000208e+00
1.000221e+00
1.000228e+00
1.000290e+00
1.000324e+00
1.000399e+00
1.000525e+00
1.000551e+00
1.000632e+00
1.000718e+00
1.000774e+00
1.000840e+00
1.001003e+00
1.001094e+00
1.001185e+00
1.001241e+00
1.001231e+00
1.001232e+00
1.001237e+00
1.001262e+00
1.001293e+00
1.001315e+00
1.001335e+00
1.001363e+00
1.000704e+00
1.000656e+00
1.000585e+00
1.000518e+00
1.000498e+00
1.000483e+00
1.000473e+00
1.000433e+00
1.000390e+00
1.000273e+00
1.000243e+00
1.000203e+00
1.000188e+00
1.000164e+00
1.000172e+00
1.000150e+00
1.000158e+00
1.000136e+00
1.000151e+00
1.000148e+00
1.000176e+00
1.000167e+00
1.000203e+00
1.000191e+00
1.000200e+00
1.000190e+00
1.000183e+00
1.000183e+00
1.000178e+00
1.000164e+00
1.000165e+00
1.000150e+00
1.000132e+00
1.000118e+00
1.000108e+00
1.000097e+00
1.000094e+00
1.000097e+00
1.000099e+00
1.000100e+00
1.000104e+00
1.000112e+00
1.000113e+00
1.000106e+00
1.000119e+00
1.000108e+00
1.000108e+00
1.000109e+00
1.000118e+00
1.000122e+00
1.000133e+00
1.000157e+00
1.000165e+00
1.000197e+00
1.000213e+00
1.000268e+00
1.000294e+00
1.000379e+00
1.000459e+00
1.000527e+00
1.000652e+00
1.000679e+00
1.000734e+00
1.000880e+00
1.000971e+00
1.001004e+00
1.001082e+00
1.001150e+00
1.001199e+00
1.001272e+00
1.001264e+00
1.001332e+00
1.001396e+00
1.001407e+00
1.001413e+00
1.001426e+00
1.001408e+00
1.000631e+00
1.000594e+00
1.000559e+00
1.000550e+00
1.000493e+00
1.000395e+00
1.000316e+00
1.000276e+00
1.000242e+00
1.000205e+00
1.000200e+00
1.000178e+00
1.000182e+00
1.000161e+00
1.000166e+00
1.000156e+00
1.000159e+00
1.000153e+00
1.000154e+00
1.000158e+00
1.000151e+00
1.000167e+00
1.000171e+00
1.000197e+00
1.000213e+00
1.000259e+00
1.000277e+00
1.000296e+00
1.000280e+00
1.000270e+00
1.000222e+00
1.000218e+00
1.000204e+00
1.000197e+00
1.000196e+00
1.000200e+00
1.000202e+00
1.000208e+00
1.000220e+00
1.000219e+00
1.000232e+00
1.000236e+00
1.000244e+00
1.000254e+00
1.000263e+00
1.000320e+00
1.000327e+00
1.000367e+00
1.000473e+00
1.000520e+00
1.000580e+00
1.000657e+00
1.000720e+00
1.000739e+00
1.000928e+00
1.001018e+00
1.001071e+00
1.001143e+00
1.001162e+00
1.001183e+00
1.001255e+00
1.001272e+00
1.001300e+00
1.001328e+00
1.000892e+00
1.000696e+00
1.000617e+00
1.000540e+00
1.000517e+00
1.000506e+00
1.000510e+00
1.000525e+00
1.000579e+00
1.000622e+00
1.000659e+00
1.000708e+00
1.000705e+00
1.000671e+00
1.000641e+00
1.000641e+00
1.000626e+00
1.000628e+00
1.000648e+00
1.000678e+00
1.000684e+00
1.000710e+00
1.000730e+00
1.000736e+00
1.000726e+00
1.000720e+00
1.000693e+00
1.000613e+00
1.000388e+00
1.000352e+00
1.000303e+00
1.000261e+00
1.000246e+00
1.000225e+00
1.000224e+00
1.000207e+00
1.000216e+00
1.000213e+00
1.000220e+00
1.000221e+00
1.000223e+00
1.000227e+00
1.000230e+00
1.000235e+00
1.000238e+00
1.000278e+00
1.000284e+00
1.000311e+00
1.000391e+00
1.000432e+00
1.000500e+00
1.000639e+00
1.000703e+00
1.000782e+00
1.000944e+00
1.001008e+00
1.001079e+00
1.001127e+00
1.001146e+00
1.001196e+00
1.001230e+00
1.001252e+00
1.001339e+00
1.001353e+00
1.000734e+00
1.000624e+00
1.000575e+00
1.000553e+00
1.000461e+00
1.000411e+00
1.000339e+00
1.000304e+00
1.000286e+00
1.000261e+00
1.000258e+00
1.000271e+00
1.000274e+00
1.000281e+00
1.000298e+00
1.000309e+00
1.000320e+00
1.000334e+00
1.000344e+00
1.000374e+00
1.000369e+00
1.000383e+00
1.000385e+00
1.000385e+00
1.000395e+00
1.000388e+00
1.000382e+00
1.000412e+00
1.000408e+00
1.000410e+00
1.000462e+00
1.000467e+00
1.000472e+00
1.000520e+00
1.000534e+00
1.000519e+00
1.000568e+00
1.000597e+00
1.000608e+00
1.000578e+00
1.000600e+00
1.000602e+00
1.000602e+00
1.000605e+00
1.000705e+00
1.000831e+00
1.000871e+00
1.000824e+00
1.000788e+00
1.000775e+00
1.000752e+00
1.000737e+00
1.000738e+00
1.000717e+00
1.000721e+00
1.000736e+00
1.000762e+00
1.000802e+00
1.000994e+00
1.001118e+00
1.001232e+00
1.001287e+00
1.001040e+00
1.001013e+00
1.001010e+00
1.001008e+00
1.001007e+00
1.001123e+00
1.001244e+00
1.001303e+00
1.001342e+00
1.001356e+00
1.001372e+00
1.001420e+00
1.001417e+00
1.001421e+00
1.001517e+00
1.001509e+00
1.001485e+00
1.001466e+00
1.001483e+00
1.001483e+00
1.001487e+00
1.001489e+00
1.001538e+00
1.001532e+00
1.001512e+00
1.001481e+00
1.001504e+00
1.001502e+00
1.001483e+00
1.001499e+00
1.001516e+00
1.001517e+00
1.001519e+00
1.001556e+00
1.001564e+00
1.001577e+00
1.001506e+00
1.001466e+00
1.001469e+00
1.001437e+00
1.001436e+00
1.001466e+00
1.001501e+00
1.001460e+00
1.001492e+00
1.001490e+00
1.001486e+00
1.001495e+00
1.001531e+00
1.001521e+00
1.001537e+00
1.001455e+00
1.001449e+00
1.001439e+00
1.001449e+00
1.001441e+00
1.001505e+00
1.001485e+00
1.001521e+00
1.001509e+00
1.001516e+00
1.001509e+00
1.001529e+00
1.001508e+00
1.001510e+00
1.001506e+00
1.001497e+00
1.001501e+00
1.001504e+00
1.001498e+00
1.001490e+00
1.001504e+00
1.001506e+00
1.001504e+00
1.001506e+00
1.001499e+00
1.001504e+00
1.001494e+00
1.001509e+00
1.001505e+00
1.001526e+00
1.001514e+00
1.001519e+00
1.001514e+00
1.001526e+00
1.001538e+00
1.001535e+00
1.001535e+00
1.001536e+00
1.001508e+00
1.001498e+00
1.001499e+00
1.001508e+00
1.001497e+00
1.001522e+00
1.001534e+00
1.001535e+00
1.001498e+00
1.001479e+00
1.001429e+00
1.001391e+00
1.001367e+00
1.001359e+00
1.001361e+00
1.001351e+00
1.001373e+00
1.001386e+00
1.001408e+00
1.001416e+00
1.001482e+00
1.001481e+00
1.001498e+00
1.001503e+00
1.001473e+00
1.001477e+00
1.001481e+00
1.001498e+00
1.001483e+00
1.001523e+00
1.001521e+00
1.001515e+00
1.001501e+00
1.001504e+00
1.001491e+00
1.001480e+00
1.001468e+00
1.001474e+00
1.001476e+00
1.001476e+00
1.001482e+00
1.001508e+00
1.001492e+00
1.001461e+00
1.001437e+00
1.001412e+00
1.001410e+00
1.001418e+00
1.001419e+00
1.001441e+00
1.001469e+00
1.001474e+00
1.001469e+00
1.001495e+00
1.001500e+00
1.001518e+00
1.001523e+00
1.001530e+00
1.001540e+00
1.001536e+00
1.001540e+00
1.001525e+00
1.001517e+00
1.001519e+00
1.001496e+00
1.001489e+00
1.001494e+00
1.001506e+00
1.001511e+00
1.001558e+00
1.001570e+00
1.001516e+00
1.001528e+00
1.001527e+00
1.001518e+00
1.001499e+00
1.001497e+00
1.001491e+00
1.001487e+00
1.001491e+00
1.001512e+00
1.001570e+00
1.001569e+00
1.001567e+00
1.001546e+00
1.001555e+00
1.001536e+00
1.001547e+00
1.001563e+00
1.001571e+00
1.001542e+00
1.001543e+00
1.001535e+00
1.001510e+00
1.001513e+00
1.001533e+00
1.001549e+00
1.001544e+00
1.001552e+00
1.001521e+00
1.001522e+00
1.001511e+00
1.001520e+00
1.001480e+00
1.001479e+00
1.001460e+00
1.001469e+00
1.001461e+00
1.001512e+00
1.001552e+00
1.001581e+00
1.001546e+00
1.001534e+00
1.001526e+00
1.001450e+00
1.001446e+00
1.001459e+00
1.001461e+00
1.001439e+00
1.001312e+00
1.001306e+00
1.001301e+00
1.000840e+00
1.000838e+00
1.000838e+00
1.000836e+00
1.000808e+00
1.000923e+00
1.000887e+00
1.000873e+00
1.000848e+00
1.000852e+00
1.000705e+00
1.000460e+00
1.000400e+00
1.000305e+00
1.000273e+00
1.000204e+00
1.000194e+00
1.000162e+00
1.000161e+00
1.000151e+00
1.000158e+00
1.000158e+00
1.000163e+00
1.000171e+00
1.000161e+00
1.000183e+00
1.000177e+00
1.000193e+00
1.000196e+00
1.000226e+00
1.000230e+00
1.000249e+00
1.000260e+00
1.000255e+00
1.000256e+00
1.000244e+00
1.000238e+00
1.000241e+00
1.000237e+00
1.000237e+00
1.000232e+00
1.000230e+00
1.000231e+00
1.000230e+00
1.000230e+00
1.000230e+00
1.000233e+00
1.000234e+00
1.000235e+00
1.000240e+00
1.000246e+00
1.000239e+00
1.000242e+00
1.000234e+00
1.000193e+00
1.000194e+00
1.000156e+00
1.000132e+00
1.000126e+00
1.000114e+00
1.000105e+00
1.000103e+00
1.000103e+00
1.000094e+00
1.000099e+00
1.000099e+00
1.000092e+00
1.000092e+00
1.000082e+00
1.000083e+00
1.000082e+00
1.000076e+00
1.000080e+00
1.000074e+00
1.000080e+00
1.000061e+00
1.000078e+00
1.000064e+00
1.000075e+00
1.000072e+00
1.000075e+00
1.000079e+00
1.000072e+00
1.000081e+00
1.000063e+00
1.000077e+00
1.000064e+00
1.000085e+00
1.000076e+00
1.000098e+00
1.000097e+00
1.000116e+00
1.000126e+00
1.000139e+00
1.000164e+00
1.000184e+00
1.000208e+00
1.000221e+00
1.000275e+00
1.000277e+00
1.000323e+00
1.000348e+00
1.000371e+00
1.000407e+00
1.000410e+00
1.000425e+00
1.000446e+00
1.000442e+00
1.000436e+00
1.000428e+00
1.000420e+00
1.000422e+00
1.000435e+00
1.000459e+00
1.000491e+00
1.000438e+00
1.000394e+00
1.000312e+00
1.000289e+00
1.000229e+00
1.000224e+00
1.000182e+00
1.000184e+00
1.000163e+00
1.000167e+00
1.000152e+00
1.000163e+00
1.000158e+00
1.000156e+00
1.000167e+00
1.000152e+00
1.000168e+00
1.000149e+00
1.000167e+00
1.000154e+00
1.000169e+00
1.000158e+00
1.000170e+00
1.000170e+00
1.000160e+00
1.000177e+00
1.000158e+00
1.000174e+00
1.000153e+00
1.000177e+00
1.000162e+00
1.000189e+00
1.000182e+00
1.000208e+00
1.000206e+00
1.000224e+00
1.000239e+00
1.000263e+00
1.000295e+00
1.000330e+00
1.000380e+00
1.000415e+00
1.000462e+00
1.000482e+00
1.000528e+00
1.000566e+00
1.000580e+00
1.000639e+00
1.000703e+00
1.000743e+00
1.000759e+00
1.000767e+00
1.000776e+00
1.000632e+00
1.000551e+00
1.000543e+00
1.000541e+00
1.000544e+00
1.000588e+00
1.000743e+00
1.000803e+00
1.000757e+00
1.000688e+00
1.000529e+00
1.000517e+00
1.000498e+00
1.000483e+00
1.000432e+00
1.000362e+00
1.000356e+00
1.000296e+00
1.000274e+00
1.000272e+00
1.000269e+00
1.000254e+00
1.000252e+00
1.000247e+00
1.000230e+00
1.000233e+00
1.000239e+00
1.000229e+00
1.000237e+00
1.000221e+00
1.000211e+00
1.000206e+00
1.000196e+00
1.000191e+00
1.000180e+00
1.000176e+00
1.000165e+00
1.000167e+00
1.000163e+00
1.000165e+00
1.000176e+00
1.000165e+00
1.000184e+00
1.000182e+00
1.000192e+00
1.000191e+00
1.000195e+00
1.000197e+00
1.000190e+00
1.000199e+00
1.000194e+00
1.000205e+00
1.000203e+00
1.000196e+00
1.000205e+00
1.000201e+00
1.000202e+00
1.000198e+00
1.000205e+00
1.000206e+00
1.000200e+00
1.000209e+00
1.000209e+00
1.000221e+00
1.000223e+00
1.000232e+00
1.000241e+00
1.000251e+00
1.000264e+00
1.000273e+00
1.000304e+00
1.000308e+00
1.000320e+00
1.000335e+00
1.000336e+00
1.000348e+00
1.000339e+00
1.000345e+00
1.000344e+00
1.000319e+00
1.000316e+00
1.000278e+00
1.000269e+00
1.000247e+00
1.000224e+00
1.000210e+00
1.000183e+00
1.000170e+00
1.000148e+00
1.000144e+00
1.000138e+00
1.000137e+00
1.000136e+00
1.000136e+00
1.000137e+00
1.000124e+00
1.000136e+00
1.000130e+00
1.000140e+00
1.000146e+00
1.000139e+00
1.000146e+00
1.000131e+00
1.000143e+00
1.000128e+00
1.000161e+00
1.000168e+00
1.000223e+00
1.000237e+00
1.000317e+00
1.000296e+00
1.000250e+00
1.000226e+00
1.000162e+00
1.000154e+00
1.000120e+00
1.000127e+00
1.000101e+00
1.000122e+00
1.000096e+00
1.000117e+00
1.000098e+00
1.000115e+00
1.000107e+00
1.000118e+00
1.000114e+00
1.000121e+00
1.000130e+00
1.000120e+00
1.000141e+00
1.000128e+00
1.000146e+00
1.000132e+00
1.000157e+00
1.000151e+00
1.000173e+00
1.000177e+00
1.000190e+00
1.000205e+00
1.000211e+00
1.000221e+00
1.000225e+00
1.000235e+00
1.000232e+00
1.000244e+00
1.000248e+00
1.000247e+00
1.000278e+00
1.000272e+00
1.000282e+00
1.000315e+00
1.000317e+00
1.000341e+00
1.000380e+00
1.000391e+00
1.000417e+00
1.000465e+00
1.000460e+00
1.000453e+00
1.000449e+00
1.000456e+00
1.000458e+00
1.000462e+00
1.000484e+00
1.000507e+00
1.000485e+00
1.000499e+00
1.000516e+00
1.000502e+00
1.000527e+00
1.000553e+00
1.000542e+00
1.000571e+00
1.000621e+00
1.000630e+00
1.000682e+00
1.000731e+00
1.000734e+00
1.000736e+00
1.000746e+00
1.000799e+00
1.001015e+00
1.001117e+00
1.001151e+00
1.001211e+00
1.001086e+00
1.000990e+00
1.000924e+00
1.000909e+00
1.000899e+00
1.000901e+00
1.000919e+00
1.000939e+00
1.000927e+00
1.000935e+00
1.000950e+00
1.000963e+00
1.001010e+00
1.001081e+00
1.001102e+00
1.001112e+00
1.001140e+00
1.001186e+00
1.001292e+00
1.001428e+00
1.001474e+00
1.001494e+00
1.001492e+00
1.001499e+00
1.001498e+00
1.001485e+00
1.001541e+00
1.001527e+00
1.001509e+00
1.001510e+00
1.001539e+00
1.001538e+00
1.001508e+00
1.001496e+00
1.001486e+00
1.001445e+00
1.001440e+00
1.001466e+00
1.001485e+00
1.001491e+00
1.001573e+00
1.001603e+00
1.001579e+00
1.001554e+00
1.001562e+00
1.001549e+00
1.001529e+00
1.001556e+00
1.001582e+00
1.001566e+00
1.001568e+00
1.001539e+00
1.001531e+00
1.001530e+00
1.001517e+00
1.001504e+00
1.001540e+00
1.001523e+00
1.001519e+00
1.001547e+00
1.001571e+00
1.001543e+00
1.001570e+00
1.001524e+00
1.001505e+00
1.001508e+00
1.001523e+00
1.001521e+00
1.001511e+00
1.001534e+00
1.001511e+00
1.001503e+00
1.001486e+00
1.001504e+00
1.001474e+00
1.001479e+00
1.001488e+00
1.001491e+00
1.001515e+00
1.001516e+00
1.001533e+00
1.001514e+00
1.001458e+00
1.001420e+00
1.001417e+00
1.001417e+00
1.001423e+00
1.001461e+00
1.001524e+00
1.001569e+00
1.001549e+00
1.001555e+00
1.001570e+00
1.001579e+00
1.001574e+00
1.001594e+00
1.001555e+00
1.001559e+00
1.001558e+00
1.001574e+00
1.001563e+00
1.001579e+00
1.001566e+00
1.001565e+00
1.001575e+00
1.001563e+00
1.001553e+00
1.001552e+00
1.001525e+00
1.001508e+00
1.001495e+00
1.001490e+00
1.001462e+00
1.001465e+00
1.001474e+00
1.001495e+00
1.001520e+00
1.001590e+00
1.001614e+00
1.001600e+00
1.001601e+00
1.001542e+00
1.001547e+00
1.001540e+00
1.001522e+00
1.001521e+00
1.001535e+00
1.001517e+00
1.001512e+00
1.001516e+00
1.001508e+00
1.001466e+00
1.000811e+00
1.000637e+00
1.000590e+00
1.000576e+00
1.000537e+00
1.000475e+00
1.000289e+00
1.000259e+00
1.000174e+00
1.000156e+00
1.000108e+00
1.000116e+00
1.000093e+00
1.000113e+00
1.000091e+00
1.000108e+00
1.000093e+00
1.000102e+00
1.000095e+00
1.000094e+00
1.000105e+00
1.000098e+00
1.000107e+00
1.000096e+00
1.000110e+00
1.000108e+00
1.000108e+00
1.000108e+00
1.000103e+00
1.000105e+00
1.000089e+00
1.000094e+00
1.000091e+00
1.000085e+00
1.000085e+00
1.000084e+00
1.000082e+00
1.000088e+00
1.000082e+00
1.000088e+00
1.000087e+00
1.000090e+00
1.000091e+00
1.000096e+00
1.000097e+00
1.000102e+00
1.000105e+00
1.000107e+00
1.000119e+00
1.000117e+00
1.000125e+00
1.000130e+00
1.000127e+00
1.000139e+00
1.000145e+00
1.000166e+00
1.000185e+00
1.000199e+00
1.000270e+00
1.000309e+00
1.000387e+00
1.000579e+00
1.000620e+00
1.000689e+00
1.000782e+00
1.000845e+00
1.000962e+00
1.001056e+00
1.001110e+00
1.001167e+00
1.001199e+00
1.001217e+00
1.001247e+00
1.001307e+00
1.001316e+00
1.001332e+00
1.001374e+00
1.001400e+00
1.000768e+00
1.000701e+00
1.000677e+00
1.000656e+00
1.000652e+00
1.000686e+00
1.000737e+00
1.000783e+00
1.000891e+00
1.000951e+00
1.001018e+00
1.001108e+00
1.001117e+00
1.001130e+00
1.001151e+00
1.001138e+00
1.001134e+00
1.001181e+00
1.001147e+00
1.001148e+00
1.001220e+00
1.001232e+00
1.001241e+00
1.001469e+00
1.001468e+00
1.001492e+00
1.001492e+00
1.001462e+00
1.001475e+00
1.001472e+00
1.001469e+00
1.001463e+00
1.001489e+00
1.001439e+00
1.001383e+00
1.000422e+00
1.000363e+00
1.000333e+00
1.000280e+00
1.000251e+00
1.000230e+00
1.000227e+00
1.000201e+00
1.000199e+00
1.000193e+00
1.000200e+00
1.000195e+00
1.000197e+00
1.000189e+00
1.000178e+00
1.000183e+00
1.000176e+00
1.000193e+00
1.000210e+00
1.000243e+00
1.000251e+00
1.000304e+00
1.000319e+00
1.000357e+00
1.000395e+00
1.000402e+00
1.000399e+00
1.000397e+00
1.000376e+00
1.000381e+00
1.000385e+00
1.000379e+00
1.000378e+00
1.000397e+00
1.000393e+00
1.000396e+00
1.000402e+00
1.000403e+00
1.000410e+00
1.000413e+00
1.000425e+00
1.000439e+00
1.000471e+00
1.000497e+00
1.000549e+00
1.000596e+00
1.000587e+00
1.000384e+00
1.000325e+00
1.000229e+00
1.000201e+00
1.000153e+00
1.000147e+00
1.000113e+00
1.000119e+00
1.000089e+00
1.000103e+00
1.000078e+00
1.000090e+00
1.000072e+00
1.000084e+00
1.000077e+00
1.000082e+00
1.000086e+00
1.000083e+00
1.000093e+00
1.000081e+00
1.000088e+00
1.000082e+00
1.000087e+00
1.000086e+00
1.000085e+00
1.000092e+00
1.000086e+00
1.000100e+00
1.000100e+00
1.000107e+00
1.000113e+00
1.000122e+00
1.000134e+00
1.000147e+00
1.000180e+00
1.000197e+00
1.000249e+00
1.000276e+00
1.000294e+00
1.000364e+00
1.000368e+00
1.000403e+00
1.000445e+00
1.000426e+00
1.000455e+00
1.000463e+00
1.000436e+00
1.000448e+00
1.000417e+00
1.000382e+00
1.000373e+00
1.000315e+00
1.000298e+00
1.000296e+00
1.000272e+00
1.000264e+00
1.000285e+00
1.000277e+00
1.000283e+00
1.000305e+00
1.000316e+00
1.000332e+00
1.000348e+00
1.000357e+00
1.000387e+00
1.000379e+00
1.000383e+00
1.000419e+00
1.000409e+00
1.000418e+00
1.000467e+00
1.000476e+00
1.000492e+00
1.000518e+00
1.000499e+00
1.000512e+00
1.000521e+00
1.000523e+00
1.000562e+00
1.000598e+00
1.000602e+00
1.000636e+00
1.000663e+00
1.000666e+00
1.000700e+00
1.000704e+00
1.000699e+00
1.000698e+00
1.000740e+00
1.000779e+00
1.000788e+00
1.000721e+00
1.000718e+00
1.000716e+00
1.000703e+00
1.000721e+00
1.000805e+00
1.000819e+00
1.000810e+00
1.000828e+00
1.000836e+00
1.000835e+00
1.000840e+00
1.000870e+00
1.000939e+00
1.000979e+00
1.001032e+00
1.001058e+00
1.001068e+00
1.001098e+00
1.001120e+00
1.001138e+00
1.001149e+00
1.001184e+00
1.001188e+00
1.001169e+00
1.001187e+00
1.001211e+00
1.001231e+00
1.001267e+00
1.001377e+00
1.001422e+00
1.001407e+00
1.001413e+00
1.001423e+00
1.001425e+00
1.001444e+00
1.001480e+00
1.001500e+00
1.001497e+00
1.001525e+00
1.001516e+00
1.001553e+00
1.001533e+00
1.001539e+00
1.001517e+00
1.001529e+00
1.001525e+00
1.001545e+00
1.001558e+00
1.001588e+00
1.001562e+00
1.001560e+00
1.001562e+00
1.001556e+00
1.001566e+00
1.001590e+00
1.001577e+00
1.001559e+00
1.001565e+00
1.001482e+00
1.001479e+00
1.001473e+00
1.001473e+00
1.001480e+00
1.001513e+00
1.001520e+00
1.001546e+00
1.001543e+00
1.001544e+00
1.001608e+00
1.001616e+00
1.001588e+00
1.001583e+00
1.001580e+00
1.001555e+00
1.001551e+00
1.001551e+00
1.001517e+00
1.001429e+00
1.001411e+00
1.001402e+00
1.001404e+00
1.001416e+00
1.001488e+00
1.001499e+00
1.001527e+00
1.001519e+00
1.001505e+00
1.001488e+00
1.001470e+00
1.001420e+00
1.001405e+00
1.001405e+00
1.001411e+00
1.001423e+00
1.001459e+00
1.001493e+00
1.001479e+00
1.001473e+00
1.001503e+00
1.001527e+00
1.001472e+00
1.001455e+00
1.001444e+00
1.001432e+00
1.001410e+00
1.001432e+00
1.001466e+00
1.001473e+00
1.001466e+00
1.001478e+00
1.001480e+00
1.001483e+00
1.001488e+00
1.001513e+00
1.001567e+00
1.001565e+00
1.001455e+00
1.001433e+00
1.001432e+00
1.001426e+00
1.001422e+00
1.001479e+00
1.001486e+00
1.001473e+00
1.001475e+00
1.001493e+00
1.001489e+00
1.001542e+00
1.001584e+00
1.001610e+00
1.001557e+00
1.001532e+00
1.001460e+00
1.001451e+00
1.001424e+00
1.001426e+00
1.001437e+00
1.001484e+00
1.001498e+00
1.001558e+00
1.001576e+00
1.001572e+00
1.001583e+00
1.001574e+00
1.001579e+00
1.001491e+00
1.001480e+00
1.001474e+00
1.001473e+00
1.001467e+00
1.001532e+00
1.001513e+00
1.001496e+00
1.001467e+00
1.001451e+00
1.000781e+00
1.000647e+00
1.000421e+00
1.000374e+00
1.000293e+00
1.000259e+00
1.000234e+00
1.000231e+00
1.000226e+00
1.000227e+00
1.000239e+00
1.000214e+00
1.000206e+00
1.000178e+00
1.000175e+00
1.000159e+00
1.000171e+00
1.000175e+00
1.000199e+00
1.000226e+00
1.000272e+00
1.000313e+00
1.000378e+00
1.000502e+00
1.000543e+00
1.000587e+00
1.000694e+00
1.000735e+00
1.000908e+00
1.001012e+00
1.001085e+00
1.001197e+00
1.000768e+00
1.000687e+00
1.000683e+00
1.000652e+00
1.000578e+00
1.000510e+00
1.000448e+00
1.000397e+00
1.000378e+00
1.000357e+00
1.000351e+00
1.000354e+00
1.000377e+00
1.000393e+00
1.000434e+00
1.000479e+00
1.000443e+00
1.000326e+00
1.000219e+00
1.000201e+00
1.000144e+00
1.000133e+00
1.000105e+00
1.000112e+00
1.000082e+00
1.000099e+00
1.000073e+00
1.000086e+00
1.000068e+00
1.000078e+00
1.000057e+00
1.000067e+00
1.000056e+00
1.000064e+00
1.000066e+00
1.000067e+00
1.000076e+00
1.000073e+00
1.000078e+00
1.000067e+00
1.000084e+00
1.000073e+00
1.000087e+00
1.000082e+00
1.000105e+00
1.000113e+00
1.000140e+00
1.000172e+00
1.000195e+00
1.000214e+00
1.000213e+00
1.000214e+00
1.000201e+00
1.000210e+00
1.000213e+00
1.000212e+00
1.000218e+00
1.000216e+00
1.000225e+00
1.000225e+00
1.000222e+00
1.000225e+00
1.000224e+00
1.000201e+00
1.000189e+00
1.000185e+00
1.000174e+00
1.000177e+00
1.000186e+00
1.000192e+00
1.000195e+00
1.000203e+00
1.000204e+00
1.000203e+00
1.000205e+00
1.000219e+00
1.000218e+00
1.000227e+00
1.000244e+00
1.000250e+00
1.000264e+00
1.000270e+00
1.000278e+00
1.000310e+00
1.000315e+00
1.000334e+00
1.000397e+00
1.000409e+00
1.000465e+00
1.000567e+00
1.000585e+00
1.000644e+00
1.000793e+00
1.000815e+00
1.000933e+00
1.001057e+00
1.001075e+00
1.001197e+00
1.001281e+00
1.001310e+00
1.001424e+00
1.001437e+00
1.001438e+00
1.001454e+00
1.001452e+00
1.001468e+00
1.001483e+00
1.001490e+00
1.001481e+00
1.001485e+00
1.001506e+00
1.001496e+00
1.001464e+00
1.001457e+00
1.001495e+00
1.001481e+00
1.001492e+00
1.001510e+00
1.001541e+00
1.001535e+00
1.001534e+00
1.001526e+00
1.001565e+00
1.001523e+00
1.000765e+00
1.000755e+00
1.000746e+00
1.000697e+00
1.000679e+00
1.000722e+00
1.000713e+00
1.000715e+00
1.000769e+00
1.000815e+00
1.000841e+00
1.000906e+00
1.000923e+00
1.000969e+00
1.000995e+00
1.001021e+00
1.001052e+00
1.001126e+00
1.001156e+00
1.001174e+00
1.001205e+00
1.001233e+00
1.001318e+00
1.001333e+00
1.001420e+00
1.001448e+00
1.001518e+00
1.001483e+00
1.001420e+00
1.001400e+00
1.001385e+00
1.001374e+00
1.001359e+00
1.001370e+00
1.001360e+00
1.001343e+00
1.001331e+00
1.001332e+00
1.001317e+00
1.001314e+00
1.001326e+00
1.001337e+00
1.001336e+00
1.001330e+00
1.001319e+00
1.001309e+00
1.001305e+00
1.001309e+00
1.001321e+00
1.001344e+00
1.001328e+00
1.001340e+00
1.001343e+00
1.001334e+00
1.001329e+00
1.001367e+00
1.001366e+00
1.001357e+00
1.001388e+00
1.001395e+00
1.001394e+00
1.001404e+00
1.001447e+00
1.001464e+00
1.001485e+00
1.001507e+00
1.001464e+00
1.001462e+00
1.001450e+00
1.001432e+00
1.001428e+00
1.001437e+00
1.001439e+00
1.001453e+00
1.001479e+00
1.001480e+00
1.001502e+00
1.001476e+00
1.001482e+00
1.001499e+00
1.001523e+00
1.001538e+00
1.001631e+00
1.001624e+00
1.001583e+00
1.001574e+00
1.001560e+00
1.001558e+00
1.001549e+00
1.001557e+00
1.001567e+00
1.001577e+00
1.001566e+00
1.001569e+00
1.001563e+00
1.001535e+00
1.001548e+00
1.001511e+00
1.001518e+00
1.001511e+00
1.001522e+00
1.001492e+00
1.001473e+00
1.001466e+00
1.001421e+00
1.001393e+00
1.001385e+00
1.001402e+00
1.001404e+00
1.001451e+00
1.001513e+00
1.001583e+00
1.001487e+00
1.001286e+00
1.001259e+00
1.001249e+00
1.001238e+00
1.001222e+00
1.001275e+00
1.001290e+00
1.001273e+00
1.001211e+00
1.001174e+00
1.001157e+00
1.001020e+00
1.000943e+00
1.000787e+00
1.000582e+00
1.000489e+00
1.000402e+00
1.000339e+00
1.000292e+00
1.000277e+00
1.000243e+00
1.000241e+00
1.000232e+00
1.000229e+00
1.000223e+00
1.000221e+00
1.000220e+00
1.000218e+00
1.000214e+00
1.000207e+00
1.000206e+00
1.000204e+00
1.000164e+00
1.000160e+00
1.000147e+00
1.000105e+00
1.000090e+00
1.000080e+00
1.000074e+00
1.000056e+00
1.000070e+00
1.000057e+00
1.000062e+00
1.000060e+00
1.000060e+00
1.000063e+00
1.000049e+00
1.000054e+00
1.000029e+00
1.000036e+00
1.000020e+00
1.000030e+00
1.000023e+00
1.000051e+00
1.000056e+00
1.000086e+00
1.000101e+00
1.000129e+00
1.000126e+00
1.000127e+00
1.000126e+00
1.000126e+00
1.000133e+00
1.000120e+00
1.000141e+00
1.000118e+00
1.000144e+00
1.000117e+00
1.000146e+00
1.000107e+00
1.000118e+00
1.000082e+00
1.000082e+00
1.000063e+00
1.000055e+00
1.000052e+00
1.000042e+00
1.000048e+00
1.000033e+00
1.000045e+00
1.000029e+00
1.000046e+00
1.000034e+00
1.000047e+00
1.000041e+00
1.000053e+00
1.000057e+00
1.000051e+00
1.000062e+00
1.000052e+00
1.000062e+00
1.000049e+00
1.000066e+00
1.000055e+00
1.000075e+00
1.000075e+00
1.000080e+00
1.000091e+00
1.000086e+00
1.000099e+00
1.000077e+00
1.000096e+00
1.000080e+00
1.000099e+00
1.000099e+00
1.000141e+00
1.000155e+00
1.000206e+00
1.000243e+00
1.000222e+00
1.000227e+00
1.000234e+00
1.000243e+00
1.000268e+00
1.000388e+00
1.000467e+00
1.000524e+00
1.000550e+00
1.000602e+00
1.000677e+00
1.000729e+00
1.000760e+00
1.000771e+00
1.000785e+00
1.000862e+00
1.000954e+00
1.001059e+00
1.001174e+00
1.001231e+00
1.001255e+00
1.001306e+00
1.001390e+00
1.001417e+00
1.001465e+00
1.001506e+00
1.001537e+00
1.001557e+00
1.000904e+00
1.000741e+00
1.000695e+00
1.000630e+00
1.000588e+00
1.000529e+00
1.000525e+00
1.000438e+00
1.000432e+00
1.000360e+00
1.000357e+00
1.000327e+00
1.000320e+00
1.000301e+00
1.000291e+00
1.000284e+00
1.000255e+00
1.000260e+00
1.000243e+00
1.000239e+00
1.000231e+00
1.000231e+00
1.000226e+00
1.000213e+00
1.000226e+00
1.000216e+00
1.000215e+00
1.000213e+00
1.000217e+00
1.000218e+00
1.000210e+00
1.000224e+00
1.000220e+00
1.000229e+00
1.000227e+00
1.000237e+00
1.000248e+00
1.000265e+00
1.000288e+00
1.000309e+00
1.000383e+00
1.000401e+00
1.000435e+00
1.000552e+00
1.000548e+00
1.000573e+00
1.000667e+00
1.000685e+00
1.000700e+00
1.000784e+00
1.000819e+00
1.000819e+00
1.000865e+00
1.000876e+00
1.000854e+00
1.000842e+00
1.000771e+00
1.000727e+00
1.000692e+00
1.000669e+00
1.000667e+00
1.000656e+00
1.000658e+00
1.000648e+00
1.000633e+00
1.000635e+00
1.000612e+00
1.000605e+00
1.000611e+00
1.000602e+00
1.000593e+00
1.000589e+00
1.000589e+00
1.000593e+00
1.000578e+00
1.000574e+00
1.000594e+00
1.000583e+00
1.000580e+00
1.000595e+00
1.000577e+00
1.000531e+00
1.000516e+00
1.000481e+00
1.000472e+00
1.000461e+00
1.000440e+00
1.000415e+00
1.000407e+00
1.000374e+00
1.000358e+00
1.000355e+00
1.000349e+00
1.000346e+00
1.000322e+00
1.000331e+00
1.000337e+00
1.000346e+00
1.000337e+00
1.000380e+00
1.000309e+00
1.000304e+00
1.000236e+00
1.000225e+00
1.000182e+00
1.000164e+00
1.000134e+00
1.000126e+00
1.000108e+00
1.000104e+00
1.000103e+00
1.000096e+00
1.000103e+00
1.000097e+00
1.000106e+00
1.000094e+00
1.000112e+00
1.000098e+00
1.000120e+00
1.000102e+00
1.000129e+00
1.000108e+00
1.000133e+00
1.000108e+00
1.000134e+00
1.000110e+00
1.000136e+00
1.000112e+00
1.000137e+00
1.000112e+00
1.000133e+00
1.000108e+00
1.000126e+00
1.000105e+00
1.000124e+00
1.000111e+00
1.000138e+00
1.000150e+00
1.000198e+00
1.000210e+00
1.000265e+00
1.000206e+00
1.000177e+00
1.000136e+00
1.000125e+00
1.000099e+00
1.000104e+00
1.000082e+00
1.000077e+00
1.000060e+00
1.000052e+00
1.000041e+00
1.000037e+00
1.000040e+00
1.000033e+00
1.000037e+00
1.000035e+00
1.000041e+00
1.000041e+00
1.000045e+00
1.000054e+00
1.000051e+00
1.000057e+00
1.000054e+00
1.000058e+00
1.000053e+00
1.000063e+00
1.000073e+00
1.000083e+00
1.000116e+00
1.000141e+00
1.000193e+00
1.000231e+00
1.000333e+00
1.000360e+00
1.000466e+00
1.000521e+00
1.000588e+00
1.000704e+00
1.000754e+00
1.000903e+00
1.000956e+00
1.001069e+00
1.001116e+00
1.001009e+00
1.000813e+00
1.000661e+00
1.000555e+00
1.000527e+00
1.000453e+00
1.000428e+00
1.000410e+00
1.000407e+00
1.000407e+00
1.000443e+00
1.000474e+00
1.000513e+00
1.000507e+00
1.000380e+00
1.000296e+00
1.000248e+00
1.000200e+00
1.000166e+00
1.000164e+00
1.000132e+00
1.000133e+00
1.000118e+00
1.000117e+00
1.000116e+00
1.000118e+00
1.000123e+00
1.000141e+00
1.000155e+00
1.000162e+00
1.000201e+00
1.000201e+00
1.000232e+00
1.000240e+00
1.000236e+00
1.000258e+00
1.000266e+00
1.000267e+00
1.000270e+00
1.000273e+00
1.000288e+00
1.000280e+00
1.000285e+00
1.000314e+00
1.000306e+00
1.000310e+00
1.000337e+00
1.000340e+00
1.000356e+00
1.000418e+00
1.000431e+00
1.000482e+00
1.000513e+00
1.000488e+00
1.000481e+00
1.000495e+00
1.000497e+00
1.000518e+00
1.000582e+00
1.000694e+00
1.000803e+00
1.000770e+00
1.000704e+00
1.000673e+00
1.000666e+00
1.000663e+00
1.000692e+00
1.000759e+00
1.000769e+00
1.000778e+00
1.000789e+00
1.000792e+00
1.000793e+00
1.000958e+00
1.001044e+00
1.001023e+00
1.001020e+00
1.001016e+00
1.001030e+00
1.001068e+00
1.001130e+00
1.001169e+00
1.001268e+00
1.001323e+00
1.001389e+00
1.001397e+00
1.001429e+00
1.001438e+00
1.001404e+00
1.001392e+00
1.001347e+00
1.001343e+00
1.001346e+00
1.001309e+00
1.001312e+00
1.001340e+00
1.001334e+00
1.001329e+00
1.001402e+00
1.001413e+00
1.001442e+00
1.001484e+00
1.001494e+00
1.001506e+00
1.001505e+00
1.001476e+00
1.001469e+00
1.001462e+00
1.001469e+00
1.001444e+00
1.001463e+00
1.001474e+00
1.001506e+00
1.001513e+00
1.001597e+00
1.001593e+00
1.001610e+00
1.001653e+00
1.001634e+00
1.001637e+00
1.001606e+00
1.001582e+00
1.001566e+00
1.001563e+00
1.001549e+00
1.001571e+00
1.001582e+00
1.001587e+00
1.001594e+00
1.001599e+00
1.001583e+00
1.001491e+00
1.001480e+00
1.001432e+00
1.001435e+00
1.001417e+00
1.001446e+00
1.001454e+00
1.001481e+00
1.001466e+00
1.001504e+00
1.001525e+00
1.001505e+00
1.001545e+00
1.001525e+00
1.001514e+00
1.001505e+00
1.001505e+00
1.001512e+00
1.001534e+00
1.001512e+00
1.001513e+00
1.001512e+00
1.001509e+00
1.001521e+00
1.001522e+00
1.001508e+00
1.001530e+00
1.001467e+00
1.001447e+00
1.001440e+00
1.001397e+00
1.001377e+00
1.001346e+00
1.001101e+00
1.001101e+00
1.001097e+00
1.001095e+00
1.001097e+00
1.001290e+00
1.001286e+00
1.001315e+00
1.001334e+00
1.001051e+00
1.001045e+00
1.001024e+00
1.000946e+00
1.000883e+00
1.000848e+00
1.000799e+00
1.000727e+00
1.000620e+00
1.000532e+00
1.000482e+00
1.000428e+00
1.000366e+00
1.000357e+00
1.000363e+00
1.000369e+00
1.000390e+00
1.000473e+00
1.000514e+00
1.000504e+00
1.000452e+00
1.000293e+00
1.000236e+00
1.000180e+00
1.000157e+00
1.000143e+00
1.000144e+00
1.000149e+00
1.000164e+00
1.000175e+00
1.000167e+00
1.000176e+00
1.000153e+00
1.000163e+00
1.000135e+00
1.000145e+00
1.000122e+00
1.000140e+00
1.000115e+00
1.000140e+00
1.000132e+00
1.000153e+00
1.000156e+00
1.000199e+00
1.000210e+00
1.000254e+00
1.000312e+00
1.000363e+00
1.000469e+00
1.000500e+00
1.000555e+00
1.000609e+00
1.000649e+00
1.000825e+00
1.000871e+00
1.000965e+00
1.001118e+00
1.001225e+00
1.001258e+00
1.001259e+00
1.001289e+00
1.001322e+00
1.001380e+00
1.000823e+00
1.000811e+00
1.000805e+00
1.000804e+00
1.000803e+00
1.000972e+00
1.001054e+00
1.001192e+00
1.001258e+00
1.001471e+00
1.001483e+00
1.001477e+00
1.001482e+00
1.001482e+00
1.001486e+00
1.001479e+00
1.001469e+00
1.001476e+00
1.001463e+00
1.001459e+00
1.000582e+00
1.000525e+00
1.000474e+00
1.000442e+00
1.000435e+00
1.000422e+00
1.000359e+00
1.000268e+00
1.000253e+00
1.000188e+00
1.000166e+00
1.000136e+00
1.000133e+00
1.000125e+00
1.000109e+00
1.000113e+00
1.000102e+00
1.000100e+00
1.000086e+00
1.000097e+00
1.000092e+00
1.000095e+00
1.000100e+00
1.000086e+00
1.000092e+00
1.000085e+00
1.000092e+00
1.000098e+00
1.000110e+00
1.000117e+00
1.000121e+00
1.000130e+00
1.000127e+00
1.000147e+00
1.000159e+00
1.000186e+00
1.000213e+00
1.000229e+00
1.000258e+00
1.000254e+00
1.000259e+00
1.000260e+00
1.000261e+00
1.000263e+00
1.000267e+00
1.000273e+00
1.000268e+00
1.000267e+00
1.000274e+00
1.000265e+00
1.000267e+00
1.000222e+00
1.000199e+00
1.000184e+00
1.000148e+00
1.000144e+00
1.000139e+00
1.000142e+00
1.000151e+00
1.000147e+00
1.000148e+00
1.000146e+00
1.000141e+00
1.000142e+00
1.000149e+00
1.000147e+00
1.000160e+00
1.000156e+00
1.000155e+00
1.000157e+00
1.000153e+00
1.000158e+00
1.000166e+00
1.000170e+00
1.000194e+00
1.000210e+00
1.000224e+00
1.000248e+00
1.000254e+00
1.000285e+00
1.000291e+00
1.000348e+00
1.000370e+00
1.000403e+00
1.000463e+00
1.000474e+00
1.000487e+00
1.000483e+00
1.000488e+00
1.000499e+00
1.000476e+00
1.000472e+00
1.000415e+00
1.000411e+00
1.000348e+00
1.000303e+00
1.000296e+00
1.000276e+00
1.000270e+00
1.000281e+00
1.000283e+00
1.000286e+00
1.000285e+00
1.000277e+00
1.000280e+00
1.000275e+00
1.000272e+00
1.000283e+00
1.000271e+00
1.000270e+00
1.000246e+00
1.000224e+00
1.000221e+00
1.000206e+00
1.000207e+00
1.000223e+00
1.000228e+00
1.000239e+00
1.000263e+00
1.000262e+00
1.000289e+00
1.000283e+00
1.000281e+00
1.000287e+00
1.000289e+00
1.000291e+00
1.000334e+00
1.000352e+00
1.000397e+00
1.000413e+00
1.000421e+00
1.000448e+00
1.000474e+00
1.000473e+00
1.000512e+00
1.000463e+00
1.000448e+00
1.000448e+00
1.000452e+00
1.000472e+00
1.000551e+00
1.000607e+00
1.000609e+00
1.000611e+00
1.000611e+00
1.000649e+00
1.000722e+00
1.000815e+00
1.000662e+00
1.000614e+00
1.000604e+00
1.000605e+00
1.000606e+00
1.000670e+00
1.000799e+00
1.000875e+00
1.000881e+00
1.000861e+00
1.000833e+00
1.000815e+00
1.000807e+00
1.000814e+00
1.000784e+00
1.000775e+00
1.000780e+00
1.000796e+00
1.000808e+00
1.000881e+00
1.000995e+00
1.001060e+00
1.001054e+00
1.001063e+00
1.001071e+00
1.001090e+00
1.001111e+00
1.001201e+00
1.001269e+00
1.001330e+00
1.001412e+00
1.001447e+00
1.001485e+00
1.001659e+00
1.001777e+00
1.001777e+00
1.001777e+00
1.001777e+00
1.001777e+00
1.001777e+00
1.001777e+00
1.001777e+00
1.001777e+00
1.001777e+00
1.001777e+00
1.001777e+00
1.001777e+00
1.001777e+00
1.001777e+00
1.001777e+00
1.001777e+00
1.001777e+00
1.001777e+00
1.001777e+00
1.001777e+00
1.001777e+00
1.001777e+00
1.001777e+00
1.001777e+00
