
4.401679e-01
4.398804e-01
4.403401e-01
4.426225e-01
4.481380e-01
4.585614e-01
4.756690e-01
5.011286e-01
5.361923e-01
5.813731e-01
6.361081e-01
6.985162e-01
7.652498e-01
8.315219e-01
8.913819e-01
9.381036e-01
9.648265e-01
9.652636e-01
9.344347e-01
8.693462e-01
7.694944e-01
6.371172e-01
4.771788e-01
2.970168e-01
1.057410e-01
-8.656341e-02
-2.698146e-01
-4.348127e-01
-5.741095e-01
-6.825710e-01
-7.577839e-01
-8.000230e-01
-8.120473e-01
-7.985675e-01
-7.655893e-01
-7.196676e-01
-6.671937e-01
-6.137854e-01
-5.638564e-01
-5.203797e-01
-4.848944e-01
-4.576364e-01
-4.378606e-01
-4.241883e-01
-4.150008e-01
-4.087516e-01
-4.042115e-01
-4.006227e-01
-3.976929e-01
-3.955703e-01
-3.946682e-01
-3.955389e-01
-3.986729e-01
-4.043503e-01
-4.125494e-01
-4.228289e-01
-4.343401e-01
-4.457977e-01
-4.555222e-01
-4.615017e-01
-4.614706e-01
-4.529973e-01
-4.336379e-01
-4.010814e-01
-3.533573e-01
-2.890313e-01
-2.074625e-01
-1.089742e-01
4.956412e-03
1.316203e-01
2.670859e-01
4.063437e-01
5.435608e-01
6.724531e-01
7.867468e-01
8.806814e-01
9.494851e-01
9.898025e-01
1.000000e+00
9.802923e-01
9.327363e-01
8.610089e-01
7.700476e-01
6.655927e-01
5.536650e-01
4.400420e-01
3.298041e-01
2.270062e-01
1.344581e-01
5.369840e-02
-1.492334e-02
-7.202304e-02
-1.188936e-01
-1.571819e-01
-1.885821e-01
-2.145936e-01
-2.363423e-01
-2.545101e-01
-2.693607e-01
-2.808011e-01
-2.885695e-01
-2.923394e-01
-2.919225e-01
-2.873319e-01
-2.788759e-01
-2.671699e-01
-2.530543e-01
-2.375451e-01
-2.216977e-01
-2.064978e-01
-1.927592e-01
-1.810466e-01
-1.716456e-01
-1.645481e-01
-1.594995e-01
-1.560752e-01
-1.537193e-01
-1.518761e-01
-1.500255e-01
-1.477650e-01
-1.448316e-01
-1.411176e-01
-1.366628e-01
-1.316307e-01
-1.262578e-01
-1.208327e-01
-1.156343e-01
-1.109189e-01
-1.068803e-01
-1.036470e-01
-1.012783e-01
-9.976760e-02
-9.906200e-02
-9.907236e-02
-9.969163e-02
-1.008088e-01
-1.023167e-01
-1.041329e-01
-1.061820e-01
-1.084254e-01
-1.108451e-01
-1.134485e-01
-1.162770e-01
-1.194061e-01
-1.229405e-01
-1.270119e-01
-1.317832e-01
-1.374093e-01
-1.440409e-01
-1.517913e-01
-1.606871e-01
-1.706719e-01
-1.815552e-01
-1.930237e-01
-2.046183e-01
-2.157840e-01
-2.258879e-01
-2.342739e-01
-2.403421e-01
-2.435862e-01
-2.436690e-01
-2.404319e-01
-2.339312e-01
-2.243839e-01
-2.121250e-01
-1.975413e-01
-1.809556e-01
-1.625561e-01
-1.423040e-01
-1.199136e-01
-9.481532e-02
-6.623188e-02
-3.326379e-02
4.993772e-03
4.926634e-02
9.996737e-02
1.570266e-01
2.198138e-01
2.870369e-01
3.568008e-01
4.266419e-01
4.936722e-01
5.547858e-01
6.068332e-01
6.468908e-01
6.724433e-01
6.815882e-01
6.731960e-01
6.469786e-01
6.035617e-01
5.444513e-01
4.719764e-01
3.891717e-01
2.996283e-01
2.073189e-01
1.163632e-01
3.083076e-02
-4.551513e-02
-1.094386e-01
-1.584361e-01
-1.909267e-01
-2.063577e-01
-2.052790e-01
-1.893158e-01
-1.610557e-01
-1.238644e-01
-8.162055e-02
-3.840145e-02
1.863985e-03
3.571287e-02
6.045339e-02
7.436209e-02
7.681719e-02
6.828303e-02
5.021196e-02
2.484087e-02
-5.086911e-03
-3.665604e-02
-6.706699e-02
-9.394065e-02
-1.155299e-01
-1.308284e-01
-1.396078e-01
-1.423458e-01
-1.400814e-01
-1.342037e-01
-1.262388e-01
-1.176351e-01
-1.095816e-01
-1.028916e-01
-9.794370e-02
-9.470544e-02
-9.278225e-02
-9.155140e-02
-9.028955e-02
-8.830169e-02
-8.503925e-02
-8.019356e-02
-7.371296e-02
-6.582923e-02
-5.698953e-02
-4.782699e-02
-3.903803e-02
-3.133129e-02
-2.531782e-02
-2.147995e-02
-2.010527e-02
-2.127800e-02
-2.489912e-02
-3.069126e-02
-3.824405e-02
-4.706229e-02
-5.660727e-02
-6.634149e-02
-7.576726e-02
-8.445838e-02
-9.207454e-02
-9.837499e-02
-1.032209e-01
-1.065653e-01
-1.084442e-01
-1.089588e-01
-1.082484e-01
-1.064799e-01
-1.038159e-01
-1.004034e-01
-9.636013e-02
-9.177038e-02
-8.667000e-02
-8.108510e-02
-7.500519e-02
-6.843425e-02
-6.138556e-02
-5.391586e-02
-4.612043e-02
-3.815594e-02
-3.022693e-02
-2.258236e-02
-1.550337e-02
-9.267810e-03
-4.146939e-03
-3.603647e-04
1.919397e-03
2.599731e-03
1.658346e-03
-8.527984e-04
-4.813616e-03
-1.006431e-02
-1.639907e-02
-2.360490e-02
-3.144475e-02
-3.969666e-02
-4.812407e-02
-5.649890e-02
-6.458379e-02
-7.214783e-02
-7.895965e-02
-8.480701e-02
-8.951346e-02
-9.296913e-02
-9.515125e-02
-9.614491e-02
-9.616375e-02
-9.554683e-02
-9.473684e-02
-9.424676e-02
-9.461408e-02
-9.633140e-02
-9.979241e-02
-1.052473e-01
-1.127567e-01
-1.222048e-01
-1.333153e-01
-1.456975e-01
-1.589253e-01
-1.725969e-01
-1.864083e-01
-2.001606e-01
-2.137927e-01
-2.272914e-01
-2.406152e-01
-2.535538e-01
-2.656027e-01
-2.758218e-01
-2.827746e-01
-2.845164e-01
-2.786725e-01
-2.626553e-01
-2.339042e-01
-1.902705e-01
-1.303641e-01
-5.392245e-02
3.790849e-02
1.424488e-01
2.554420e-01
3.712922e-01
4.833963e-01
5.846721e-01
6.681730e-01
7.277423e-01
7.586006e-01
7.578685e-01
7.248800e-01
6.612710e-01
5.708828e-01
4.593897e-01
3.337909e-01
2.017477e-01
7.091334e-02
-5.174815e-02
-1.605005e-01
-2.512295e-01
-3.216405e-01
-3.712517e-01
-4.012110e-01
-4.139439e-01
-4.127349e-01
-4.012649e-01
-3.831899e-01
-3.617574e-01
-3.395732e-01
-3.184866e-01
-2.995437e-01
-2.830998e-01
-2.689861e-01
-2.566604e-01
-2.454485e-01
-2.346627e-01
-2.237780e-01
-2.124424e-01
-2.005474e-01
-1.881840e-01
-1.756071e-01
-1.631671e-01
-1.512695e-01
-1.403145e-01
-1.306693e-01
-1.226459e-01
-1.164805e-01
-1.123445e-01
-1.103151e-01
-1.103961e-01
-1.124952e-01
-1.164372e-01
-1.219640e-01
-1.287673e-01
-1.365207e-01
-1.448995e-01
-1.536531e-01
-1.626170e-01
-1.717304e-01
-1.810265e-01
-1.905600e-01
-2.003565e-01
-2.102649e-01
-2.198624e-01
-2.283573e-01
-2.344825e-01
-2.365533e-01
-2.324782e-01
-2.199716e-01
-1.967404e-01
-1.608344e-01
-1.109047e-01
-4.655463e-02
3.142727e-02
1.209626e-01
2.186155e-01
3.198072e-01
4.190411e-01
5.103804e-01
5.878964e-01
6.462519e-01
6.811609e-01
6.898360e-01
6.712576e-01
6.263003e-01
5.576459e-01
4.695595e-01
3.675144e-01
2.577012e-01
1.465180e-01
4.007288e-02
-5.625637e-02
-1.381467e-01
-2.025329e-01
-2.476644e-01
-2.730659e-01
-2.793710e-01
-2.681199e-01
-2.415207e-01
-2.022070e-01
-1.530547e-01
-9.699290e-02
-3.689809e-02
2.449835e-02
8.466724e-02
1.413519e-01
1.926083e-01
2.368869e-01
2.730956e-01
3.006653e-01
3.195875e-01
3.304263e-01
3.342703e-01
3.326296e-01
3.272746e-01
3.200512e-01
3.126501e-01
3.064238e-01
3.022206e-01
3.002891e-01
3.002918e-01
3.013812e-01
3.023578e-01
3.019053e-01
2.988162e-01
2.922211e-01
2.817357e-01
2.675725e-01
2.505111e-01
2.317853e-01
2.129256e-01
1.955399e-01
1.810759e-01
1.706739e-01
1.650524e-01
1.644914e-01
1.689196e-01
1.780554e-01
1.916009e-01
2.094117e-01
2.316103e-01
2.586299e-01
2.910850e-01
3.296088e-01
3.745168e-01
4.255048e-01
4.812871e-01
5.394166e-01
5.961728e-01
6.466952e-01
6.853088e-01
7.060435e-01
7.032769e-01
6.724783e-01
6.108388e-01
5.178600e-01
3.956078e-01
2.487863e-01
8.440854e-02
-8.876484e-02
-2.610441e-01
0.000000e+00
0.000000e+00
0.000000e+00
0.000000e+00
0.000000e+00
0.000000e+00
0.000000e+00
0.000000e+00
0.000000e+00
0.000000e+00
0.000000e+00
0.000000e+00
0.000000e+00
0.000000e+00
0.000000e+00
0.000000e+00
0.000000e+00
0.000000e+00
0.000000e+00
0.000000e+00
0.000000e+00
0.000000e+00
0.000000e+00
0.000000e+00
0.000000e+00
0.000000e+00
0.000000e+00
0.000000e+00
0.000000e+00
0.000000e+00
0.000000e+00
0.000000e+00
0.000000e+00
0.000000e+00
0.000000e+00
0.000000e+00
0.000000e+00
0.000000e+00
0.000000e+00
0.000000e+00
0.000000e+00
0.000000e+00
0.000000e+00
0.000000e+00
0.000000e+00
0.000000e+00
0.000000e+00
0.000000e+00
0.000000e+00
0.000000e+00
0.000000e+00
0.000000e+00
0.000000e+00
0.000000e+00
0.000000e+00
0.000000e+00
0.000000e+00
0.000000e+00
0.000000e+00
6.579091e-01
6.196912e-01
5.647267e-01
4.956735e-01
4.158011e-01
3.287820e-01
2.384639e-01
1.486433e-01
6.286218e-02
-1.578703e-02
-8.477861e-02
-1.422565e-01
-1.870587e-01
-2.187091e-01
-2.373531e-01
-2.436648e-01
-2.387384e-01
-2.239563e-01
-2.008763e-01
-1.711158e-01
-1.362743e-01
-9.786887e-02
-5.730282e-02
-1.584748e-02
2.533630e-02
6.518434e-02
1.027047e-01
1.369515e-01
1.670129e-01
1.920117e-01
2.111275e-01
2.236195e-01
2.288667e-01
2.264336e-01
2.160978e-01
1.979050e-01
1.721933e-01
1.396018e-01
1.010601e-01
5.776007e-02
1.109181e-02
-3.742115e-02
-8.619920e-02
-1.336883e-01
-1.784580e-01
-2.192456e-01
-2.550192e-01
-2.850254e-01
-3.087677e-01
-3.260351e-01
-3.368398e-01
-3.414076e-01
-3.401051e-01
-3.334063e-01
-3.218461e-01
-3.059758e-01
-2.863525e-01
-2.635171e-01
-2.379976e-01
-2.103228e-01
-1.810341e-01
-1.507040e-01
-1.199401e-01
-8.939837e-02
-5.976902e-02
-3.174728e-02
-6.014404e-03
1.680409e-02
3.620554e-02
5.183181e-02
6.351391e-02
7.131276e-02
7.550677e-02
7.660004e-02
7.527358e-02
7.234609e-02
6.870370e-02
6.522255e-02
6.268405e-02
6.171572e-02
6.270562e-02
6.578523e-02
7.079803e-02
7.730737e-02
8.463510e-02
9.193243e-02
9.823399e-02
1.025675e-01
1.040379e-01
1.019159e-01
9.570490e-02
8.519541e-02
7.049077e-02
5.199829e-02
3.040384e-02
6.615780e-03
-1.831203e-02
-4.325928e-02
-6.713834e-02
-8.896388e-02
-1.079305e-01
-1.234643e-01
-1.352650e-01
-1.432775e-01
-1.477148e-01
-1.489962e-01
-1.476998e-01
-1.444984e-01
-1.401047e-01
-1.351940e-01
-1.303627e-01
-1.260908e-01
-1.227103e-01
-1.204074e-01
-1.192258e-01
-1.190967e-01
-1.198602e-01
-1.213085e-01
-1.232259e-01
-1.254139e-01
-1.277288e-01
-1.300924e-01
-1.325038e-01
-1.350391e-01
-1.378408e-01
-1.411031e-01
-1.450467e-01
-1.498944e-01
-1.558507e-01
-1.630768e-01
-1.716598e-01
-1.816065e-01
-1.928258e-01
-2.051095e-01
-2.181386e-01
-2.314626e-01
-2.445212e-01
-2.566252e-01
-2.669938e-01
-2.747503e-01
-2.789570e-01
-2.786504e-01
-2.728735e-01
-2.607343e-01
-2.414373e-01
-2.143724e-01
-1.791371e-01
-1.356107e-01
-8.397764e-02
-2.477183e-02
4.112952e-02
1.124897e-01
1.877666e-01
2.651535e-01
3.426356e-01
4.180894e-01
4.893728e-01
5.544156e-01
6.113154e-01
6.584317e-01
6.944478e-01
7.184266e-01
7.298379e-01
7.285677e-01
7.148926e-01
6.894535e-01
6.531923e-01
6.073037e-01
5.531532e-01
4.922151e-01
4.260186e-01
3.560840e-01
2.838996e-01
2.108874e-01
1.383843e-01
6.765479e-02
-1.262058e-04
-6.386078e-02
-1.225272e-01
-1.751855e-01
-2.209886e-01
-2.592063e-01
-2.892510e-01
-3.107106e-01
-3.233958e-01
-3.273560e-01
-3.229229e-01
-3.107136e-01
-2.916370e-01
-2.668497e-01
-2.377425e-01
-2.058552e-01
-1.728089e-01
-1.402072e-01
-1.095519e-01
-8.214177e-02
-5.899487e-02
-4.079221e-02
-2.782818e-02
-2.000149e-02
-1.683453e-02
-1.752588e-02
-2.101377e-02
-2.607328e-02
-3.142175e-02
-3.582975e-02
-3.821615e-02
-3.775744e-02
-3.392905e-02
-2.657331e-02
-1.589849e-02
-2.457612e-03
1.288813e-02
2.905193e-02
4.480174e-02
5.886543e-02
7.002789e-02
7.722986e-02
7.963620e-02
7.671073e-02
6.824272e-02
5.435893e-02
3.551365e-02
1.244676e-02
-1.386940e-02
-4.229158e-02
-7.158824e-02
-1.005074e-01
-1.278487e-01
-1.525219e-01
-1.736055e-01
-1.903637e-01
-2.022794e-01
-2.090569e-01
-2.106172e-01
-2.070819e-01
-1.987578e-01
-1.860964e-01
-1.696908e-01
-1.502263e-01
-1.284628e-01
-1.052097e-01
-8.129876e-02
-5.756194e-02
-3.480413e-02
-1.378728e-02
4.802101e-03
2.036533e-02
3.241910e-02
4.060656e-02
4.471894e-02
4.469343e-02
4.062120e-02
3.274781e-02
2.144903e-02
7.220287e-03
-9.350449e-03
-2.761286e-02
-4.688436e-02
-6.648629e-02
-8.577133e-02
-1.041613e-01
-1.211630e-01
-1.363991e-01
-1.496136e-01
-1.606871e-01
-1.696366e-01
-1.766083e-01
-1.818678e-01
-1.857804e-01
-1.887856e-01
-1.913620e-01
-1.939935e-01
-1.971190e-01
-2.010908e-01
-2.061227e-01
-2.122427e-01
-2.192607e-01
-2.267352e-01
-2.339559e-01
-2.399587e-01
-2.435505e-01
-2.433578e-01
-2.379204e-01
-2.257717e-01
-2.055680e-01
-1.762103e-01
-1.369715e-01
-8.760531e-02
-2.844107e-02
3.955465e-02
1.147642e-01
1.949495e-01
2.773281e-01
3.586998e-01
4.356113e-01
5.045604e-01
5.621964e-01
6.055462e-01
6.321920e-01
6.404571e-01
6.294988e-01
5.993807e-01
5.510679e-01
4.863589e-01
4.077717e-01
3.183660e-01
2.215640e-01
1.209230e-01
1.993632e-02
-7.815651e-02
-1.705021e-01
-2.547692e-01
-3.291609e-01
-3.924584e-01
-4.439335e-01
-4.833023e-01
-5.106051e-01
-5.260946e-01
-5.301518e-01
-5.231823e-01
-5.055927e-01
-4.777479e-01
-4.400210e-01
-3.928373e-01
-3.367454e-01
-2.725171e-01
-2.012149e-01
-1.242687e-01
-4.349266e-02
3.891803e-02
1.204421e-01
1.983524e-01
2.698309e-01
3.321695e-01
3.829266e-01
4.201467e-01
4.424756e-01
4.493349e-01
4.409552e-01
4.184232e-01
3.836029e-01
3.390542e-01
2.878408e-01
2.333477e-01
1.790229e-01
1.281686e-01
8.368792e-02
4.791039e-02
2.242915e-02
8.019842e-03
4.608785e-03
1.130291e-02
2.649399e-02
4.800327e-02
7.324128e-02
9.944667e-02
1.238508e-01
1.438998e-01
1.574092e-01
1.626865e-01
1.586333e-01
1.447590e-01
1.211850e-01
8.858274e-02
4.808359e-02
1.180451e-03
-5.041651e-02
-1.048896e-01
-1.604350e-01
-2.153467e-01
-2.681008e-01
-3.173794e-01
-3.620876e-01
-4.013428e-01
-4.344213e-01
-4.607213e-01
-4.797047e-01
-4.908509e-01
-4.936087e-01
-4.873996e-01
-4.716103e-01
-4.456454e-01
-4.089657e-01
-3.612021e-01
-3.022186e-01
-2.322330e-01
-1.519053e-01
-6.240681e-02
3.454039e-02
1.366398e-01
2.410734e-01
3.445770e-01
4.435713e-01
5.343223e-01
6.131425e-01
6.765890e-01
7.216941e-01
7.461486e-01
7.484644e-01
7.281097e-01
6.855580e-01
6.223047e-01
5.407953e-01
4.443017e-01
3.367491e-01
2.224844e-01
1.060325e-01
-8.157807e-03
-1.159700e-01
-2.138330e-01
-2.988992e-01
-3.691764e-01
-4.235722e-01
-4.619050e-01
-4.848390e-01
-4.937546e-01
-4.906061e-01
-4.777240e-01
-4.576334e-01
-4.328437e-01
-4.057030e-01
-3.782448e-01
-3.520904e-01
-3.284032e-01
-3.078764e-01
-2.907682e-01
-2.769571e-01
-2.660407e-01
-2.574328e-01
-2.504602e-01
-2.444579e-01
-2.388448e-01
-2.331719e-01
-2.271489e-01
-2.206384e-01
-2.136344e-01
-2.062222e-01
-1.985317e-01
-1.906631e-01
-1.826723e-01
-1.745007e-01
-1.659772e-01
-1.568151e-01
-1.466323e-01
-1.349899e-01
-1.214344e-01
-1.055888e-01
-8.718593e-02
-6.613083e-02
-4.256072e-02
-1.685216e-02
1.036892e-02
3.825307e-02
6.575563e-02
9.172173e-02
1.149524e-01
1.342979e-01
1.487570e-01
1.575355e-01
1.601482e-01
1.564581e-01
1.466916e-01
1.314593e-01
1.117038e-01
8.867715e-02
6.383883e-02
3.877572e-02
1.509793e-02
-5.659965e-03
-2.213656e-02
-3.322990e-02
-3.815978e-02
-3.650179e-02
-2.823327e-02
-1.367724e-02
6.487480e-03
3.130061e-02
5.958965e-02
9.003540e-02
1.212777e-01
1.519665e-01
1.808620e-01
2.068797e-01
2.291407e-01
2.470032e-01
2.600700e-01
2.681975e-01
2.714536e-01
2.701137e-01
2.646164e-01
2.555167e-01
2.434568e-01
2.291186e-01
2.131949e-01
1.963553e-01
1.792323e-01
1.623914e-01
1.463326e-01
1.314841e-01
1.181853e-01
1.067053e-01
9.722935e-02
8.986979e-02
8.466033e-02
8.157104e-02
8.048797e-02
8.124549e-02
8.360653e-02
8.728364e-02
9.194810e-02
9.723880e-02
1.027732e-01
1.081785e-01
1.130992e-01
1.172250e-01
1.202985e-01
1.221487e-01
1.226867e-01
1.219321e-01
1.199947e-01
1.170929e-01
1.135194e-01
1.096443e-01
1.058760e-01
1.026432e-01
1.003600e-01
9.938810e-02
1.000223e-01
1.024505e-01
1.067413e-01
1.128327e-01
1.205286e-01
1.295056e-01
1.393300e-01
1.494933e-01
1.594273e-01
1.685612e-01
1.763508e-01
1.823127e-01
1.860673e-01
1.873625e-01
1.860868e-01
1.822776e-01
1.761195e-01
1.679249e-01
1.581125e-01
1.471738e-01
1.356404e-01
1.240435e-01
1.128850e-01
1.026125e-01
9.358200e-02
8.605494e-02
8.020114e-02
7.608750e-02
7.369293e-02
7.293037e-02
7.366145e-02
7.570575e-02
7.887595e-02
8.297715e-02
8.782265e-02
9.324685e-02
9.910395e-02
1.052589e-01
1.116254e-01
1.181211e-01
1.247111e-01
1.313957e-01
1.382341e-01
1.453330e-01
1.528868e-01
1.611528e-01
1.704660e-01
1.812341e-01
1.938888e-01
2.088868e-01
2.266307e-01
2.474320e-01
2.714593e-01
2.986432e-01
3.286564e-01
3.608621e-01
3.942813e-01
4.276060e-01
4.592337e-01
4.873294e-01
5.099002e-01
5.249291e-01
5.304994e-01
5.249291e-01
5.069174e-01
4.756442e-01
4.308968e-01
3.731173e-01
3.034000e-01
2.235143e-01
1.357827e-01
4.302490e-02
-5.166359e-02
-1.449970e-01
-2.337311e-01
-3.148496e-01
-3.856903e-01
-4.441121e-01
-4.885850e-01
-5.182499e-01
-5.329356e-01
-5.331176e-01
-5.198613e-01
-4.947075e-01
-4.595529e-01
-4.165145e-01
-3.678114e-01
-3.156027e-01
-2.619282e-01
-2.085993e-01
-1.571532e-01
-1.088405e-01
-6.461263e-02
-2.515154e-02
9.093787e-03
3.785825e-02
6.101591e-02
7.854284e-02
9.047745e-02
9.688145e-02
9.787322e-02
9.356925e-02
8.415972e-02
6.984990e-02
5.095591e-02
2.785870e-02
1.051953e-03
-2.887807e-02
-6.123243e-02
-9.523721e-02
-1.300512e-01
-1.647914e-01
-1.985739e-01
-2.305354e-01
-2.598684e-01
-2.858408e-01
-3.078254e-01
-3.253152e-01
-3.379229e-01
-3.453980e-01
-3.476262e-01
-3.446298e-01
-3.365593e-01
-3.236962e-01
-3.064482e-01
-2.853405e-01
-2.609958e-01
-2.341497e-01
-2.055944e-01
-1.761851e-01
-1.467951e-01
-1.182741e-01
-9.142882e-02
-6.695510e-02
-4.541741e-02
-2.720340e-02
-1.250105e-02
-1.277367e-03
6.707558e-03
1.189420e-02
1.489446e-02
1.642226e-02
1.726243e-02
1.817281e-02
1.984331e-02
2.280972e-02
2.740791e-02
3.374194e-02
4.165508e-02
5.073331e-02
6.034544e-02
6.968020e-02
7.780688e-02
8.376065e-02
8.662608e-02
8.560267e-02
8.008559e-02
6.971074e-02
5.440270e-02
3.436738e-02
1.008886e-02
-1.771170e-02
-4.811840e-02
-8.011273e-02
-1.126209e-01
-1.446006e-01
-1.751176e-01
-2.033841e-01
-2.288121e-01
-2.510232e-01
-2.698486e-01
-2.853228e-01
-2.976349e-01
-3.070871e-01
-3.140498e-01
-3.189035e-01
-3.219993e-01
-3.236124e-01
-3.239287e-01
-3.230243e-01
-3.208697e-01
-3.173583e-01
-3.123000e-01
-3.054857e-01
-2.966939e-01
-2.857316e-01
-2.724592e-01
-2.568040e-01
-2.387683e-01
-2.184222e-01
-1.959072e-01
-1.713969e-01
-1.450832e-01
-1.171575e-01
-8.777596e-02
-5.704937e-02
-2.501175e-02
8.343191e-03
4.310991e-02
7.940615e-02
1.173881e-01
1.571911e-01
1.989141e-01
2.425818e-01
2.880914e-01
3.352131e-01
3.835387e-01
4.324840e-01
4.812749e-01
5.289641e-01
5.744534e-01
6.165200e-01
6.538668e-01
6.851736e-01
7.091630e-01
7.246582e-01
7.306554e-01
7.263766e-01
7.113318e-01
6.853556e-01
6.486418e-01
6.017554e-01
5.456096e-01
4.814638e-01
4.108637e-01
3.355793e-01
2.575317e-01
1.787103e-01
1.010790e-01
2.647589e-02
-4.343725e-02
-1.072921e-01
-1.640282e-01
-2.129518e-01
-2.537321e-01
-2.864183e-01
-3.113787e-01
-3.292696e-01
-3.409694e-01
-3.475037e-01
-3.499816e-01
-3.495055e-01
-3.471253e-01
-3.437747e-01
-3.402402e-01
-3.371380e-01
-3.349114e-01
-3.338466e-01
-3.340929e-01
-3.357001e-01
-3.386439e-01
-3.428766e-01
-3.483434e-01
-3.550081e-01
-3.628617e-01
-3.719175e-01
-3.821993e-01
-3.937084e-01
-4.063936e-01
-4.201156e-01
-4.346140e-01
-4.494743e-01
-4.641179e-01
-4.777888e-01
-4.895761e-01
-4.984419e-01
-5.032619e-01
-5.028982e-01
-4.962685e-01
-4.824014e-01
-4.605497e-01
-4.302280e-01
-3.912757e-01
-3.439075e-01
-2.887116e-01
-2.266489e-01
-1.590234e-01
-8.741892e-02
-1.361112e-02
6.049075e-02
1.329856e-01
2.020455e-01
2.660427e-01
3.235968e-01
3.736764e-01
4.156053e-01
4.490881e-01
4.742060e-01
4.913670e-01
5.012605e-01
5.047736e-01
5.029374e-01
4.968262e-01
4.874963e-01
4.759464e-01
4.630464e-01
4.495512e-01
4.360828e-01
4.231431e-01
4.111664e-01
4.005237e-01
3.915964e-01
3.847613e-01
3.804496e-01
3.791046e-01
3.811832e-01
3.871018e-01
3.971771e-01
4.115623e-01
4.301664e-01
4.525920e-01
4.780883e-01
5.055153e-01
5.333667e-01
5.597972e-01
5.827137e-01
5.998880e-01
6.090627e-01
6.081773e-01
5.954544e-01
5.695984e-01
5.299157e-01
4.763809e-01
4.097347e-01
3.314315e-01
2.436079e-01
1.489673e-01
5.064043e-02
-4.803528e-02
-1.436721e-01
-2.330762e-01
-3.134253e-01
-3.824341e-01
-4.384783e-01
-4.806678e-01
-5.088744e-01
-5.236703e-01
-5.262678e-01
-5.183847e-01
-5.020743e-01
-4.795778e-01
-4.531231e-01
-4.248025e-01
-3.964102e-01
-3.693642e-01
-3.446380e-01
-3.227586e-01
-3.038145e-01
-2.875382e-01
-2.733606e-01
-2.605343e-01
-2.482279e-01
-2.356346e-01
-2.220469e-01
-2.069355e-01
-1.899851e-01
-1.711191e-01
-1.504785e-01
-1.284111e-01
-1.054154e-01
-8.209469e-02
-5.908422e-02
-3.701940e-02
-1.646120e-02
2.109133e-03
1.835384e-02
3.204137e-02
4.309196e-02
5.151366e-02
5.742035e-02
6.098584e-02
6.241478e-02
6.191968e-02
5.970095e-02
5.594215e-02
5.076841e-02
4.428775e-02
3.656486e-02
2.764460e-02
1.756066e-02
6.352253e-03
-5.920344e-03
-1.917605e-02
-3.328263e-02
-4.807920e-02
-6.336379e-02
-7.888168e-02
-9.437595e-02
-1.095507e-01
-1.241183e-01
-1.378018e-01
-1.503470e-01
-1.615376e-01
-1.712087e-01
-1.792512e-01
-1.856052e-01
-1.902942e-01
-1.933862e-01
-1.950110e-01
-1.953477e-01
-1.946095e-01
-1.930463e-01
-1.909138e-01
-1.884883e-01
-1.860233e-01
-1.837717e-01
-1.819531e-01
-1.807591e-01
-1.803372e-01
-1.808106e-01
-1.822448e-01
-1.846734e-01
-1.880968e-01
-1.924712e-01
-1.977342e-01
-2.038017e-01
-2.105715e-01
-2.179490e-01
-2.258271e-01
-2.341180e-01
-2.427420e-01
-2.516393e-01
-2.607576e-01
-2.700541e-01
-2.794828e-01
-2.889899e-01
-2.984763e-01
-3.077964e-01
-3.167362e-01
-3.249909e-01
-3.321530e-01
-3.377044e-01
-3.410342e-01
-3.414290e-01
-3.381200e-01
-3.303086e-01
-3.172292e-01
-2.982074e-01
-2.726991e-01
-2.403907e-01
-2.012306e-01
-1.554738e-01
-1.037041e-01
-4.687035e-02
1.379194e-02
7.677907e-02
1.403795e-01
2.028119e-01
2.622947e-01
3.171978e-01
3.661289e-01
4.080445e-01
4.423302e-01
4.688284e-01
4.878603e-01
5.001752e-01
5.069054e-01
5.094141e-01
5.091975e-01
5.077319e-01
5.063031e-01
5.058831e-01
5.070209e-01
5.097592e-01
5.136157e-01
5.175871e-01
5.202434e-01
5.198247e-01
5.144058e-01
5.020660e-01
4.810782e-01
4.500773e-01
4.082143e-01
3.552693e-01
2.917171e-01
2.187307e-01
1.381485e-01
5.235839e-02
-3.582613e-02
-1.233569e-01
-2.071337e-01
-2.841956e-01
-3.518995e-01
-4.080843e-01
-4.511626e-01
-4.801951e-01
-4.949175e-01
-4.956955e-01
-4.834700e-01
-4.596401e-01
-4.259451e-01
-3.843475e-01
-3.368691e-01
-2.855125e-01
-2.321307e-01
-1.783815e-01
-1.256606e-01
-7.510303e-02
-2.757492e-02
1.629970e-02
5.610839e-02
9.160492e-02
1.226845e-01
1.493416e-01
1.716432e-01
1.897347e-01
2.038027e-01
2.140944e-01
2.209068e-01
2.245987e-01
2.255755e-01
2.242827e-01
2.212037e-01
2.168197e-01
2.116008e-01
2.059729e-01
2.002962e-01
1.948423e-01
1.897903e-01
1.852144e-01
1.811092e-01
1.773891e-01
1.739337e-01
1.706059e-01
1.672898e-01
1.639154e-01
1.604870e-01
1.570840e-01
1.538658e-01
1.510588e-01
1.489265e-01
1.477488e-01
1.477679e-01
1.491642e-01
1.520204e-01
1.562932e-01
1.618074e-01
1.682437e-01
1.751780e-01
1.820829e-01
1.883748e-01
1.934634e-01
1.967970e-01
1.978971e-01
1.964057e-01
1.921124e-01
1.849701e-01
1.751059e-01
1.628055e-01
1.484953e-01
1.327353e-01
1.161558e-01
9.945438e-02
8.333608e-02
6.849291e-02
5.556905e-02
4.513249e-02
3.765927e-02
3.349887e-02
3.288429e-02
3.589171e-02
4.246699e-02
5.239539e-02
6.531232e-02
8.074299e-02
9.807976e-02
1.166331e-01
1.356807e-01
1.544809e-01
1.723573e-01
1.887281e-01
2.031796e-01
2.154889e-01
2.256710e-01
2.339881e-01
2.409342e-01
2.472205e-01
2.536994e-01
2.612916e-01
2.708901e-01
2.832648e-01
2.989379e-01
3.180989e-01
3.405419e-01
3.656025e-01
3.921737e-01
4.187235e-01
4.433874e-01
4.640968e-01
4.787020e-01
4.851639e-01
4.817296e-01
4.670829e-01
4.404959e-01
4.019371e-01
3.521081e-01
2.924584e-01
2.251024e-01
1.527228e-01
7.838353e-02
5.348991e-03
-6.314796e-02
-1.241238e-01
-1.750611e-01
-2.140443e-01
-2.399310e-01
-2.523763e-01
-2.518889e-01
-2.397044e-01
-2.177607e-01
-1.884636e-01
-1.545646e-01
-1.189062e-01
-8.426541e-02
-5.312826e-02
-2.758027e-02
-9.141548e-03
1.227009e-03
3.226920e-03
-2.884899e-03
-1.632133e-02
-3.588973e-02
-6.010402e-02
-8.733202e-02
-1.159088e-01
-1.442728e-01
-1.710538e-01
-1.951446e-01
-2.157470e-01
-2.323797e-01
-2.448754e-01
-2.533309e-01
-2.580625e-01
-2.595498e-01
-2.583622e-01
-2.551079e-01
-2.503701e-01
-2.446783e-01
-2.384689e-01
-2.320737e-01
-2.257320e-01
-2.195774e-01
-2.136728e-01
-2.080263e-01
-2.026197e-01
-1.974210e-01
-1.924080e-01
-1.875864e-01
-1.829896e-01
-1.786749e-01
-1.747268e-01
-1.712275e-01
-1.682579e-01
-1.658821e-01
-1.641044e-01
-1.628948e-01
-1.621524e-01
-1.617147e-01
-1.613615e-01
-1.608275e-01
-1.598131e-01
-1.580203e-01
-1.551735e-01
-1.510357e-01
-1.454636e-01
-1.383927e-01
-1.298846e-01
-1.201121e-01
-1.093628e-01
-9.802361e-02
-8.655813e-02
-7.547015e-02
-6.526531e-02
-5.640078e-02
-4.925626e-02
-4.408426e-02
-4.098522e-02
-3.989144e-02
-4.054915e-02
-4.255190e-02
-4.534491e-02
-4.826890e-02
-5.061703e-02
-5.168720e-02
-5.083774e-02
-4.753877e-02
-4.144710e-02
-3.240311e-02
-2.048708e-02
-6.006927e-03
1.050997e-02
2.834923e-02
4.665887e-02
6.448994e-02
8.088436e-02
9.492121e-02
1.057888e-01
1.128335e-01
1.156079e-01
1.138923e-01
1.077094e-01
9.731751e-02
8.319251e-02
6.598074e-02
4.647342e-02
2.553575e-02
4.066618e-03
-1.706972e-02
-3.706442e-02
-5.523458e-02
-7.103143e-02
-8.406517e-02
-9.410912e-02
-1.011060e-01
-1.051404e-01
-1.064234e-01
-1.052727e-01
-1.020773e-01
-9.727207e-02
-9.130194e-02
-8.461930e-02
-7.763441e-02
-7.071249e-02
-6.417310e-02
-5.826436e-02
-5.317706e-02
-4.903209e-02
-4.590314e-02
-4.380405e-02
-4.270429e-02
-4.254371e-02
-4.323197e-02
-4.465760e-02
-4.670253e-02
-4.923454e-02
-5.212641e-02
-5.524340e-02
-5.846618e-02
-6.167290e-02
-6.475368e-02
-6.760242e-02
-7.012781e-02
-7.223131e-02
-7.383514e-02
-7.486218e-02
-7.524660e-02
-7.492168e-02
-7.384223e-02
-7.197487e-02
-6.928969e-02
-6.578481e-02
-6.148053e-02
-5.641904e-02
-5.067134e-02
-4.434212e-02
-3.756031e-02
-3.049198e-02
-2.332763e-02
-1.628119e-02
-9.583594e-03
-3.465793e-03
1.835294e-03
6.105412e-03
9.160535e-03
1.085142e-02
1.108646e-02
9.830058e-03
7.114026e-03
3.039428e-03
-2.233322e-03
-8.478637e-03
-1.543314e-02
-2.279680e-02
-3.026151e-02
-3.752111e-02
-4.430670e-02
-5.038357e-02
-5.558769e-02
-5.982191e-02
-6.307177e-02
-6.539030e-02
-6.690692e-02
-6.780251e-02
-6.828761e-02
-6.858412e-02
-6.890322e-02
-6.940744e-02
-7.020314e-02
-7.130936e-02
-7.266202e-02
-7.410182e-02
-7.538356e-02
-7.619784e-02
-7.619315e-02
-7.499945e-02
-7.228814e-02
-6.777433e-02
-6.128182e-02
-5.275624e-02
-4.228213e-02
-3.011427e-02
-1.664836e-02
-2.420184e-03
1.191286e-02
2.563247e-02
3.798789e-02
4.824291e-02
5.573586e-02
5.990942e-02
6.036823e-02
5.687224e-02
4.938608e-02
3.803933e-02
2.312910e-02
5.091525e-03
-1.555444e-02
-3.822578e-02
-6.234707e-02
-8.736607e-02
-1.127948e-01
-1.382262e-01
-1.633291e-01
-1.878334e-01
-2.115035e-01
-2.340920e-01
-2.552873e-01
-2.746678e-01
-2.916593e-01
-3.054960e-01
-3.152174e-01
-3.196843e-01
-3.176104e-01
-3.076456e-01
-2.884635e-01
-2.588789e-01
-2.179748e-01
-1.652269e-01
-1.006293e-01
-2.477750e-02
6.105464e-02
1.549251e-01
2.542072e-01
3.557289e-01
4.558482e-01
5.506711e-01
6.362255e-01
7.087073e-01
7.647147e-01
8.014415e-01
8.168880e-01
8.099955e-01
7.807347e-01
7.301225e-01
6.601892e-01
5.738649e-01
4.748048e-01
3.671836e-01
2.554613e-01
1.441060e-01
3.735827e-02
-6.100574e-02
-1.478690e-01
-2.208985e-01
-2.786485e-01
-3.205748e-01
-3.469899e-01
-3.589752e-01
-3.582535e-01
-3.470192e-01
-3.277464e-01
-3.030240e-01
-2.753646e-01
-2.470683e-01
-2.200975e-01
-1.959993e-01
-1.758525e-01
-1.602817e-01
-1.494494e-01
-1.431472e-01
-1.408366e-01
-1.417454e-01
-1.449461e-01
-1.494442e-01
-1.542516e-01
-1.584369e-01
-1.611849e-01
-1.618274e-01
-1.598572e-01
-1.549454e-01
-1.469239e-01
-1.358049e-01
-1.217368e-01
-1.050100e-01
-8.602745e-02
-6.529593e-02
-4.338747e-02
-2.094053e-02
1.380812e-03
2.290205e-02
4.296709e-02
6.095448e-02
7.631242e-02
8.857187e-02
9.736554e-02
1.024590e-01
1.037191e-01
1.011660e-01
9.493959e-02
8.529270e-02
7.258211e-02
5.725030e-02
3.979783e-02
2.076951e-02
7.078645e-04
-1.982460e-02
-4.032703e-02
-6.030717e-02
-7.935633e-02
-9.711113e-02
-1.132927e-01
-1.276893e-01
-1.401637e-01
-1.506491e-01
-1.591512e-01
-1.657219e-01
-1.704818e-01
-1.735876e-01
-1.752207e-01
-1.755963e-01
-1.749300e-01
-1.734354e-01
-1.713037e-01
-1.687044e-01
-1.657621e-01
-1.625658e-01
-1.591382e-01
-1.554775e-01
-1.515156e-01
-1.471659e-01
-1.423006e-01
-1.367920e-01
-1.305206e-01
-1.233657e-01
-1.152735e-01
-1.062106e-01
-9.622993e-02
-8.542720e-02
-7.398596e-02
-6.215021e-02
-5.022190e-02
-3.855428e-02
-2.753084e-02
-1.754420e-02
-8.972475e-03
-2.151934e-03
2.644452e-03
5.247925e-03
5.609055e-03
3.807498e-03
9.009442e-05
-5.148967e-03
-1.135178e-02
-1.783763e-02
-2.381249e-02
-2.841651e-02
-3.078101e-02
-3.008426e-02
-2.560114e-02
-1.676873e-02
-3.256104e-03
1.502142e-02
3.786360e-02
6.478432e-02
9.503014e-02
1.276298e-01
1.614475e-01
1.952741e-01
2.279014e-01
2.582367e-01
2.853671e-01
3.086448e-01
3.277303e-01
3.426251e-01
3.536378e-01
3.613577e-01
3.665888e-01
3.702303e-01
3.731956e-01
3.762869e-01
3.800780e-01
3.848604e-01
3.905519e-01
3.966984e-01
4.024801e-01
4.067615e-01
4.081998e-01
4.053331e-01
3.967422e-01
3.811575e-01
3.576139e-01
3.255265e-01
2.847966e-01
2.358453e-01
1.795887e-01
1.174359e-01
5.118763e-02
-1.705052e-02
-8.499963e-02
-1.503254e-01
-2.107655e-01
-2.642527e-01
-3.089891e-01
-3.435332e-01
-3.668435e-01
-3.782766e-01
-3.776170e-01
-3.650234e-01
-3.410229e-01
-3.064363e-01
-2.623633e-01
-2.101151e-01
-1.511623e-01
-8.710045e-02
-1.957780e-02
4.974705e-02
1.192695e-01
1.875021e-01
2.531459e-01
3.151472e-01
3.727672e-01
4.256124e-01
4.736732e-01
5.173136e-01
5.572344e-01
5.944075e-01
6.299692e-01
6.650917e-01
7.008175e-01
7.379235e-01
7.767517e-01
8.170862e-01
8.580775e-01
8.982073e-01
9.353240e-01
9.667320e-01
9.893619e-01
1.000000e+00
9.955153e-01
9.731737e-01
9.308608e-01
8.673560e-01
7.825160e-01
6.773368e-01
5.540538e-01
4.160020e-01
2.675124e-01
1.136049e-01
-4.023462e-02
