
4.712766e-01
4.737442e-01
4.775539e-01
4.828318e-01
4.897345e-01
4.984424e-01
5.091423e-01
5.220098e-01
5.371966e-01
5.547833e-01
5.747706e-01
5.970448e-01
6.213362e-01
6.472126e-01
6.740484e-01
7.010179e-01
7.271094e-01
7.511272e-01
7.717349e-01
7.875015e-01
7.969528e-01
7.986604e-01
7.913116e-01
7.737774e-01
7.452044e-01
7.051020e-01
6.533485e-01
5.902889e-01
5.166997e-01
4.338326e-01
3.432961e-01
2.471184e-01
1.475458e-01
4.703282e-02
-5.191555e-02
-1.468331e-01
-2.354023e-01
-3.156053e-01
-3.857388e-01
-4.445443e-01
-4.912418e-01
-5.255102e-01
-5.475540e-01
-5.579770e-01
-5.578333e-01
-5.484589e-01
-5.314305e-01
-5.084750e-01
-4.813583e-01
-4.518093e-01
-4.214187e-01
-3.915991e-01
-3.635217e-01
-3.380788e-01
-3.159056e-01
-2.973379e-01
-2.824796e-01
-2.712023e-01
-2.632116e-01
-2.580770e-01
-2.552801e-01
-2.542973e-01
-2.545595e-01
-2.555736e-01
-2.568879e-01
-2.581269e-01
-2.590031e-01
-2.593051e-01
-2.588966e-01
-2.577108e-01
-2.557334e-01
-2.529813e-01
-2.495091e-01
-2.453801e-01
-2.406688e-01
-2.354526e-01
-2.298051e-01
-2.238032e-01
-2.175256e-01
-2.110348e-01
-2.044261e-01
-1.977708e-01
-1.911519e-01
-1.846523e-01
-1.783578e-01
-1.723402e-01
-1.666572e-01
-1.613581e-01
-1.564715e-01
-1.519983e-01
-1.479021e-01
-1.441584e-01
-1.406791e-01
-1.373767e-01
-1.341529e-01
-1.309045e-01
-1.275206e-01
-1.239061e-01
-1.199883e-01
-1.157103e-01
-1.110371e-01
-1.059677e-01
-1.005402e-01
-9.480426e-02
-8.883026e-02
-8.273405e-02
-7.661300e-02
-7.058900e-02
-6.478436e-02
-5.930915e-02
-5.427363e-02
-4.976744e-02
-4.587463e-02
-4.264961e-02
-4.014384e-02
-3.838631e-02
-3.739197e-02
-3.716499e-02
-3.769385e-02
-3.897025e-02
-4.095968e-02
-4.362735e-02
-4.693918e-02
-5.084001e-02
-5.526078e-02
-6.013458e-02
-6.538374e-02
-7.089904e-02
-7.657391e-02
-8.228853e-02
-8.790288e-02
-9.327648e-02
-9.825661e-02
-1.027023e-01
-1.064559e-01
-1.093845e-01
-1.113773e-01
-1.123235e-01
-1.121621e-01
-1.108580e-01
-1.084221e-01
-1.049051e-01
-1.003994e-01
-9.505555e-02
-8.905999e-02
-8.264461e-02
-7.607066e-02
-6.963393e-02
-6.363392e-02
-5.837966e-02
-5.416315e-02
-5.125777e-02
-4.988341e-02
-5.022193e-02
-5.237670e-02
-5.639002e-02
-6.221961e-02
-6.975106e-02
-7.879389e-02
-8.910809e-02
-1.003915e-01
-1.123300e-01
-1.245943e-01
-1.368730e-01
-1.489071e-01
-1.604878e-01
-1.715048e-01
-1.819347e-01
-1.918594e-01
-2.014761e-01
-2.110585e-01
-2.209686e-01
-2.316108e-01
-2.434112e-01
-2.567674e-01
-2.720109e-01
-2.893658e-01
-3.089086e-01
-3.305194e-01
-3.538944e-01
-3.784818e-01
-4.035187e-01
-4.280359e-01
-4.508747e-01
-4.707390e-01
-4.862629e-01
-4.960593e-01
-4.987970e-01
-4.932919e-01
-4.785673e-01
-4.539212e-01
-4.190066e-01
-3.738500e-01
-3.188911e-01
-2.549832e-01
-1.833731e-01
-1.056913e-01
-2.383730e-02
6.004648e-02
1.436985e-01
2.248260e-01
3.012206e-01
3.708618e-01
4.320345e-01
4.833778e-01
5.240180e-01
5.535544e-01
5.721280e-01
5.804037e-01
5.795436e-01
5.711419e-01
5.571531e-01
5.397998e-01
5.214135e-01
5.043766e-01
4.909101e-01
4.830179e-01
4.823252e-01
4.899924e-01
5.066403e-01
5.323024e-01
5.663940e-01
6.077294e-01
6.545918e-01
7.047610e-01
7.556656e-01
8.044762e-01
8.482634e-01
8.841422e-01
9.094145e-01
9.217221e-01
9.191933e-01
9.004843e-01
8.649266e-01
8.125350e-01
7.440195e-01
6.607675e-01
5.647615e-01
4.585210e-01
3.449411e-01
2.271915e-01
1.085421e-01
-7.772163e-03
-1.187184e-01
-2.215810e-01
-3.140881e-01
-3.944704e-01
-4.615761e-01
-5.147987e-01
-5.541635e-01
-5.802061e-01
-5.939471e-01
-5.967884e-01
-5.903911e-01
-5.765795e-01
-5.572332e-01
-5.341521e-01
-5.089981e-01
-4.832093e-01
-4.579560e-01
-4.341188e-01
-4.122875e-01
-3.927869e-01
-3.757181e-01
-3.610126e-01
-3.484966e-01
-3.379383e-01
-3.291227e-01
-3.218689e-01
-3.160853e-01
-3.117583e-01
-3.089561e-01
-3.077814e-01
-3.083700e-01
-3.107783e-01
-3.149894e-01
-3.208031e-01
-3.278337e-01
-3.354411e-01
-3.427270e-01
-3.485571e-01
-3.515635e-01
-3.502306e-01
-3.429524e-01
-3.281394e-01
-3.043187e-01
-2.702601e-01
-2.250748e-01
-1.683051e-01
-1.000260e-01
-2.088138e-02
6.789213e-02
1.644791e-01
2.665200e-01
3.712255e-01
4.754454e-01
5.758553e-01
6.690550e-01
7.517863e-01
8.210412e-01
8.742487e-01
9.093909e-01
9.250812e-01
9.206873e-01
8.962845e-01
8.527427e-01
7.915749e-01
7.149703e-01
6.255895e-01
5.264889e-01
4.209695e-01
3.123913e-01
2.040796e-01
9.913140e-02
3.246820e-04
-8.998091e-02
-1.699319e-01
-2.382174e-01
-2.940665e-01
-3.372736e-01
-3.681107e-01
-3.873018e-01
-3.959420e-01
-3.953999e-01
-3.872307e-01
-3.730941e-01
-3.546717e-01
-3.335658e-01
-3.112666e-01
-2.890936e-01
-2.681438e-01
-2.493023e-01
-2.332213e-01
-2.203093e-01
-2.107955e-01
-2.047128e-01
-2.019454e-01
-2.022807e-01
-2.054058e-01
-2.109917e-01
-2.186824e-01
-2.281439e-01
-2.390740e-01
-2.512222e-01
-2.643985e-01
-2.784408e-01
-2.932487e-01
-3.087285e-01
-3.247867e-01
-3.412967e-01
-3.580640e-01
-3.748104e-01
-3.911307e-01
-4.064674e-01
-4.201201e-01
-4.312155e-01
-4.387313e-01
-4.415190e-01
-4.383381e-01
-4.279107e-01
-4.089967e-01
-3.804444e-01
-3.413045e-01
-2.908974e-01
-2.288900e-01
-1.553710e-01
-7.091884e-02
2.338549e-02
1.259351e-01
2.346122e-01
3.468390e-01
4.596636e-01
5.698479e-01
6.739951e-01
7.687079e-01
8.507285e-01
9.170912e-01
9.652773e-01
9.933367e-01
1.000000e+00
9.847481e-01
9.478536e-01
8.903791e-01
8.141341e-01
7.215962e-01
6.158018e-01
5.002066e-01
3.785277e-01
2.545611e-01
1.320414e-01
1.444585e-02
-9.511338e-02
-1.940271e-01
-2.802730e-01
-3.524532e-01
-4.098264e-01
-4.522787e-01
-4.802772e-01
-4.947932e-01
-4.972146e-01
-4.892383e-01
-4.727540e-01
-4.497508e-01
-4.222100e-01
-3.920288e-01
-3.609506e-01
-3.305203e-01
-3.020563e-01
-2.766401e-01
-2.551125e-01
-2.380866e-01
-2.259732e-01
-2.189828e-01
-2.171617e-01
-2.203827e-01
-2.283667e-01
-2.406813e-01
-2.567209e-01
-2.757231e-01
-2.967509e-01
-3.186919e-01
-3.402596e-01
-3.600460e-01
-3.765057e-01
-3.880549e-01
-3.931007e-01
-3.901393e-01
-3.778331e-01
-3.551140e-01
-3.212465e-01
-2.759529e-01
-2.194243e-01
-1.524015e-01
-7.617606e-02
7.430301e-03
9.610613e-02
1.871475e-01
2.775521e-01
3.641786e-01
4.438746e-01
5.136719e-01
5.709148e-01
6.134309e-01
6.396523e-01
6.487193e-01
6.405211e-01
6.157316e-01
5.757908e-01
5.228052e-01
4.594590e-01
3.888767e-01
3.144250e-01
2.395775e-01
1.676604e-01
1.017579e-01
4.448118e-02
-2.121694e-03
-3.667526e-02
-5.852420e-02
-6.774455e-02
-6.511032e-02
-5.201382e-02
-3.036971e-02
-2.478365e-03
2.912740e-02
6.181832e-02
9.304303e-02
1.204261e-01
1.419279e-01
1.558901e-01
1.611116e-01
1.568770e-01
1.429439e-01
1.195038e-01
8.716575e-02
4.684359e-02
-2.804564e-04
-5.285117e-02
-1.094011e-01
-1.684034e-01
-2.283396e-01
-2.877071e-01
-3.450461e-01
-3.989570e-01
-4.480810e-01
-4.911094e-01
-5.267684e-01
-5.538352e-01
-5.711419e-01
-5.775973e-01
-5.722445e-01
-5.542984e-01
-5.232114e-01
-4.787344e-01
-4.210047e-01
-3.505875e-01
-2.685314e-01
-1.763867e-01
-7.621158e-02
2.946267e-02
1.376966e-01
2.452358e-01
3.486273e-01
4.443787e-01
5.291053e-01
5.997022e-01
6.534986e-01
6.884097e-01
7.030481e-01
6.968128e-01
6.699301e-01
6.234667e-01
5.592569e-01
4.798484e-01
3.883456e-01
2.882767e-01
1.833989e-01
7.750975e-02
-2.573010e-02
-1.229677e-01
-2.113361e-01
-2.885299e-01
-3.529280e-01
-4.036019e-01
-4.403232e-01
-4.635231e-01
-4.741983e-01
-4.738282e-01
-4.642157e-01
-4.473706e-01
-4.253735e-01
-4.002272e-01
-3.737676e-01
-3.475529e-01
-3.228264e-01
-3.004579e-01
-2.809480e-01
-2.644663e-01
-2.508758e-01
-2.397956e-01
-2.306936e-01
-2.229342e-01
-2.158742e-01
-2.089162e-01
-2.015678e-01
-1.934765e-01
-1.844557e-01
-1.744859e-01
-1.637067e-01
-1.523829e-01
-1.408781e-01
-1.296185e-01
-1.190381e-01
-1.095386e-01
-1.014642e-01
-9.505925e-02
-9.045073e-02
-8.764451e-02
-8.651712e-02
-8.683174e-02
-8.824838e-02
-9.034670e-02
-9.266661e-02
-9.470488e-02
-9.598113e-02
-9.602595e-02
-9.442747e-02
-9.083639e-02
-8.497361e-02
-7.666406e-02
-6.578172e-02
-5.231644e-02
-3.633081e-02
-1.794238e-02
2.642476e-03
2.517765e-02
4.935442e-02
7.484213e-02
1.012619e-01
1.282186e-01
1.552989e-01
1.820814e-01
2.081544e-01
2.331068e-01
2.565537e-01
2.781331e-01
2.975415e-01
3.145108e-01
3.288413e-01
3.403884e-01
3.491030e-01
3.549781e-01
3.581053e-01
3.586334e-01
3.567686e-01
3.527690e-01
3.469320e-01
3.395726e-01
3.310136e-01
3.215728e-01
3.115426e-01
3.011946e-01
2.907359e-01
2.803634e-01
2.701936e-01
2.603196e-01
2.507871e-01
2.416148e-01
2.327905e-01
2.242944e-01
2.161048e-01
2.082020e-01
2.005722e-01
1.932267e-01
1.861936e-01
1.795160e-01
1.732437e-01
1.674580e-01
1.622234e-01
1.576037e-01
1.536724e-01
1.504647e-01
1.480118e-01
1.463162e-01
1.453647e-01
1.451160e-01
1.455061e-01
1.464705e-01
1.479163e-01
1.497545e-01
1.518863e-01
1.542182e-01
1.566587e-01
1.591160e-01
1.615226e-01
1.637979e-01
1.658816e-01
1.677129e-01
1.692663e-01
1.705009e-01
1.714012e-01
1.719797e-01
1.722648e-01
1.723092e-01
1.722013e-01
1.720512e-01
1.720000e-01
1.722034e-01
1.728462e-01
1.740962e-01
1.761155e-01
1.790397e-01
1.829636e-01
1.879121e-01
1.938408e-01
2.006352e-01
2.080783e-01
2.158889e-01
2.237062e-01
2.311277e-01
2.377212e-01
2.430520e-01
2.467353e-01
2.484378e-01
2.479312e-01
2.451123e-01
2.400064e-01
2.327871e-01
2.237637e-01
2.133803e-01
2.021665e-01
1.907285e-01
1.796947e-01
1.696810e-01
1.612471e-01
1.548718e-01
1.509187e-01
1.496171e-01
1.510896e-01
1.553209e-01
1.622239e-01
1.716423e-01
1.834101e-01
1.973727e-01
2.134539e-01
2.316377e-01
2.520441e-01
2.748668e-01
3.003960e-01
3.289664e-01
3.608929e-01
3.964299e-01
4.356611e-01
4.784732e-01
5.244316e-01
5.727733e-01
6.223634e-01
6.716642e-01
7.188151e-01
7.616307e-01
7.977410e-01
8.246936e-01
8.400542e-01
8.416341e-01
8.275692e-01
7.964995e-01
7.476841e-01
6.810809e-01
5.974373e-01
4.982487e-01
3.857547e-01
2.628478e-01
1.329566e-01
-1.299119e-04
-1.324298e-01
0.000000e+00
0.000000e+00
0.000000e+00
0.000000e+00
0.000000e+00
0.000000e+00
0.000000e+00
0.000000e+00
0.000000e+00
0.000000e+00
0.000000e+00
0.000000e+00
0.000000e+00
0.000000e+00
0.000000e+00
0.000000e+00
0.000000e+00
0.000000e+00
0.000000e+00
0.000000e+00
0.000000e+00
0.000000e+00
0.000000e+00
0.000000e+00
0.000000e+00
0.000000e+00
0.000000e+00
0.000000e+00
0.000000e+00
0.000000e+00
0.000000e+00
0.000000e+00
0.000000e+00
0.000000e+00
0.000000e+00
0.000000e+00
0.000000e+00
0.000000e+00
0.000000e+00
0.000000e+00
0.000000e+00
0.000000e+00
0.000000e+00
0.000000e+00
0.000000e+00
0.000000e+00
0.000000e+00
0.000000e+00
0.000000e+00
0.000000e+00
0.000000e+00
0.000000e+00
0.000000e+00
0.000000e+00
0.000000e+00
0.000000e+00
0.000000e+00
0.000000e+00
0.000000e+00
0.000000e+00
0.000000e+00
0.000000e+00
0.000000e+00
0.000000e+00
7.442268e-01
7.113338e-01
6.652128e-01
6.093044e-01
5.475495e-01
4.839565e-01
4.221504e-01
3.649987e-01
3.143549e-01
2.708952e-01
2.341734e-01
2.027486e-01
1.744813e-01
1.468974e-01
1.175433e-01
8.440013e-02
4.613184e-02
2.320489e-03
-4.650137e-02
-9.886631e-02
-1.525863e-01
-2.049896e-01
-2.532461e-01
-2.946746e-01
-3.270470e-01
-3.488102e-01
-3.592135e-01
-3.583574e-01
-3.471361e-01
-3.270887e-01
-3.002174e-01
-2.687648e-01
-2.349895e-01
-2.009769e-01
-1.684828e-01
-1.388577e-01
-1.129930e-01
-9.134053e-02
-7.397236e-02
-6.065186e-02
-5.091881e-02
-4.418198e-02
-3.978318e-02
-3.706229e-02
-3.538590e-02
-3.418586e-02
-3.296954e-02
-3.134519e-02
-2.901968e-02
-2.582843e-02
-2.174459e-02
-1.688196e-02
-1.150724e-02
-6.008007e-03
-8.952458e-04
3.281245e-03
5.953025e-03
6.612588e-03
4.882783e-03
5.625819e-04
-6.337998e-03
-1.558844e-02
-2.673451e-02
-3.916479e-02
-5.215350e-02
-6.494590e-02
-7.682499e-02
-8.719770e-02
-9.563889e-02
-1.019287e-01
-1.060570e-01
-1.082074e-01
-1.087097e-01
-1.079928e-01
-1.065163e-01
-1.047270e-01
-1.029950e-01
-1.015968e-01
-1.007127e-01
-1.004064e-01
-1.006799e-01
-1.014775e-01
-1.027401e-01
-1.044147e-01
-1.064788e-01
-1.089504e-01
-1.118681e-01
-1.152785e-01
-1.191996e-01
-1.235923e-01
-1.283424e-01
-1.332228e-01
-1.379024e-01
-1.419637e-01
-1.449020e-01
-1.461936e-01
-1.453123e-01
-1.418062e-01
-1.353192e-01
-1.256286e-01
-1.126817e-01
-9.658003e-02
-7.759307e-02
-5.611004e-02
-3.262703e-02
-7.703589e-03
1.807015e-02
4.410960e-02
6.984689e-02
9.474112e-02
1.182839e-01
1.399829e-01
1.593445e-01
1.758742e-01
1.890625e-01
1.983939e-01
2.033694e-01
2.035370e-01
1.985487e-01
1.881991e-01
1.724863e-01
1.516629e-01
1.262449e-01
9.703728e-02
6.509160e-02
3.166459e-02
-1.866888e-03
-3.409468e-02
-6.369708e-02
-8.954447e-02
-1.107702e-01
-1.268708e-01
-1.377062e-01
-1.435243e-01
-1.448949e-01
-1.426578e-01
-1.378260e-01
-1.314624e-01
-1.246046e-01
-1.181572e-01
-1.128312e-01
-1.091185e-01
-1.072730e-01
-1.073576e-01
-1.092614e-01
-1.127683e-01
-1.176140e-01
-1.235082e-01
-1.301620e-01
-1.372912e-01
-1.445922e-01
-1.516909e-01
-1.581318e-01
-1.633260e-01
-1.665449e-01
-1.669548e-01
-1.636426e-01
-1.557351e-01
-1.424604e-01
-1.233095e-01
-9.811228e-02
-6.712687e-02
-3.109199e-02
8.804825e-03
5.098236e-02
9.360257e-02
1.347247e-01
1.725039e-01
2.053713e-01
2.321857e-01
2.523496e-01
2.658522e-01
2.732291e-01
2.754647e-01
2.738320e-01
2.697052e-01
2.643405e-01
2.587084e-01
2.533491e-01
2.483103e-01
2.431636e-01
2.370622e-01
2.289298e-01
2.176135e-01
2.021116e-01
1.817555e-01
1.563410e-01
1.262345e-01
9.233624e-02
5.604914e-02
1.909511e-02
-1.663781e-02
-4.932848e-02
-7.740978e-02
-9.973542e-02
-1.156991e-01
-1.252582e-01
-1.289290e-01
-1.276756e-01
-1.227772e-01
-1.156621e-01
-1.077431e-01
-1.002506e-01
-9.413459e-02
-8.998085e-02
-8.800571e-02
-8.807847e-02
-8.979659e-02
-9.256700e-02
-9.572980e-02
-9.863078e-02
-1.007274e-01
-1.016121e-01
-1.010747e-01
-9.906984e-02
-9.572250e-02
-9.126888e-02
-8.603258e-02
-8.035792e-02
-7.460076e-02
-6.907704e-02
-6.405151e-02
-5.973924e-02
-5.628616e-02
-5.379037e-02
-5.228997e-02
-5.177885e-02
-5.220163e-02
-5.345593e-02
-5.539580e-02
-5.781592e-02
-6.047977e-02
-6.309409e-02
-6.533224e-02
-6.684835e-02
-6.728101e-02
-6.628659e-02
-6.354762e-02
-5.880811e-02
-5.188778e-02
-4.271622e-02
-3.134102e-02
-1.795610e-02
-2.905098e-03
1.331924e-02
3.007473e-02
4.660929e-02
6.208600e-02
7.563619e-02
8.642125e-02
9.368882e-02
9.685378e-02
9.553716e-02
8.962766e-02
7.928305e-02
6.495213e-02
4.731741e-02
2.726605e-02
5.791230e-03
-1.607521e-02
-3.736278e-02
-5.723913e-02
-7.506806e-02
-9.044905e-02
-1.032107e-01
-1.133820e-01
-1.211529e-01
-1.267889e-01
-1.305604e-01
-1.326767e-01
-1.332348e-01
-1.321978e-01
-1.294174e-01
-1.246537e-01
-1.176666e-01
-1.082880e-01
-9.650184e-02
-8.251260e-02
-6.679994e-02
-5.010622e-02
-3.340638e-02
-1.784397e-02
-4.605132e-03
5.191905e-03
1.063368e-02
1.110780e-02
6.400014e-03
-3.287118e-03
-1.732617e-02
-3.474971e-02
-5.433349e-02
-7.473195e-02
-9.461428e-02
-1.128041e-01
-1.283723e-01
-1.407211e-01
-1.496013e-01
-1.550921e-01
-1.575556e-01
-1.575400e-01
-1.556908e-01
-1.526503e-01
-1.489859e-01
-1.451334e-01
-1.413727e-01
-1.378430e-01
-1.345782e-01
-1.315403e-01
-1.286845e-01
-1.259934e-01
-1.235076e-01
-1.213235e-01
-1.195822e-01
-1.184270e-01
-1.179651e-01
-1.182239e-01
-1.191031e-01
-1.203969e-01
-1.217469e-01
-1.227464e-01
-1.229122e-01
-1.218349e-01
-1.191549e-01
-1.146880e-01
-1.084277e-01
-1.005586e-01
-9.146184e-02
-8.165395e-02
-7.176649e-02
-6.245275e-02
-5.435324e-02
-4.803836e-02
-4.396106e-02
-4.245078e-02
-4.369840e-02
-4.776958e-02
-5.457528e-02
-6.391851e-02
-7.546650e-02
-8.872843e-02
-1.030688e-01
-1.176663e-01
-1.315259e-01
-1.434812e-01
-1.522746e-01
-1.565907e-01
-1.552028e-01
-1.470972e-01
-1.315938e-01
-1.085189e-01
-7.828338e-02
-4.194550e-02
-1.205899e-03
4.166945e-02
8.399167e-02
1.228782e-01
1.554821e-01
1.792570e-01
1.922363e-01
1.932090e-01
1.818791e-01
1.589312e-01
1.259744e-01
8.543517e-02
4.035061e-02
-5.875844e-03
-4.978068e-02
-8.809516e-02
-1.180035e-01
-1.373611e-01
-1.448078e-01
-1.398352e-01
-1.227870e-01
-9.474727e-02
-5.746450e-02
-1.313006e-02
3.575301e-02
8.657483e-02
1.367779e-01
1.840037e-01
2.262069e-01
2.617434e-01
2.894303e-01
3.085620e-01
3.189425e-01
3.208289e-01
3.149247e-01
3.023050e-01
2.843503e-01
2.626444e-01
2.388851e-01
2.147752e-01
1.919013e-01
1.716455e-01
1.550826e-01
1.429286e-01
1.354907e-01
1.326572e-01
1.339588e-01
1.385803e-01
1.455023e-01
1.535656e-01
1.616123e-01
1.685977e-01
1.736672e-01
1.762582e-01
1.761118e-01
1.732916e-01
1.681592e-01
1.612865e-01
1.533976e-01
1.452672e-01
1.376065e-01
1.310131e-01
1.258821e-01
1.223818e-01
1.204625e-01
1.198685e-01
1.202096e-01
1.210118e-01
1.218056e-01
1.221879e-01
1.218757e-01
1.207345e-01
1.187816e-01
1.161693e-01
1.131315e-01
1.099386e-01
1.068306e-01
1.039757e-01
1.014223e-01
9.910598e-02
9.683903e-02
9.436605e-02
9.140435e-02
8.771561e-02
8.315174e-02
7.772360e-02
7.161071e-02
6.518446e-02
5.895770e-02
5.356781e-02
4.968299e-02
4.794762e-02
4.888740e-02
5.285479e-02
5.997963e-02
7.014704e-02
8.299576e-02
9.796653e-02
1.143248e-01
1.312541e-01
1.479115e-01
1.635091e-01
1.773637e-01
1.889497e-01
1.979206e-01
2.041247e-01
2.075832e-01
2.084719e-01
2.070922e-01
2.038135e-01
1.990520e-01
1.932567e-01
1.868487e-01
1.802637e-01
1.739285e-01
1.682961e-01
1.638671e-01
1.612102e-01
1.609865e-01
1.639408e-01
1.708882e-01
1.826610e-01
2.000286e-01
2.235914e-01
2.536726e-01
2.901788e-01
3.324854e-01
3.793507e-01
4.288904e-01
4.785693e-01
5.253255e-01
5.657123e-01
5.961387e-01
6.131469e-01
6.137139e-01
5.955555e-01
5.573768e-01
4.990715e-01
4.218238e-01
3.280654e-01
2.213767e-01
1.062318e-01
-1.232651e-02
-1.290718e-01
-2.389869e-01
-3.376301e-01
-4.214721e-01
-4.881034e-01
-5.363354e-01
-5.662237e-01
-5.789286e-01
-5.765280e-01
-5.617140e-01
-5.375374e-01
-5.070881e-01
-4.732405e-01
-4.384668e-01
-4.047105e-01
-3.733375e-01
-3.451625e-01
-3.205237e-01
-2.994102e-01
-2.815693e-01
-2.666516e-01
-2.542936e-01
-2.441830e-01
-2.361008e-01
-2.298986e-01
-2.254874e-01
-2.227817e-01
-2.216664e-01
-2.219575e-01
-2.234002e-01
-2.256586e-01
-2.283738e-01
-2.311862e-01
-2.338061e-01
-2.360621e-01
-2.379426e-01
-2.396098e-01
-2.414050e-01
-2.438069e-01
-2.473768e-01
-2.526890e-01
-2.602412e-01
-2.703825e-01
-2.832333e-01
-2.986425e-01
-3.161515e-01
-3.349907e-01
-3.541059e-01
-3.721986e-01
-3.877747e-01
-3.992155e-01
-4.048593e-01
-4.030561e-01
-3.922660e-01
-3.711360e-01
-3.385900e-01
-2.939300e-01
-2.369352e-01
-1.679689e-01
-8.807680e-02
9.376467e-04
9.648567e-02
1.952034e-01
2.930358e-01
3.854364e-01
4.675900e-01
5.347628e-01
5.826692e-01
6.078776e-01
6.081814e-01
5.829054e-01
5.331099e-01
4.616331e-01
3.729589e-01
2.729463e-01
1.683543e-01
6.628983e-02
-2.643005e-02
-1.038880e-01
-1.616079e-01
-1.969520e-01
-2.093002e-01
-2.000306e-01
-1.722482e-01
-1.303317e-01
-7.934319e-02
-2.435836e-02
3.016571e-02
8.092827e-02
1.261358e-01
1.656288e-01
2.007659e-01
2.340756e-01
2.687317e-01
3.079129e-01
3.541505e-01
4.087486e-01
4.713729e-01
5.398520e-01
6.102363e-01
6.771325e-01
7.342419e-01
7.750505e-01
7.935844e-01
7.851764e-01
7.470255e-01
6.786329e-01
5.819436e-01
4.612339e-01
3.227226e-01
1.739972e-01
2.329407e-02
-1.212750e-01
-2.524442e-01
-3.644016e-01
-4.531945e-01
-5.169294e-01
-5.557202e-01
-5.714596e-01
-5.673750e-01
-5.475578e-01
-5.164024e-01
-4.781280e-01
-4.363840e-01
-3.939886e-01
-3.528452e-01
-3.139499e-01
-2.775912e-01
-2.435695e-01
-2.114499e-01
-1.808415e-01
-1.515539e-01
-1.237196e-01
-9.779099e-02
-7.445510e-02
-5.448763e-02
-3.856213e-02
-2.707326e-02
-1.998122e-02
-1.673895e-02
-1.629408e-02
-1.718166e-02
-1.769668e-02
-1.611806e-02
-1.094930e-02
-1.153451e-03
1.366227e-02
3.314233e-02
5.617508e-02
8.097957e-02
1.052657e-01
1.265109e-01
1.422117e-01
1.501886e-01
1.488328e-01
1.372939e-01
1.155920e-01
8.461075e-02
4.602249e-02
2.116124e-03
-4.444756e-02
-9.088644e-02
-1.345602e-01
-1.732119e-01
-2.051461e-01
-2.293381e-01
-2.454558e-01
-2.538488e-01
-2.554040e-01
-2.514326e-01
-2.434828e-01
-2.331670e-01
-2.220047e-01
-2.113115e-01
-2.021177e-01
-1.951041e-01
-1.906423e-01
-1.887949e-01
-1.893739e-01
-1.920026e-01
-1.961575e-01
-2.012223e-01
-2.065177e-01
-2.113217e-01
-2.148924e-01
-2.164730e-01
-2.153295e-01
-2.107706e-01
-2.021967e-01
-1.891693e-01
-1.714658e-01
-1.491378e-01
-1.225730e-01
-9.251414e-02
-6.005490e-02
-2.659956e-02
6.209699e-03
3.660831e-02
6.284336e-02
8.330888e-02
9.670409e-02
1.021292e-01
9.920239e-02
8.807092e-02
6.943120e-02
4.446630e-02
1.474187e-02
-1.791770e-02
-5.156753e-02
-8.431613e-02
-1.144487e-01
-1.405572e-01
-1.616159e-01
-1.770339e-01
-1.866498e-01
-1.907121e-01
-1.898039e-01
-1.847611e-01
-1.765832e-01
-1.663240e-01
-1.549997e-01
-1.435241e-01
-1.326277e-01
-1.228360e-01
-1.144515e-01
-1.075573e-01
-1.020354e-01
-9.761034e-02
-9.389030e-02
-9.042902e-02
-8.676240e-02
-8.247531e-02
-7.724499e-02
-7.085721e-02
-6.326632e-02
-5.457083e-02
-4.503283e-02
-3.505800e-02
-2.516052e-02
-1.594194e-02
-8.021615e-03
-2.003328e-03
1.597627e-03
2.371129e-03
1.007069e-04
-5.237566e-03
-1.344948e-02
-2.411212e-02
-3.659276e-02
-5.010344e-02
-6.371873e-02
-7.646815e-02
-8.739289e-02
-9.563430e-02
-1.004979e-01
-1.014996e-01
-9.845062e-02
-9.142790e-02
-8.080644e-02
-6.719615e-02
-5.142173e-02
-3.440692e-02
-1.711554e-02
-4.540996e-04
1.482673e-02
2.818271e-02
3.934005e-02
4.829486e-02
5.530812e-02
6.087733e-02
6.563799e-02
7.031461e-02
7.560892e-02
8.212915e-02
9.030489e-02
1.003437e-01
1.122106e-01
1.256227e-01
1.400772e-01
1.549245e-01
1.694191e-01
1.828101e-01
1.944254e-01
2.037219e-01
2.103701e-01
2.142504e-01
2.154908e-01
2.144408e-01
2.116116e-01
2.076351e-01
2.031816e-01
1.988689e-01
1.951967e-01
1.924828e-01
1.908019e-01
1.899953e-01
1.896589e-01
1.892215e-01
1.879915e-01
1.852828e-01
1.804980e-01
1.732537e-01
1.634511e-01
1.513378e-01
1.375169e-01
1.229038e-01
1.086508e-01
9.602018e-02
8.622704e-02
8.028109e-02
7.885276e-02
8.215781e-02
8.989588e-02
1.012655e-01
1.150316e-01
1.296619e-01
1.434901e-01
1.549174e-01
1.626043e-01
1.656182e-01
1.635371e-01
1.565067e-01
1.451736e-01
1.306171e-01
1.141814e-01
9.730706e-02
8.135133e-02
6.743264e-02
5.632442e-02
4.839678e-02
4.362887e-02
4.166804e-02
4.192517e-02
4.370893e-02
4.632853e-02
4.920479e-02
5.192911e-02
5.427436e-02
5.620979e-02
5.781279e-02
5.923893e-02
6.063189e-02
6.209142e-02
6.362681e-02
6.517472e-02
6.661154e-02
6.781144e-02
6.868114e-02
6.921362e-02
6.952309e-02
6.980202e-02
7.033861e-02
7.143730e-02
7.336451e-02
7.627071e-02
8.016340e-02
8.485699e-02
9.001789e-02
9.517614e-02
9.980561e-02
1.034370e-01
1.057055e-01
1.064503e-01
1.057452e-01
1.039202e-01
1.014959e-01
9.915481e-02
9.760613e-02
9.752211e-02
9.939743e-02
1.035042e-01
1.098378e-01
1.181139e-01
1.277888e-01
1.381613e-01
1.484383e-01
1.578513e-01
1.657602e-01
1.717618e-01
1.757404e-01
1.779229e-01
1.789014e-01
1.795931e-01
1.811986e-01
1.851095e-01
1.927977e-01
2.056679e-01
2.249058e-01
2.512934e-01
2.850559e-01
3.257009e-01
3.719390e-01
4.216028e-01
4.716940e-01
5.185304e-01
5.579289e-01
5.855607e-01
5.972762e-01
5.895556e-01
5.598954e-01
5.071438e-01
4.317346e-01
3.357681e-01
2.229693e-01
9.837546e-02
-3.202576e-02
-1.618438e-01
-2.848372e-01
-3.955325e-01
-4.896370e-01
-5.644452e-01
-6.189442e-01
-6.537863e-01
-6.710075e-01
-6.736102e-01
-6.650622e-01
-6.487090e-01
-6.273014e-01
-6.025966e-01
-5.751919e-01
-5.444978e-01
-5.089768e-01
-4.665213e-01
-4.149530e-01
-3.525511e-01
-2.785557e-01
-1.935181e-01
-9.949262e-02
-1.281417e-05
1.001790e-01
1.955409e-01
2.803281e-01
3.492014e-01
3.978547e-01
4.234957e-01
4.251824e-01
4.039434e-01
3.626609e-01
3.057562e-01
2.386931e-01
1.673879e-01
9.758527e-02
3.427834e-02
-1.874769e-02
-5.922297e-02
-8.648027e-02
-1.013955e-01
-1.061100e-01
-1.036320e-01
-9.743116e-02
-9.090648e-02
-8.702617e-02
-8.799054e-02
-9.501494e-02
-1.083164e-01
-1.271687e-01
-1.501038e-01
-1.751703e-01
-2.002437e-01
-2.233052e-01
-2.426870e-01
-2.572636e-01
-2.665008e-01
-2.705010e-01
-2.698652e-01
-2.655909e-01
-2.588837e-01
-2.509752e-01
-2.429461e-01
-2.356244e-01
-2.294954e-01
-2.246749e-01
-2.209576e-01
-2.178786e-01
-2.148203e-01
-2.111170e-01
-2.061645e-01
-1.995144e-01
-1.909182e-01
-1.803679e-01
-1.680854e-01
-1.544909e-01
-1.401509e-01
-1.257077e-01
-1.118349e-01
-9.914316e-02
-8.816249e-02
-7.930076e-02
-7.283103e-02
-6.889271e-02
-6.750861e-02
-6.859305e-02
-7.199590e-02
-7.750696e-02
-8.488179e-02
-9.384857e-02
-1.041222e-01
-1.153996e-01
-1.273700e-01
-1.397179e-01
-1.521297e-01
-1.643107e-01
-1.760083e-01
-1.870313e-01
-1.972805e-01
-2.067500e-01
-2.155663e-01
-2.239507e-01
-2.322302e-01
-2.407813e-01
-2.499913e-01
-2.601979e-01
-2.716126e-01
-2.842824e-01
-2.980151e-01
-3.123594e-01
-3.266002e-01
-3.397625e-01
-3.506566e-01
-3.579503e-01
-3.602447e-01
-3.561735e-01
-3.445092e-01
-3.242708e-01
-2.947948e-01
-2.558454e-01
-2.076395e-01
-1.509090e-01
-8.689763e-02
-1.731699e-02
5.568152e-02
1.296349e-01
2.018867e-01
2.697495e-01
3.306942e-01
3.825594e-01
4.237141e-01
4.532530e-01
4.711069e-01
4.780723e-01
4.758142e-01
4.667074e-01
4.536353e-01
4.397011e-01
4.278599e-01
4.205892e-01
4.195200e-01
4.252002e-01
4.369282e-01
4.527427e-01
4.695711e-01
4.835119e-01
4.902539e-01
4.855692e-01
4.658318e-01
4.285012e-01
3.724850e-01
2.983867e-01
2.085343e-01
1.068272e-01
-1.584163e-03
-1.107914e-01
-2.146695e-01
-3.074701e-01
-3.843408e-01
-4.417437e-01
-4.777081e-01
-4.919063e-01
-4.855411e-01
-4.610833e-01
-4.218911e-01
-3.717889e-01
-3.146176e-01
-2.538927e-01
-1.925184e-01
-1.326558e-01
-7.570300e-02
-2.240095e-02
2.699964e-02
7.251130e-02
1.142061e-01
1.520384e-01
1.857455e-01
2.148256e-01
2.385940e-01
2.562962e-01
2.672617e-01
2.710601e-01
2.676209e-01
2.573247e-01
2.410024e-01
2.198888e-01
1.955131e-01
1.695437e-01
1.436211e-01
1.192054e-01
9.743601e-02
7.906580e-02
6.441786e-02
5.342110e-02
4.567985e-02
4.056887e-02
3.736045e-02
3.532019e-02
3.382308e-02
3.240372e-02
3.080614e-02
2.898789e-02
2.708534e-02
2.539890e-02
2.430723e-02
2.422686e-02
2.555190e-02
2.859081e-02
3.353274e-02
4.041238e-02
4.908923e-02
5.925896e-02
7.044162e-02
8.203350e-02
9.334506e-02
1.036566e-01
1.122831e-01
1.186629e-01
1.224102e-01
1.233726e-01
1.216677e-01
1.176998e-01
1.121087e-01
1.057374e-01
9.953711e-02
9.448097e-02
9.143356e-02
9.108605e-02
9.386467e-02
9.988963e-02
1.089747e-01
1.206581e-01
1.342662e-01
1.489936e-01
1.640101e-01
1.785467e-01
1.919477e-01
2.037497e-01
2.136762e-01
2.216296e-01
2.276551e-01
2.318994e-01
2.345479e-01
2.358005e-01
2.358278e-01
2.347755e-01
2.327633e-01
2.299225e-01
2.264055e-01
2.224251e-01
2.182493e-01
2.142015e-01
2.106534e-01
2.079567e-01
2.064414e-01
2.063463e-01
2.078248e-01
2.109099e-01
2.155587e-01
2.216633e-01
2.291078e-01
2.378066e-01
2.477380e-01
2.589410e-01
2.714818e-01
2.853992e-01
3.006233e-01
3.168312e-01
3.333975e-01
3.493027e-01
3.631000e-01
3.729908e-01
3.769073e-01
3.727170e-01
3.584412e-01
3.325138e-01
2.940357e-01
2.429635e-01
1.802486e-01
1.078489e-01
2.866462e-02
-5.370050e-02
-1.351853e-01
-2.116640e-01
-2.793058e-01
-3.349345e-01
-3.763096e-01
-4.023148e-01
-4.130582e-01
-4.097605e-01
-3.946177e-01
-3.705323e-01
-3.407686e-01
-3.086277e-01
-2.771178e-01
-2.487242e-01
-2.252075e-01
-2.075427e-01
-1.959535e-01
-1.900037e-01
-1.887683e-01
-1.910248e-01
-1.954794e-01
-2.008951e-01
-2.062717e-01
-2.108871e-01
-2.143445e-01
-2.165064e-01
-2.174786e-01
-2.174569e-01
-2.166956e-01
-2.153857e-01
-2.136239e-01
-2.113690e-01
-2.084598e-01
-2.046385e-01
-1.995979e-01
-1.930554e-01
-1.847828e-01
-1.746823e-01
-1.628026e-01
-1.493470e-01
-1.346789e-01
-1.192829e-01
-1.037452e-01
-8.868113e-02
-7.471247e-02
-6.240768e-02
-5.224504e-02
-4.458988e-02
-3.967731e-02
-3.759358e-02
-3.830114e-02
-4.163165e-02
-4.731466e-02
-5.500293e-02
-6.427966e-02
-7.469967e-02
-8.579803e-02
-9.712537e-02
-1.082426e-01
-1.187553e-01
-1.283131e-01
-1.366399e-01
-1.435238e-01
-1.488417e-01
-1.525598e-01
-1.547426e-01
-1.555363e-01
-1.551771e-01
-1.539667e-01
-1.522500e-01
-1.503843e-01
-1.487167e-01
-1.475556e-01
-1.471215e-01
-1.475796e-01
-1.489876e-01
-1.513391e-01
-1.545640e-01
-1.585632e-01
-1.632394e-01
-1.685123e-01
-1.743449e-01
-1.807256e-01
-1.876695e-01
-1.951789e-01
-2.031950e-01
-2.115726e-01
-2.200291e-01
-2.281500e-01
-2.353764e-01
-2.410601e-01
-2.445190e-01
-2.451068e-01
-2.423183e-01
-2.358206e-01
-2.255347e-01
-2.116092e-01
-1.943807e-01
-1.742866e-01
-1.517407e-01
-1.269867e-01
-9.998316e-02
-7.030407e-02
-3.712503e-02
7.253511e-04
4.462351e-02
9.592113e-02
1.556727e-01
2.243477e-01
3.015432e-01
3.857978e-01
4.744962e-01
5.639071e-01
6.494054e-01
7.257852e-01
7.877253e-01
8.302959e-01
8.494766e-01
8.426047e-01
8.087306e-01
7.487628e-01
6.654742e-01
5.632783e-01
4.478496e-01
3.256130e-01
2.031749e-01
8.673621e-02
-1.842159e-02
-1.083219e-01
-1.805347e-01
-2.342252e-01
-2.700544e-01
-2.899178e-01
-2.965883e-01
-2.933240e-01
-2.834555e-01
-2.700603e-01
-2.556912e-01
-2.422356e-01
-2.308685e-01
-2.221193e-01
-2.159967e-01
-2.121617e-01
-2.101011e-01
-2.093006e-01
-2.093540e-01
-2.100175e-01
-2.112365e-01
-2.130856e-01
-2.157071e-01
-2.192094e-01
-2.235856e-01
-2.286368e-01
-2.339332e-01
-2.388105e-01
-2.423762e-01
-2.436017e-01
-2.413764e-01
-2.346154e-01
-2.223578e-01
-2.038697e-01
-1.787110e-01
-1.468210e-01
-1.085423e-01
-6.464429e-02
-1.630685e-02
3.492441e-02
8.721951e-02
1.385483e-01
1.868213e-01
2.300110e-01
2.662984e-01
2.942078e-01
3.127013e-01
3.212885e-01
3.200326e-01
3.095780e-01
2.910702e-01
2.660753e-01
2.364437e-01
2.041640e-01
1.712087e-01
1.393851e-01
1.102283e-01
8.490318e-02
6.418364e-02
4.843036e-02
3.765476e-02
3.155356e-02
2.961396e-02
3.117710e-02
3.552123e-02
4.191458e-02
4.964570e-02
5.805461e-02
6.651332e-02
7.443809e-02
8.126939e-02
8.646604e-02
8.954809e-02
9.007868e-02
8.775512e-02
8.240516e-02
7.406971e-02
6.301253e-02
4.974169e-02
3.499258e-02
1.967141e-02
4.795694e-03
-8.626226e-03
-1.967672e-02
-2.765575e-02
-3.216460e-02
-3.315735e-02
-3.098070e-02
-2.633440e-02
-2.021122e-02
-1.380006e-02
-8.349101e-03
-5.049478e-03
-4.876692e-03
-8.520774e-03
-1.628389e-02
-2.806365e-02
-4.336646e-02
-6.136985e-02
-8.099898e-02
-1.010460e-01
-1.202851e-01
-1.375859e-01
-1.520067e-01
-1.628697e-01
-1.697753e-01
-1.726503e-01
-1.716806e-01
-1.673119e-01
-1.601648e-01
-1.509831e-01
-1.405714e-01
-1.297240e-01
-1.191894e-01
-1.096067e-01
-1.014706e-01
-9.511997e-02
-9.069703e-02
-8.815283e-02
-8.724097e-02
-8.754808e-02
-8.850908e-02
-8.948155e-02
-8.976831e-02
-8.873758e-02
-8.585952e-02
-8.079314e-02
-7.345034e-02
-6.400114e-02
-5.291424e-02
-4.089488e-02
-2.885808e-02
-1.781690e-02
-8.798630e-03
-2.739894e-03
-3.759669e-04
-2.188444e-03
-8.326356e-03
-1.861133e-02
-3.255702e-02
-4.942080e-02
-6.826817e-02
-8.808257e-02
-1.078444e-01
-1.266254e-01
-1.436698e-01
-1.584345e-01
-1.706578e-01
-1.803287e-01
-1.877241e-01
-1.933448e-01
-1.978866e-01
-2.021748e-01
-2.070639e-01
-2.133559e-01
-2.216686e-01
-2.323343e-01
-2.452740e-01
-2.599124e-01
-2.751195e-01
-2.892078e-01
-3.000045e-01
-3.049752e-01
-3.014413e-01
-2.868589e-01
-2.591041e-01
-2.168080e-01
-1.596201e-01
-8.841402e-02
-5.367225e-03
8.606622e-02
1.813766e-01
2.753014e-01
3.622864e-01
4.369827e-01
4.947591e-01
5.321729e-01
5.473052e-01
5.399711e-01
5.117205e-01
4.656632e-01
4.061156e-01
3.381343e-01
2.669629e-01
1.974941e-01
1.337807e-01
7.867854e-02
3.365811e-02
-1.213863e-03
-2.711237e-02
-4.614917e-02
-6.097367e-02
-7.433209e-02
-8.864819e-02
-1.056999e-01
-1.263930e-01
-1.506864e-01
-1.776568e-01
-2.056939e-01
-2.327536e-01
-2.567047e-01
-2.756122e-01
-2.880070e-01
-2.930847e-01
-2.907501e-01
-2.816364e-01
-2.669554e-01
-2.483458e-01
-2.276382e-01
-2.066487e-01
-1.869907e-01
-1.699116e-01
-1.562406e-01
-1.463596e-01
-1.402358e-01
-1.375214e-01
-1.376349e-01
-1.398858e-01
-1.435558e-01
-1.479670e-01
-1.525245e-01
-1.567242e-01
-1.601488e-01
-1.624326e-01
-1.632639e-01
-1.623669e-01
-1.594877e-01
-1.544421e-01
-1.471389e-01
-1.375942e-01
-1.259967e-01
-1.127103e-01
-9.826865e-02
-8.336011e-02
-6.877432e-02
-5.533264e-02
-4.381303e-02
-3.486490e-02
-2.895457e-02
-2.629962e-02
-2.686055e-02
-3.033574e-02
-3.618653e-02
-4.370174e-02
-5.203664e-02
-6.028917e-02
-6.755007e-02
-7.295067e-02
-7.569187e-02
-7.508197e-02
-7.052944e-02
-6.159522e-02
-4.796991e-02
-2.953386e-02
-6.392254e-03
2.111880e-02
5.235491e-02
8.637951e-02
1.219467e-01
1.575606e-01
1.915446e-01
2.221479e-01
2.477180e-01
2.668202e-01
2.784383e-01
2.820565e-01
2.777800e-01
2.663299e-01
2.490096e-01
2.275714e-01
2.040530e-01
1.805658e-01
1.590597e-01
1.411434e-01
1.278982e-01
1.198112e-01
1.167542e-01
1.180533e-01
1.226164e-01
1.291294e-01
1.362473e-01
1.427934e-01
1.479135e-01
1.511767e-01
1.525990e-01
1.526079e-01
1.519396e-01
1.515044e-01
1.522156e-01
1.548491e-01
1.599192e-01
1.675938e-01
1.776909e-01
1.896808e-01
2.027858e-01
2.160569e-01
2.285008e-01
2.391756e-01
2.472857e-01
2.522333e-01
2.536473e-01
2.513895e-01
2.455316e-01
2.363221e-01
2.241590e-01
2.095589e-01
1.931330e-01
1.755631e-01
1.575958e-01
1.400142e-01
1.236226e-01
1.091849e-01
9.740274e-02
8.884832e-02
8.391599e-02
8.278885e-02
8.540457e-02
9.148337e-02
1.005523e-01
1.120066e-01
1.251951e-01
1.395021e-01
1.544067e-01
1.695482e-01
1.847194e-01
1.998530e-01
2.149544e-01
2.300082e-01
2.449042e-01
2.593328e-01
2.727555e-01
2.844042e-01
2.933346e-01
2.985410e-01
2.991136e-01
2.944119e-01
2.842184e-01
2.688741e-01
2.493290e-01
2.271134e-01
2.042027e-01
1.828279e-01
1.651954e-01
1.531811e-01
1.480548e-01
1.502351e-01
1.591721e-01
1.733194e-01
1.902580e-01
2.069278e-01
2.199866e-01
2.261868e-01
2.227979e-01
2.079534e-01
1.808997e-01
1.421490e-01
9.344954e-02
3.758158e-02
-2.191793e-02
-8.114812e-02
-1.363116e-01
-1.840962e-01
-2.220612e-01
-2.488421e-01
-2.642621e-01
-2.692993e-01
-2.658592e-01
-2.565432e-01
-2.442473e-01
-2.318351e-01
-2.217974e-01
-2.159878e-01
-2.154953e-01
-2.205743e-01
-2.307455e-01
-2.449279e-01
-2.616706e-01
-2.793860e-01
-2.965816e-01
-3.120561e-01
-3.250103e-01
-3.351273e-01
-3.425460e-01
-3.477963e-01
-3.516669e-01
-3.550912e-01
-3.589723e-01
-3.640674e-01
-3.708463e-01
-3.794310e-01
-3.895077e-01
-4.003263e-01
-4.106849e-01
-4.189953e-01
-4.233265e-01
-4.215573e-01
-4.115008e-01
-3.911146e-01
-3.587119e-01
-3.132047e-01
-2.543287e-01
-1.828318e-01
-1.005903e-01
-1.065069e-02
8.290209e-02
1.751569e-01
2.607521e-01
3.343541e-01
3.911853e-01
4.275770e-01
4.414502e-01
4.326995e-01
4.033447e-01
3.575237e-01
3.011821e-01
2.415994e-01
1.866707e-01
1.441311e-01
1.207020e-01
1.213441e-01
1.486540e-01
2.024889e-01
2.798976e-01
3.753324e-01
4.811533e-01
5.883570e-01
6.874486e-01
7.693736e-01
8.263745e-01
8.527181e-01
8.452045e-01
8.033665e-01
7.294525e-01
6.280905e-01
5.057481e-01
3.700704e-01
2.291284e-01
9.069721e-02
-3.837738e-02
-1.526397e-01
-2.483480e-01
-3.235290e-01
-3.779234e-01
-4.127309e-01
-4.302644e-01
-4.335671e-01
-4.260129e-01
-4.109385e-01
-3.913762e-01
-3.698573e-01
-3.483116e-01
-3.280542e-01
-3.098258e-01
-2.939183e-01
-2.802602e-01
-2.685558e-01
-2.583840e-01
-2.492873e-01
-2.408113e-01
-2.325471e-01
-2.241432e-01
-2.152930e-01
-2.057392e-01
-1.952641e-01
-1.836885e-01
-1.708801e-01
-1.567629e-01
-1.413332e-01
-1.246732e-01
-1.069616e-01
-8.847663e-02
-6.960263e-02
-5.079514e-02
-3.259142e-02
-1.555658e-02
-2.782532e-04
1.269237e-02
2.285445e-02
2.979732e-02
3.323690e-02
3.302766e-02
2.917936e-02
2.187505e-02
1.145198e-02
-1.598214e-03
-1.666424e-02
-3.304550e-02
-4.999465e-02
-6.677100e-02
-8.268329e-02
-9.713094e-02
-1.096626e-01
-1.199867e-01
-1.279884e-01
-1.337365e-01
-1.374638e-01
-1.395377e-01
-1.404083e-01
-1.405741e-01
-1.405114e-01
-1.406213e-01
-1.411851e-01
-1.423191e-01
-1.439426e-01
-1.457755e-01
-1.473368e-01
-1.479802e-01
-1.469380e-01
-1.433903e-01
-1.365438e-01
-1.257155e-01
-1.104305e-01
-9.049747e-02
-6.607026e-02
-3.769486e-02
-6.301827e-03
2.681552e-02
6.007587e-02
9.172815e-02
1.199686e-01
1.431101e-01
1.597106e-01
1.687337e-01
1.696346e-01
1.624207e-01
1.476767e-01
1.264982e-01
1.003951e-01
7.116706e-02
4.071809e-02
1.089321e-02
-1.668191e-02
-4.074059e-02
-6.046001e-02
-7.550635e-02
-8.600476e-02
-9.249769e-02
-9.582626e-02
-9.702027e-02
-9.715515e-02
-9.723566e-02
-9.810484e-02
-1.003465e-01
-1.042801e-01
-1.099348e-01
-1.170961e-01
-1.253367e-01
-1.340969e-01
-1.427406e-01
-1.506222e-01
-1.571519e-01
-1.618203e-01
-1.642641e-01
-1.642478e-01
-1.617123e-01
-1.567479e-01
-1.496002e-01
-1.406471e-01
-1.303720e-01
-1.193313e-01
-1.080946e-01
-9.722582e-02
-8.720397e-02
-7.838994e-02
-7.099660e-02
-6.505873e-02
-6.044332e-02
-5.686740e-02
-5.395091e-02
-5.126230e-02
-4.838810e-02
-4.499888e-02
-4.089265e-02
-3.601931e-02
-3.048794e-02
-2.453782e-02
-1.848670e-02
-1.267626e-02
-7.405040e-03
-2.875604e-03
8.391504e-04
3.794316e-03
6.162955e-03
8.165712e-03
1.002406e-02
1.188436e-02
1.374494e-02
1.545666e-02
1.668007e-02
1.695859e-02
1.576272e-02
1.258636e-02
7.058603e-03
-1.003341e-03
-1.148011e-02
-2.398023e-02
-3.779976e-02
-5.201410e-02
-6.555483e-02
-7.728395e-02
-8.612941e-02
-9.112267e-02
-9.147603e-02
-8.658489e-02
-7.601184e-02
-5.946114e-02
-3.672548e-02
-7.691347e-03
2.768355e-02
6.931045e-02
1.168925e-01
1.698495e-01
2.271952e-01
2.875074e-01
3.489054e-01
4.091289e-01
4.657130e-01
5.162291e-01
5.585973e-01
5.913927e-01
6.141692e-01
6.276043e-01
6.336042e-01
6.351594e-01
6.360613e-01
6.404323e-01
6.521475e-01
6.742098e-01
7.081512e-01
7.535997e-01
8.079936e-01
8.666545e-01
9.230683e-01
9.694684e-01
9.976773e-01
1.000000e+00
9.701963e-01
9.043307e-01
8.013570e-01
6.634756e-01
4.960376e-01
3.072086e-01
1.071756e-01
-9.278403e-02
