
6.354998e-01
6.502054e-01
6.716461e-01
6.990872e-01
7.315561e-01
7.678597e-01
8.065966e-01
8.461854e-01
8.848954e-01
9.208840e-01
9.522506e-01
9.770955e-01
9.935843e-01
1.000000e+00
9.948549e-01
9.769125e-01
9.452787e-01
8.994656e-01
8.393945e-01
7.654706e-01
6.785491e-01
5.799612e-01
4.714512e-01
3.551401e-01
2.334410e-01
1.090086e-01
-1.540520e-02
-1.370278e-01
-2.531486e-01
-3.612617e-01
-4.591424e-01
-5.448844e-01
-6.170384e-01
-6.745695e-01
-7.169112e-01
-7.439871e-01
-7.561309e-01
-7.540747e-01
-7.388905e-01
-7.119098e-01
-6.746512e-01
-6.287481e-01
-5.758680e-01
-5.176442e-01
-4.556348e-01
-3.912611e-01
-3.257946e-01
-2.603396e-01
-1.958279e-01
-1.330555e-01
-7.267475e-02
-1.525530e-02
3.871235e-02
8.876765e-02
1.344547e-01
1.753134e-01
2.108539e-01
2.405762e-01
2.639635e-01
2.805103e-01
2.897740e-01
2.913515e-01
2.849927e-01
2.705859e-01
2.481993e-01
2.181379e-01
1.809186e-01
1.373146e-01
8.830916e-02
3.510754e-02
-2.091113e-02
-7.825098e-02
-1.353396e-01
-1.905995e-01
-2.425027e-01
-2.896618e-01
-3.308519e-01
-3.650981e-01
-3.916994e-01
-4.102537e-01
-4.206929e-01
-4.232525e-01
-4.184734e-01
-4.071643e-01
-3.903534e-01
-3.692353e-01
-3.451119e-01
-3.193190e-01
-2.931767e-01
-2.678929e-01
-2.445444e-01
-2.240124e-01
-2.069354e-01
-1.936993e-01
-1.844242e-01
-1.789756e-01
-1.769569e-01
-1.777625e-01
-1.806152e-01
-1.845906e-01
-1.886989e-01
-1.919114e-01
-1.932514e-01
-1.918080e-01
-1.867960e-01
-1.776304e-01
-1.638935e-01
-1.454182e-01
-1.222594e-01
-9.470481e-02
-6.327572e-02
-2.867691e-02
8.195310e-03
4.633650e-02
8.463535e-02
1.219480e-01
1.571416e-01
1.891284e-01
2.169377e-01
2.397228e-01
2.568180e-01
2.677608e-01
2.722914e-01
2.703825e-01
2.622167e-01
2.481787e-01
2.288345e-01
2.049034e-01
1.772166e-01
1.466802e-01
1.142354e-01
8.080803e-02
4.728552e-02
1.445978e-02
-1.698482e-02
-4.650090e-02
-7.368993e-02
-9.830794e-02
-1.202634e-01
-1.396030e-01
-1.564908e-01
-1.711897e-01
-1.840184e-01
-1.953451e-01
-2.055276e-01
-2.149025e-01
-2.237548e-01
-2.322941e-01
-2.406437e-01
-2.488400e-01
-2.568121e-01
-2.644218e-01
-2.714349e-01
-2.775819e-01
-2.825486e-01
-2.860118e-01
-2.876657e-01
-2.872336e-01
-2.844890e-01
-2.792745e-01
-2.715015e-01
-2.611555e-01
-2.482906e-01
-2.330237e-01
-2.155122e-01
-1.959470e-01
-1.745249e-01
-1.514415e-01
-1.268621e-01
-1.009235e-01
-7.371448e-02
-4.528452e-02
-1.564323e-02
1.523098e-02
4.736848e-02
8.079020e-02
1.154840e-01
1.513833e-01
1.883325e-01
2.260840e-01
2.642644e-01
3.023771e-01
3.398077e-01
3.758091e-01
4.095461e-01
4.401070e-01
4.665393e-01
4.878923e-01
5.032671e-01
5.118525e-01
5.129635e-01
5.061178e-01
4.910176e-01
4.676287e-01
4.361536e-01
3.970590e-01
3.510675e-01
2.991318e-01
2.423910e-01
1.821566e-01
1.198401e-01
5.691056e-02
-5.167638e-03
-6.498702e-02
-1.212636e-01
-1.728500e-01
-2.188270e-01
-2.584741e-01
-2.913335e-01
-3.171910e-01
-3.360699e-01
-3.482252e-01
-3.541100e-01
-3.543294e-01
-3.496226e-01
-3.408070e-01
-3.287223e-01
-3.142261e-01
-2.981078e-01
-2.810931e-01
-2.638069e-01
-2.467605e-01
-2.303376e-01
-2.147990e-01
-2.002989e-01
-1.868837e-01
-1.745201e-01
-1.631182e-01
-1.525561e-01
-1.426912e-01
-1.333927e-01
-1.245619e-01
-1.161284e-01
-1.080687e-01
-1.004103e-01
-9.321918e-02
-8.660567e-02
-8.069252e-02
-7.563570e-02
-7.155910e-02
-6.859053e-02
-6.681417e-02
-6.627815e-02
-6.697919e-02
-6.885169e-02
-7.178880e-02
-7.562439e-02
-8.015586e-02
-8.515019e-02
-9.035039e-02
-9.550574e-02
-1.003641e-01
-1.047020e-01
-1.083254e-01
-1.110714e-01
-1.128276e-01
-1.135194e-01
-1.131077e-01
-1.115862e-01
-1.089675e-01
-1.052865e-01
-1.005662e-01
-9.484218e-02
-8.812103e-02
-8.040048e-02
-7.166319e-02
-6.187533e-02
-5.099889e-02
-3.900080e-02
-2.585753e-02
-1.159028e-02
3.748489e-03
2.004299e-02
3.711825e-02
5.472876e-02
7.255998e-02
9.024622e-02
1.073760e-01
1.235147e-01
1.382435e-01
1.511764e-01
1.620014e-01
1.705146e-01
1.766530e-01
1.805132e-01
1.823796e-01
1.827280e-01
1.822166e-01
1.816848e-01
1.820976e-01
1.845306e-01
1.901003e-01
1.999003e-01
2.149377e-01
2.360619e-01
2.638863e-01
2.987474e-01
3.406239e-01
3.891275e-01
4.434621e-01
5.024415e-01
5.645033e-01
6.277500e-01
6.900318e-01
7.489978e-01
8.022418e-01
8.473437e-01
8.820561e-01
9.043497e-01
9.125378e-01
9.054005e-01
8.821879e-01
8.427408e-01
7.874551e-01
7.173160e-01
6.338524e-01
5.390916e-01
4.354610e-01
3.257021e-01
2.127571e-01
0.000000e+00
0.000000e+00
0.000000e+00
0.000000e+00
0.000000e+00
0.000000e+00
0.000000e+00
0.000000e+00
0.000000e+00
0.000000e+00
0.000000e+00
0.000000e+00
0.000000e+00
0.000000e+00
0.000000e+00
0.000000e+00
0.000000e+00
0.000000e+00
0.000000e+00
0.000000e+00
0.000000e+00
0.000000e+00
0.000000e+00
0.000000e+00
0.000000e+00
0.000000e+00
0.000000e+00
0.000000e+00
0.000000e+00
0.000000e+00
0.000000e+00
0.000000e+00
0.000000e+00
0.000000e+00
0.000000e+00
0.000000e+00
0.000000e+00
0.000000e+00
0.000000e+00
0.000000e+00
0.000000e+00
0.000000e+00
0.000000e+00
0.000000e+00
0.000000e+00
0.000000e+00
0.000000e+00
0.000000e+00
0.000000e+00
0.000000e+00
0.000000e+00
0.000000e+00
0.000000e+00
0.000000e+00
0.000000e+00
0.000000e+00
0.000000e+00
0.000000e+00
0.000000e+00
0.000000e+00
0.000000e+00
0.000000e+00
0.000000e+00
0.000000e+00
0.000000e+00
0.000000e+00
0.000000e+00
0.000000e+00
0.000000e+00
0.000000e+00
0.000000e+00
0.000000e+00
0.000000e+00
0.000000e+00
0.000000e+00
0.000000e+00
0.000000e+00
0.000000e+00
0.000000e+00
0.000000e+00
0.000000e+00
0.000000e+00
0.000000e+00
0.000000e+00
0.000000e+00
0.000000e+00
0.000000e+00
0.000000e+00
0.000000e+00
0.000000e+00
0.000000e+00
0.000000e+00
0.000000e+00
0.000000e+00
0.000000e+00
0.000000e+00
0.000000e+00
0.000000e+00
0.000000e+00
0.000000e+00
0.000000e+00
0.000000e+00
0.000000e+00
0.000000e+00
0.000000e+00
0.000000e+00
0.000000e+00
0.000000e+00
0.000000e+00
0.000000e+00
0.000000e+00
0.000000e+00
0.000000e+00
0.000000e+00
0.000000e+00
0.000000e+00
0.000000e+00
0.000000e+00
0.000000e+00
0.000000e+00
0.000000e+00
0.000000e+00
0.000000e+00
0.000000e+00
0.000000e+00
0.000000e+00
0.000000e+00
0.000000e+00
0.000000e+00
0.000000e+00
0.000000e+00
0.000000e+00
0.000000e+00
0.000000e+00
0.000000e+00
0.000000e+00
0.000000e+00
8.540746e-01
8.283899e-01
7.908648e-01
7.426549e-01
6.852195e-01
6.202728e-01
5.496955e-01
4.754770e-01
3.996199e-01
3.240758e-01
2.506621e-01
1.810065e-01
1.164835e-01
5.818010e-02
6.872844e-03
-3.699306e-02
-7.328678e-02
-1.021880e-01
-1.241397e-01
-1.398233e-01
-1.500929e-01
-1.559276e-01
-1.583844e-01
-1.585182e-01
-1.573569e-01
-1.558327e-01
-1.547548e-01
-1.547783e-01
-1.563873e-01
-1.598774e-01
-1.653671e-01
-1.728042e-01
-1.819882e-01
-1.925909e-01
-2.041881e-01
-2.162938e-01
-2.283967e-01
-2.399867e-01
-2.505815e-01
-2.597670e-01
-2.671971e-01
-2.726226e-01
-2.758927e-01
-2.769581e-01
-2.758649e-01
-2.727521e-01
-2.678193e-01
-2.613466e-01
-2.536270e-01
-2.450010e-01
-2.357890e-01
-2.263152e-01
-2.168714e-01
-2.076999e-01
-1.990167e-01
-1.909683e-01
-1.836728e-01
-1.771892e-01
-1.715418e-01
-1.667298e-01
-1.627275e-01
-1.595165e-01
-1.570679e-01
-1.553862e-01
-1.544863e-01
-1.544243e-01
-1.552876e-01
-1.571894e-01
-1.602896e-01
-1.647407e-01
-1.707258e-01
-1.784015e-01
-1.878956e-01
-1.993025e-01
-2.126192e-01
-2.277724e-01
-2.445663e-01
-2.626789e-01
-2.816561e-01
-3.008964e-01
-3.196623e-01
-3.370828e-01
-3.521720e-01
-3.638622e-01
-3.710309e-01
-3.725435e-01
-3.672982e-01
-3.542775e-01
-3.326068e-01
-3.015943e-01
-2.607900e-01
-2.100272e-01
-1.494573e-01
-7.956922e-02
-1.221768e-03
8.439257e-02
1.757209e-01
2.709171e-01
3.678693e-01
4.642714e-01
5.576736e-01
6.455919e-01
7.255804e-01
7.953147e-01
8.526892e-01
8.959035e-01
9.235145e-01
9.345296e-01
9.284202e-01
9.051630e-01
8.652455e-01
8.096473e-01
7.398091e-01
6.575764e-01
5.651250e-01
4.648940e-01
3.594632e-01
2.514798e-01
1.435510e-01
3.812977e-02
-6.253598e-02
-1.565215e-01
-2.422556e-01
-3.185695e-01
-3.847163e-01
-4.403774e-01
-4.856325e-01
-5.209238e-01
-5.469975e-01
-5.648410e-01
-5.755964e-01
-5.804835e-01
-5.807154e-01
-5.774334e-01
-5.716092e-01
-5.640250e-01
-5.552141e-01
-5.454372e-01
-5.346914e-01
-5.227081e-01
-5.090081e-01
-4.929178e-01
-4.736497e-01
-4.503709e-01
-4.222533e-01
-3.885654e-01
-3.487274e-01
-3.023774e-01
-2.494046e-01
-1.899994e-01
-1.246568e-01
-5.418111e-02
2.033830e-02
9.754794e-02
1.759021e-01
2.536921e-01
3.291351e-01
4.004548e-01
4.659297e-01
5.239786e-01
5.732307e-01
6.125640e-01
6.411679e-01
6.585445e-01
6.645571e-01
6.593869e-01
6.435461e-01
6.178439e-01
5.833237e-01
5.412449e-01
4.929867e-01
4.400245e-01
3.838442e-01
3.259062e-01
2.675702e-01
2.100714e-01
1.544767e-01
1.016726e-01
5.232638e-02
6.919095e-03
-3.427433e-02
-7.115660e-02
-1.037824e-01
-1.323462e-01
-1.571211e-01
-1.784657e-01
-1.967563e-01
-2.123908e-01
-2.257376e-01
-2.371416e-01
-2.468949e-01
-2.552428e-01
-2.623725e-01
-2.684282e-01
-2.735135e-01
-2.777043e-01
-2.810642e-01
-2.836528e-01
-2.855478e-01
-2.868394e-01
-2.876531e-01
-2.881383e-01
-2.884756e-01
-2.888714e-01
-2.895384e-01
-2.906973e-01
-2.925478e-01
-2.952660e-01
-2.989690e-01
-3.037321e-01
-3.095446e-01
-3.163154e-01
-3.238733e-01
-3.319511e-01
-3.402144e-01
-3.482438e-01
-3.555716e-01
-3.616925e-01
-3.660737e-01
-3.681916e-01
-3.675522e-01
-3.636950e-01
-3.562383e-01
-3.448735e-01
-3.293821e-01
-3.096577e-01
-2.856734e-01
-2.575136e-01
-2.253441e-01
-1.894113e-01
-1.500095e-01
-1.074951e-01
-6.221821e-02
-1.456980e-02
3.510022e-02
8.644678e-02
1.391555e-01
1.929655e-01
2.476220e-01
3.029303e-01
3.586882e-01
4.147174e-01
4.708002e-01
5.267211e-01
5.821866e-01
6.368368e-01
6.902491e-01
7.418799e-01
7.911109e-01
8.372220e-01
8.794066e-01
9.167909e-01
9.484584e-01
9.734810e-01
9.909396e-01
1.000000e+00
9.998955e-01
9.900213e-01
9.699338e-01
9.394087e-01
8.984406e-01
8.472862e-01
7.864570e-01
7.167213e-01
6.390871e-01
5.547946e-01
4.652578e-01
3.720602e-01
2.768669e-01
1.814052e-01
8.739672e-02
-3.499321e-03
-8.972139e-02
-1.698815e-01
-2.427718e-01
-3.074271e-01
-3.631294e-01
-4.094205e-01
-4.461269e-01
-4.733204e-01
-4.913309e-01
-5.006947e-01
-5.021512e-01
-4.965757e-01
-4.849680e-01
-4.684006e-01
-4.479596e-01
-4.247365e-01
-3.997764e-01
-3.740441e-01
-3.484130e-01
-3.236291e-01
-3.003244e-01
-2.789728e-01
-2.599299e-01
-2.434071e-01
-2.294945e-01
-2.181738e-01
-2.093297e-01
-2.027639e-01
-1.982334e-01
-1.954370e-01
-1.940599e-01
-1.937922e-01
-1.943138e-01
-1.953617e-01
-1.966871e-01
-1.981201e-01
-1.995290e-01
-2.008637e-01
-2.021339e-01
-2.034206e-01
-2.048753e-01
-2.067008e-01
-2.091440e-01
-2.124899e-01
-2.170244e-01
-2.230365e-01
-2.307794e-01
-2.404504e-01
-2.521682e-01
-2.659435e-01
-2.816717e-01
-2.990962e-01
-3.178084e-01
-3.372522e-01
-3.566979e-01
-3.752812e-01
-3.920077e-01
-4.057894e-01
-4.154686e-01
-4.198861e-01
-4.178961e-01
-4.084605e-01
-3.906733e-01
-3.638129e-01
-3.274267e-01
-2.813215e-01
-2.256499e-01
-1.608901e-01
-8.786944e-02
-7.758231e-03
7.794813e-02
1.674840e-01
2.588439e-01
3.498627e-01
4.382736e-01
5.218017e-01
5.982464e-01
6.655397e-01
7.218506e-01
7.656504e-01
7.957626e-01
8.114013e-01
8.122283e-01
7.983259e-01
7.702263e-01
7.288592e-01
6.755379e-01
6.118810e-01
5.397728e-01
4.612645e-01
3.785152e-01
2.937089e-01
2.089616e-01
1.262795e-01
4.746357e-02
-2.591827e-02
-9.259757e-02
-1.516000e-01
-2.022803e-01
-2.443309e-01
-2.777406e-01
-3.027963e-01
-3.200379e-01
-3.302276e-01
-3.342942e-01
-3.332879e-01
-3.283509e-01
-3.206299e-01
-3.112843e-01
-3.013937e-01
-2.919663e-01
-2.838689e-01
-2.778401e-01
-2.744372e-01
-2.740466e-01
-2.768641e-01
-2.828864e-01
-2.919286e-01
-3.036195e-01
-3.174013e-01
-3.325742e-01
-3.482767e-01
-3.635502e-01
-3.773311e-01
-3.885041e-01
-3.959445e-01
-3.985245e-01
-3.951963e-01
-3.850144e-01
-3.671784e-01
-3.410709e-01
-3.063248e-01
-2.628159e-01
-2.107183e-01
-1.505127e-01
-8.297692e-02
-9.214294e-03
6.939772e-02
1.512248e-01
2.344067e-01
3.169436e-01
3.967184e-01
4.716011e-01
5.395059e-01
5.984659e-01
6.467163e-01
6.827550e-01
7.054062e-01
7.138615e-01
7.077242e-01
6.870228e-01
6.522048e-01
6.041492e-01
5.441025e-01
4.736613e-01
3.946988e-01
3.093091e-01
2.197215e-01
1.282283e-01
3.711561e-02
-5.143794e-02
-1.354020e-01
-2.129653e-01
-2.825969e-01
-3.430677e-01
-3.934811e-01
-4.332789e-01
-4.622576e-01
-4.805239e-01
-4.884956e-01
-4.868559e-01
-4.765214e-01
-4.585937e-01
-4.343066e-01
-4.049974e-01
-3.720446e-01
-3.368297e-01
-3.006975e-01
-2.649334e-01
-2.307040e-01
-1.990612e-01
-1.708976e-01
-1.469449e-01
-1.277482e-01
-1.136554e-01
-1.048236e-01
-1.011969e-01
-1.025144e-01
-1.083224e-01
-1.179732e-01
-1.306253e-01
-1.452909e-01
-1.608360e-01
-1.760245e-01
-1.895441e-01
-2.000567e-01
-2.062385e-01
-2.068280e-01
-2.006965e-01
-1.868682e-01
-1.646103e-01
-1.334435e-01
-9.320195e-02
-4.405146e-02
1.347593e-02
7.850410e-02
1.497936e-01
2.257811e-01
3.046246e-01
3.842426e-01
4.623993e-01
5.367572e-01
6.049880e-01
6.648322e-01
7.142204e-01
7.513158e-01
7.746252e-01
7.830551e-01
7.759407e-01
7.531026e-01
7.148596e-01
6.619975e-01
5.957657e-01
5.178380e-01
4.302273e-01
3.352273e-01
2.353176e-01
1.330820e-01
3.110396e-02
-6.814263e-02
-1.623460e-01
-2.494564e-01
-3.277588e-01
-3.959076e-01
-4.529653e-01
-4.984076e-01
-5.321517e-01
-5.544698e-01
-5.660225e-01
-5.677617e-01
-5.608869e-01
-5.467667e-01
-5.268813e-01
-5.027383e-01
-4.758170e-01
-4.474938e-01
-4.190009e-01
-3.913903e-01
-3.654985e-01
-3.419326e-01
-3.210704e-01
-3.030901e-01
-2.879510e-01
-2.754570e-01
-2.652924e-01
-2.570444e-01
-2.502477e-01
-2.444416e-01
-2.391925e-01
-2.341112e-01
-2.289158e-01
-2.234069e-01
-2.175069e-01
-2.112292e-01
-2.047005e-01
-1.981170e-01
-1.917502e-01
-1.858943e-01
-1.808638e-01
-1.769433e-01
-1.743810e-01
-1.733496e-01
-1.739314e-01
-1.761103e-01
-1.797480e-01
-1.845955e-01
-1.902961e-01
-1.963811e-01
-2.023050e-01
-2.074515e-01
-2.111689e-01
-2.127706e-01
-2.116069e-01
-2.070374e-01
-1.985177e-01
-1.855445e-01
-1.677755e-01
-1.449540e-01
-1.169706e-01
-8.385976e-02
-4.581235e-02
-3.158072e-03
4.362667e-02
9.393606e-02
1.470435e-01
2.021074e-01
2.582122e-01
3.143698e-01
3.695401e-01
4.226792e-01
4.727144e-01
5.186288e-01
5.594302e-01
5.942099e-01
6.221492e-01
6.425360e-01
6.548133e-01
6.585474e-01
6.534890e-01
6.395606e-01
6.168656e-01
5.856978e-01
5.465432e-01
5.000599e-01
4.470865e-01
3.886189e-01
3.257866e-01
2.598301e-01
1.920820e-01
1.239159e-01
5.673147e-02
-8.088697e-03
-6.922581e-02
-1.254388e-01
-1.756271e-01
-2.188206e-01
-2.542507e-01
-2.813347e-01
-2.997167e-01
-3.092465e-01
-3.100109e-01
-3.023093e-01
-2.866382e-01
-2.636820e-01
-2.342837e-01
-1.994120e-01
-1.601343e-01
-1.175749e-01
-7.288897e-02
-2.721521e-02
1.833730e-02
6.275102e-02
1.050837e-01
1.445297e-01
1.804026e-01
2.121699e-01
2.394363e-01
2.619646e-01
2.796535e-01
2.925251e-01
3.007309e-01
3.045148e-01
3.042086e-01
3.001982e-01
2.929313e-01
2.828726e-01
2.705006e-01
2.562901e-01
2.407033e-01
2.241753e-01
2.071127e-01
1.898756e-01
1.727977e-01
1.561617e-01
1.402140e-01
1.251579e-01
1.111702e-01
9.837635e-02
8.689048e-02
7.678581e-02
6.811239e-02
6.089773e-02
5.514876e-02
5.085096e-02
4.796783e-02
4.644687e-02
4.622400e-02
4.720941e-02
4.930153e-02
5.239246e-02
5.635925e-02
6.105957e-02
6.636254e-02
7.211939e-02
7.818813e-02
8.442271e-02
9.068730e-02
9.684998e-02
1.027853e-01
1.083831e-01
1.135441e-01
1.181845e-01
1.222319e-01
1.256305e-01
1.283391e-01
1.303335e-01
1.315980e-01
1.321479e-01
1.319911e-01
1.311716e-01
1.297344e-01
1.277433e-01
1.252814e-01
1.224448e-01
1.193373e-01
1.160794e-01
1.128119e-01
1.096733e-01
1.068015e-01
1.043540e-01
1.024702e-01
1.012974e-01
1.009417e-01
1.015238e-01
1.031031e-01
1.057365e-01
1.094284e-01
1.141517e-01
1.198255e-01
1.263375e-01
1.335268e-01
1.412054e-01
1.491380e-01
1.570735e-01
1.647492e-01
1.718881e-01
1.782319e-01
1.835318e-01
1.875803e-01
1.902121e-01
1.913192e-01
1.908509e-01
1.888221e-01
1.853430e-01
1.805631e-01
1.747159e-01
1.680951e-01
1.610352e-01
1.539135e-01
1.471188e-01
1.410429e-01
1.360679e-01
1.325241e-01
1.307057e-01
1.308380e-01
1.330571e-01
1.374224e-01
1.439013e-01
1.523674e-01
1.626116e-01
1.743694e-01
1.872879e-01
2.009993e-01
2.151036e-01
2.292060e-01
2.429509e-01
2.560123e-01
2.681468e-01
2.791943e-01
2.890877e-01
2.978557e-01
3.056584e-01
3.127221e-01
3.193736e-01
3.260097e-01
3.330667e-01
3.409931e-01
3.502279e-01
3.611623e-01
3.741125e-01
3.892741e-01
4.067344e-01
4.264071e-01
4.480314e-01
4.712018e-01
4.953270e-01
5.196593e-01
5.433052e-01
5.652909e-01
5.845331e-01
5.999469e-01
6.104374e-01
6.149849e-01
6.126766e-01
6.027210e-01
5.845523e-01
5.578160e-01
5.223682e-01
4.783815e-01
4.262412e-01
3.666223e-01
3.004313e-01
2.287824e-01
1.529809e-01
7.445704e-02
-5.261166e-03
-8.463620e-02
-1.621075e-01
-2.362200e-01
-3.056106e-01
-3.691061e-01
-4.256922e-01
-4.746135e-01
-5.153277e-01
-5.475623e-01
-5.712734e-01
-5.866757e-01
-5.941678e-01
-5.943538e-01
-5.880061e-01
-5.759761e-01
-5.592281e-01
-5.387378e-01
-5.154983e-01
-4.904682e-01
-4.645141e-01
-4.384411e-01
-4.129241e-01
-3.885362e-01
-3.656907e-01
-3.447106e-01
-3.257655e-01
-3.089350e-01
-2.941874e-01
-2.814318e-01
-2.704907e-01
-2.611667e-01
-2.532173e-01
-2.464115e-01
-2.404952e-01
-2.352595e-01
-2.304849e-01
-2.259988e-01
-2.216460e-01
-2.172931e-01
-2.128310e-01
-2.081666e-01
-2.032118e-01
-1.978946e-01
-1.921241e-01
-1.858311e-01
-1.789179e-01
-1.712935e-01
-1.628667e-01
-1.535331e-01
-1.432113e-01
-1.318197e-01
-1.193104e-01
-1.056528e-01
-9.085442e-02
-7.497481e-02
-5.811842e-02
-4.043384e-02
-2.213001e-02
-3.463854e-03
1.525503e-02
3.368346e-02
5.146199e-02
6.817363e-02
8.344455e-02
9.686927e-02
1.080941e-01
1.167873e-01
1.226758e-01
1.255515e-01
1.252716e-01
1.217853e-01
1.151165e-01
1.053727e-01
9.276277e-02
7.755608e-02
6.007950e-02
4.075864e-02
2.001335e-02
-1.676128e-03
-2.382763e-02
-4.596189e-02
-6.762740e-02
-8.840241e-02
-1.079150e-01
-1.258574e-01
-1.419891e-01
-1.561577e-01
-1.682596e-01
-1.782967e-01
-1.863324e-01
-1.924902e-01
-1.969591e-01
-1.999642e-01
-2.017615e-01
-2.026204e-01
-2.028197e-01
-2.026156e-01
-2.022293e-01
-2.018688e-01
-2.016628e-01
-2.017045e-01
-2.020160e-01
-2.025662e-01
-2.032592e-01
-2.039504e-01
-2.044426e-01
-2.045011e-01
-2.038713e-01
-2.022806e-01
-1.994566e-01
-1.951445e-01
-1.891084e-01
-1.811547e-01
-1.711372e-01
-1.589567e-01
-1.445897e-01
-1.280564e-01
-1.094530e-01
-8.892866e-02
-6.669663e-02
-4.301118e-02
-1.817737e-02
7.474584e-03
3.359384e-02
5.979864e-02
8.572594e-02
1.110110e-01
1.352915e-01
1.582429e-01
1.795557e-01
1.989537e-01
2.161906e-01
2.310623e-01
2.433909e-01
2.530379e-01
2.598974e-01
2.638927e-01
2.649922e-01
2.631704e-01
2.584548e-01
2.508970e-01
2.405631e-01
2.275679e-01
2.120559e-01
1.941877e-01
1.741757e-01
1.522533e-01
1.286793e-01
1.037681e-01
7.783406e-02
5.122906e-02
2.432498e-02
-2.498578e-03
-2.885915e-02
-5.436947e-02
-7.866146e-02
-1.013814e-01
-1.222158e-01
-1.408858e-01
-1.571546e-01
-1.708410e-01
-1.818267e-01
-1.900507e-01
-1.955025e-01
-1.982493e-01
-1.984094e-01
-1.961452e-01
-1.916774e-01
-1.852607e-01
-1.771839e-01
-1.677525e-01
-1.572902e-01
-1.461297e-01
-1.346034e-01
-1.230239e-01
-1.117090e-01
-1.009534e-01
-9.102792e-02
-8.217652e-02
-7.463308e-02
-6.860178e-02
-6.425229e-02
-6.173222e-02
-6.117146e-02
-6.264573e-02
-6.621352e-02
-7.189014e-02
-7.964734e-02
-8.940938e-02
-1.010478e-01
-1.143819e-01
-1.291626e-01
-1.450829e-01
-1.617701e-01
-1.787964e-01
-1.956672e-01
-2.118442e-01
-2.267631e-01
-2.398137e-01
-2.504092e-01
-2.579498e-01
-2.618936e-01
-2.617437e-01
-2.570937e-01
-2.476348e-01
-2.331841e-01
-2.136890e-01
-1.892599e-01
-1.601474e-01
-1.267740e-01
-8.969926e-02
-4.963610e-02
-7.406138e-03
3.606592e-02
7.978768e-02
1.227350e-01
1.638817e-01
2.022348e-01
2.368810e-01
2.670156e-01
2.919610e-01
3.112165e-01
3.244513e-01
3.315490e-01
3.325692e-01
3.277903e-01
3.176573e-01
3.027966e-01
2.839644e-01
2.620254e-01
2.379223e-01
2.126276e-01
1.871077e-01
1.622852e-01
1.390045e-01
1.179922e-01
9.984083e-02
8.497730e-02
7.365855e-02
6.596462e-02
6.179438e-02
6.089332e-02
6.284305e-02
6.711490e-02
7.307334e-02
8.002726e-02
8.724143e-02
9.399741e-02
9.959352e-02
1.034124e-01
1.049016e-01
1.036478e-01
9.933806e-02
9.182002e-02
8.106012e-02
6.717385e-02
5.039750e-02
3.108767e-02
9.683839e-03
-1.327718e-02
-3.724133e-02
-6.159227e-02
-8.574047e-02
-1.091012e-01
-1.311372e-01
-1.513769e-01
-1.694099e-01
-1.849310e-01
-1.977077e-01
-2.076169e-01
-2.146207e-01
-2.187799e-01
-2.202206e-01
-2.191590e-01
-2.158524e-01
-2.106162e-01
-2.037860e-01
-1.957292e-01
-1.868098e-01
-1.773828e-01
-1.677954e-01
-1.583631e-01
-1.493715e-01
-1.410720e-01
-1.336712e-01
-1.273339e-01
-1.221938e-01
-1.183269e-01
-1.157822e-01
-1.145729e-01
-1.146719e-01
-1.160297e-01
-1.185678e-01
-1.221844e-01
-1.267615e-01
-1.321614e-01
-1.382437e-01
-1.448476e-01
-1.518191e-01
-1.589880e-01
-1.662049e-01
-1.733149e-01
-1.801657e-01
-1.866390e-01
-1.926111e-01
-1.979974e-01
-2.027174e-01
-2.067344e-01
-2.100335e-01
-2.126210e-01
-2.145422e-01
-2.158692e-01
-2.166957e-01
-2.171482e-01
-2.173595e-01
-2.174918e-01
-2.177057e-01
-2.181662e-01
-2.190325e-01
-2.204523e-01
-2.225521e-01
-2.254259e-01
-2.291432e-01
-2.337174e-01
-2.391288e-01
-2.452967e-01
-2.520886e-01
-2.593272e-01
-2.667590e-01
-2.740968e-01
-2.809865e-01
-2.870384e-01
-2.918159e-01
-2.948536e-01
-2.956540e-01
-2.937254e-01
-2.885534e-01
-2.796488e-01
-2.665428e-01
-2.488132e-01
-2.260899e-01
-1.980739e-01
-1.645586e-01
-1.254376e-01
-8.072717e-02
-3.055965e-02
2.476113e-02
8.482393e-02
1.490249e-01
2.166277e-01
2.867344e-01
3.583124e-01
4.302016e-01
5.011115e-01
5.697017e-01
6.345506e-01
6.942257e-01
7.473164e-01
7.924780e-01
8.284571e-01
8.541547e-01
8.686762e-01
8.713402e-01
8.617333e-01
8.397592e-01
8.056052e-01
7.598063e-01
7.032135e-01
6.370146e-01
5.626596e-01
4.818884e-01
3.966465e-01
3.090426e-01
2.212869e-01
1.356231e-01
5.426340e-02
-2.070463e-02
-8.736236e-02
-1.440352e-01
-1.893615e-01
-2.223323e-01
-2.423108e-01
-2.490730e-01
-2.428150e-01
-2.241186e-01
-1.939429e-01
-1.535907e-01
-1.046223e-01
-4.882465e-02
1.188950e-02
7.554165e-02
1.401754e-01
2.039440e-01
2.651652e-01
3.223897e-01
3.744609e-01
4.205579e-01
4.601788e-01
4.931942e-01
5.197992e-01
5.405072e-01
5.560704e-01
5.674774e-01
5.758322e-01
5.823121e-01
5.880808e-01
5.942271e-01
6.016781e-01
6.111429e-01
6.230819e-01
6.376463e-01
6.546705e-01
6.736865e-01
6.939266e-01
7.143307e-01
7.336611e-01
7.504935e-01
7.633268e-01
7.706426e-01
7.710164e-01
7.631255e-01
7.458963e-01
7.185311e-01
6.805355e-01
6.318000e-01
5.726028e-01
5.035746e-01
4.257428e-01
3.404476e-01
2.493225e-01
1.542462e-01
5.721243e-02
-3.967178e-02
0.000000e+00
0.000000e+00
0.000000e+00
0.000000e+00
0.000000e+00
0.000000e+00
0.000000e+00
0.000000e+00
0.000000e+00
0.000000e+00
0.000000e+00
0.000000e+00
0.000000e+00
0.000000e+00
0.000000e+00
0.000000e+00
0.000000e+00
0.000000e+00
0.000000e+00
0.000000e+00
0.000000e+00
0.000000e+00
0.000000e+00
0.000000e+00
0.000000e+00
0.000000e+00
0.000000e+00
0.000000e+00
0.000000e+00
0.000000e+00
0.000000e+00
0.000000e+00
0.000000e+00
0.000000e+00
0.000000e+00
0.000000e+00
0.000000e+00
0.000000e+00
0.000000e+00
0.000000e+00
0.000000e+00
0.000000e+00
0.000000e+00
0.000000e+00
0.000000e+00
0.000000e+00
0.000000e+00
0.000000e+00
0.000000e+00
0.000000e+00
0.000000e+00
0.000000e+00
0.000000e+00
0.000000e+00
0.000000e+00
0.000000e+00
0.000000e+00
0.000000e+00
0.000000e+00
0.000000e+00
0.000000e+00
0.000000e+00
0.000000e+00
0.000000e+00
0.000000e+00
0.000000e+00
0.000000e+00
0.000000e+00
0.000000e+00
0.000000e+00
0.000000e+00
0.000000e+00
0.000000e+00
0.000000e+00
0.000000e+00
0.000000e+00
0.000000e+00
0.000000e+00
0.000000e+00
0.000000e+00
0.000000e+00
0.000000e+00
0.000000e+00
0.000000e+00
0.000000e+00
2.910822e-01
2.830035e-01
2.710667e-01
2.554812e-01
2.365168e-01
2.144964e-01
1.897783e-01
1.627601e-01
1.338471e-01
1.034581e-01
7.200304e-02
3.987433e-02
7.437936e-03
-2.497712e-02
-5.708392e-02
-8.864133e-02
-1.194581e-01
-1.493924e-01
-1.783430e-01
-2.062514e-01
-2.330875e-01
-2.588400e-01
-2.835132e-01
-3.071010e-01
-3.295840e-01
-3.509168e-01
-3.710133e-01
-3.897351e-01
-4.068995e-01
-4.222521e-01
-4.354874e-01
-4.462427e-01
-4.541048e-01
-4.586258e-01
-4.593323e-01
-4.557530e-01
-4.474286e-01
-4.339352e-01
-4.149210e-01
-3.901118e-01
-3.593445e-01
-3.225835e-01
-2.799387e-01
-2.316740e-01
-1.782125e-01
-1.201555e-01
-5.824200e-02
6.619823e-03
7.341223e-02
1.409922e-01
2.081581e-01
2.736509e-01
3.362177e-01
3.946208e-01
4.477115e-01
4.944320e-01
5.338799e-01
5.653279e-01
5.882315e-01
6.022952e-01
6.074254e-01
6.037858e-01
5.917572e-01
5.719535e-01
5.451739e-01
5.123943e-01
4.747327e-01
4.333981e-01
3.896677e-01
3.448241e-01
3.001258e-01
2.567635e-01
2.158106e-01
1.782056e-01
1.447115e-01
1.158969e-01
9.213330e-02
7.357077e-02
6.016390e-02
5.165788e-02
4.762800e-02
4.749569e-02
5.054306e-02
5.597940e-02
6.294157e-02
7.055941e-02
7.796391e-02
8.434715e-02
8.897437e-02
9.121851e-02
9.057263e-02
8.667857e-02
7.931987e-02
6.842958e-02
5.408756e-02
3.651185e-02
1.603712e-02
-6.895079e-03
-3.177274e-02
-5.801849e-02
-8.502794e-02
-1.121873e-01
-1.389051e-01
-1.646236e-01
-1.888366e-01
-2.111225e-01
-2.311248e-01
-2.485846e-01
-2.633349e-01
-2.752972e-01
-2.844704e-01
-2.909503e-01
-2.948839e-01
-2.964844e-01
-2.959957e-01
-2.937200e-01
-2.899424e-01
-2.849754e-01
-2.791178e-01
-2.726549e-01
-2.658475e-01
-2.589193e-01
-2.520759e-01
-2.454694e-01
-2.392262e-01
-2.334323e-01
-2.281484e-01
-2.233940e-01
-2.191707e-01
-2.154567e-01
-2.122139e-01
-2.093876e-01
-2.069188e-01
-2.047416e-01
-2.027848e-01
-2.009822e-01
-1.992638e-01
-1.975669e-01
-1.958340e-01
-1.940095e-01
-1.920507e-01
-1.899135e-01
-1.875636e-01
-1.849844e-01
-1.821535e-01
-1.790647e-01
-1.757229e-01
-1.721401e-01
-1.683388e-01
-1.643531e-01
-1.602246e-01
-1.560068e-01
-1.517597e-01
-1.475485e-01
-1.434408e-01
-1.395130e-01
-1.358335e-01
-1.324655e-01
-1.294757e-01
-1.269032e-01
-1.247980e-01
-1.231649e-01
-1.220203e-01
-1.213447e-01
-1.211036e-01
-1.212406e-01
-1.216931e-01
-1.223648e-01
-1.231610e-01
-1.239666e-01
-1.246665e-01
-1.251315e-01
-1.252380e-01
-1.248724e-01
-1.239102e-01
-1.222646e-01
-1.198314e-01
-1.165480e-01
-1.123415e-01
-1.071800e-01
-1.010351e-01
-9.389526e-02
-8.576267e-02
-7.666636e-02
-6.662197e-02
-5.568119e-02
-4.389020e-02
-3.129910e-02
-1.797522e-02
-3.977275e-03
1.062192e-02
2.574486e-02
4.131718e-02
5.725745e-02
7.346860e-02
8.985981e-02
1.063168e-01
1.227385e-01
1.389927e-01
1.549487e-01
1.704678e-01
1.854028e-01
1.996019e-01
2.129110e-01
2.251795e-01
2.362597e-01
2.460144e-01
2.543176e-01
2.610661e-01
2.661689e-01
2.695697e-01
2.712428e-01
2.711770e-01
2.694038e-01
2.659943e-01
2.610320e-01
2.546366e-01
2.469699e-01
2.381895e-01
2.284821e-01
2.180557e-01
2.071149e-01
1.958621e-01
1.845103e-01
1.732587e-01
1.622808e-01
1.517463e-01
1.417998e-01
1.325618e-01
1.241305e-01
1.165765e-01
1.099515e-01
1.042756e-01
9.955640e-02
9.576823e-02
9.288898e-02
9.086562e-02
8.963376e-02
8.914015e-02
8.929692e-02
9.003518e-02
9.126881e-02
9.292030e-02
9.490608e-02
9.714434e-02
9.955992e-02
1.020677e-01
1.045970e-01
1.070692e-01
1.094114e-01
1.115566e-01
1.134357e-01
1.149981e-01
1.161807e-01
1.169452e-01
1.172564e-01
1.170962e-01
1.164582e-01
1.153503e-01
1.138089e-01
1.118738e-01
1.096164e-01
1.071165e-01
1.044768e-01
1.018107e-01
9.923999e-02
9.690059e-02
9.491856e-02
9.342560e-02
9.253556e-02
9.235447e-02
9.296115e-02
9.441110e-02
9.673528e-02
9.991868e-02
1.039255e-01
1.086748e-01
1.140603e-01
1.199410e-01
1.261447e-01
1.324993e-01
1.387923e-01
1.448272e-01
1.504066e-01
1.553395e-01
1.594661e-01
1.626481e-01
1.647924e-01
1.658354e-01
1.657660e-01
1.646165e-01
1.624671e-01
1.594311e-01
1.556697e-01
1.513662e-01
1.467288e-01
1.419689e-01
1.373041e-01
1.329438e-01
1.290705e-01
1.258474e-01
1.233911e-01
1.217846e-01
1.210632e-01
1.212229e-01
1.222218e-01
1.239743e-01
1.263852e-01
1.293284e-01
1.326843e-01
1.363435e-01
1.402129e-01
1.442384e-01
1.484093e-01
1.527691e-01
1.574171e-01
1.625035e-01
1.682428e-01
1.748910e-01
1.827410e-01
1.920988e-01
2.032846e-01
2.165811e-01
2.322388e-01
2.504416e-01
2.712780e-01
2.947308e-01
3.206599e-01
3.487834e-01
3.786824e-01
4.097856e-01
4.413968e-01
4.726863e-01
5.027239e-01
5.305107e-01
5.549954e-01
5.751202e-01
5.898822e-01
5.982998e-01
5.995555e-01
5.929558e-01
5.779824e-01
5.543346e-01
5.219452e-01
4.809754e-01
4.318354e-01
3.751720e-01
3.118477e-01
2.429384e-01
1.696543e-01
9.337339e-02
1.552042e-02
-6.242181e-02
-1.389971e-01
-2.127807e-01
-2.824791e-01
-3.469213e-01
-4.051083e-01
-4.562666e-01
-4.998089e-01
-5.353972e-01
-5.629030e-01
-5.824469e-01
-5.943232e-01
-5.990236e-01
-5.971854e-01
-5.895774e-01
-5.770372e-01
-5.604808e-01
-5.408218e-01
-5.189512e-01
-4.957669e-01
-4.720463e-01
-4.485098e-01
-4.257842e-01
-4.043880e-01
-3.847338e-01
-3.671252e-01
-3.517783e-01
-3.388005e-01
-3.282324e-01
-3.200364e-01
-3.141139e-01
-3.103122e-01
-3.084356e-01
-3.082532e-01
-3.094839e-01
-3.118271e-01
-3.149390e-01
-3.184424e-01
-3.219278e-01
-3.249392e-01
-3.269966e-01
-3.275755e-01
-3.261340e-01
-3.221047e-01
-3.149224e-01
-3.040235e-01
-2.888815e-01
-2.690219e-01
-2.440398e-01
-2.136361e-01
-1.776315e-01
-1.359977e-01
-8.886196e-02
-3.654186e-02
2.047044e-02
8.148302e-02
1.456292e-01
2.118618e-01
2.789962e-01
3.457152e-01
4.106250e-01
4.722766e-01
5.292227e-01
5.800666e-01
6.234859e-01
6.583144e-01
6.835545e-01
6.984320e-01
7.024098e-01
6.952332e-01
6.769270e-01
6.477999e-01
6.084459e-01
5.597091e-01
5.027004e-01
4.387005e-01
3.691743e-01
2.956930e-01
2.198849e-01
1.434059e-01
6.784437e-02
-5.276077e-03
-7.458702e-02
-1.389047e-01
-1.972311e-01
-2.488285e-01
-2.931984e-01
-3.301019e-01
-3.595461e-01
-3.817776e-01
-3.972575e-01
-4.066365e-01
-4.106973e-01
-4.103505e-01
-4.065535e-01
-4.002904e-01
-3.925070e-01
-3.840949e-01
-3.758246e-01
-3.683304e-01
-3.620756e-01
-3.573540e-01
-3.542366e-01
-3.526191e-01
-3.521999e-01
-3.524986e-01
-3.528857e-01
-3.526109e-01
-3.508406e-01
-3.466857e-01
-3.392585e-01
-3.277145e-01
-3.112818e-01
-2.893252e-01
-2.613531e-01
-2.270822e-01
-1.864262e-01
-1.395427e-01
-8.682837e-02
-2.890888e-02
3.335328e-02
9.888924e-02
1.664520e-01
2.346458e-01
3.019732e-01
3.668751e-01
4.277869e-01
4.831874e-01
5.316438e-01
5.718657e-01
6.027563e-01
6.234295e-01
6.332649e-01
6.319128e-01
6.193221e-01
5.957366e-01
5.616820e-01
5.179752e-01
4.656669e-01
4.060395e-01
3.405396e-01
2.707660e-01
1.983744e-01
1.250747e-01
5.254998e-02
-1.758847e-02
-8.384617e-02
-1.448860e-01
-1.995656e-01
-2.469652e-01
-2.864194e-01
-3.175045e-01
-3.400641e-01
-3.542037e-01
-3.602554e-01
-3.587828e-01
-3.505461e-01
-3.364565e-01
-3.175546e-01
-2.949794e-01
-2.698974e-01
-2.434967e-01
-2.169284e-01
-1.912686e-01
-1.675117e-01
-1.465030e-01
-1.289476e-01
-1.153846e-01
-1.061619e-01
-1.014501e-01
-1.012316e-01
-1.053081e-01
-1.133092e-01
-1.247142e-01
-1.388723e-01
-1.550118e-01
-1.722912e-01
-1.898054e-01
-2.066280e-01
-2.218359e-01
-2.345489e-01
-2.439439e-01
-2.492965e-01
-2.499940e-01
-2.455635e-01
-2.356923e-01
-2.202279e-01
-1.991938e-01
-1.727966e-01
-1.414085e-01
-1.055715e-01
-6.597668e-02
-2.344027e-02
2.110643e-02
6.666012e-02
1.121709e-01
1.565672e-01
1.988068e-01
2.378963e-01
2.729254e-01
3.031045e-01
3.277821e-01
3.464713e-01
3.588595e-01
3.648248e-01
3.644379e-01
3.579470e-01
3.457806e-01
3.285255e-01
3.069003e-01
2.817240e-01
2.539050e-01
2.243849e-01
1.941010e-01
1.639769e-01
1.348685e-01
1.075393e-01
8.263576e-02
6.066964e-02
4.199907e-02
2.682524e-02
1.518456e-02
6.970555e-03
1.929574e-03
-3.157331e-04
-2.484052e-04
1.590586e-03
4.593723e-03
8.151925e-03
1.165846e-02
1.454573e-02
1.632052e-02
1.655460e-02
1.494030e-02
1.126545e-02
5.440019e-03
-2.517199e-03
-1.246372e-02
-2.417799e-02
-3.732964e-02
-5.154444e-02
-6.638476e-02
-8.139419e-02
-9.611394e-02
-1.100958e-01
-1.229343e-01
-1.342669e-01
-1.438075e-01
-1.513357e-01
-1.567212e-01
-1.599005e-01
-1.609112e-01
-1.598492e-01
-1.568864e-01
-1.522439e-01
-1.461918e-01
-1.390288e-01
-1.310657e-01
-1.226169e-01
-1.139911e-01
-1.054678e-01
-9.730079e-02
-8.970253e-02
-8.284643e-02
-7.685895e-02
-7.181562e-02
-6.775441e-02
-6.466868e-02
-6.252006e-02
-6.122674e-02
-6.069829e-02
-6.081259e-02
-6.144477e-02
-6.245547e-02
-6.370946e-02
-6.507676e-02
-6.642919e-02
-6.765205e-02
-6.864416e-02
-6.931979e-02
-6.960476e-02
-6.944113e-02
-6.879389e-02
-6.763326e-02
-6.595829e-02
-6.377052e-02
-6.109345e-02
-5.797093e-02
-5.445050e-02
-5.060126e-02
-4.650581e-02
-4.225280e-02
-3.794812e-02
-3.370196e-02
-2.963156e-02
-2.585728e-02
-2.249988e-02
-1.967153e-02
-1.748572e-02
-1.603699e-02
-1.540540e-02
-1.565925e-02
-1.684141e-02
-1.897828e-02
-2.207243e-02
-2.610036e-02
-3.103370e-02
-3.681489e-02
-4.338083e-02
-5.065499e-02
-5.856631e-02
-6.703739e-02
-7.599739e-02
-8.539227e-02
-9.517096e-02
-1.052978e-01
-1.157559e-01
-1.265342e-01
-1.376253e-01
-1.490232e-01
-1.607199e-01
-1.726799e-01
-1.848537e-01
-1.971419e-01
-2.094149e-01
-2.214714e-01
-2.330709e-01
-2.438888e-01
-2.535507e-01
-2.616179e-01
-2.675889e-01
-2.709379e-01
-2.710976e-01
-2.675028e-01
-2.595970e-01
-2.468709e-01
-2.288812e-01
-2.052744e-01
-1.758180e-01
-1.404345e-01
-9.918519e-02
-5.233906e-02
-3.313908e-04
5.619312e-02
1.164156e-01
1.793476e-01
2.438180e-01
3.085645e-01
3.721966e-01
4.332971e-01
4.904142e-01
5.421425e-01
5.871577e-01
6.242512e-01
6.523961e-01
6.707649e-01
6.787670e-01
6.760844e-01
6.626672e-01
6.387554e-01
6.048646e-01
5.617724e-01
5.105093e-01
4.522926e-01
3.885331e-01
3.207409e-01
2.505112e-01
1.794599e-01
1.091735e-01
4.114808e-02
-2.323697e-02
-8.276893e-02
-1.364363e-01
-1.834523e-01
-2.232611e-01
-2.555597e-01
-2.802863e-01
-2.976044e-01
-3.078954e-01
-3.117147e-01
-3.097771e-01
-3.029092e-01
-2.920162e-01
-2.780453e-01
-2.619469e-01
-2.446318e-01
-2.269591e-01
-2.096936e-01
-1.934891e-01
-1.788889e-01
-1.662929e-01
-1.559820e-01
-1.481001e-01
-1.426759e-01
-1.396344e-01
-1.388049e-01
-1.399464e-01
-1.427665e-01
-1.469294e-01
-1.520891e-01
-1.578965e-01
-1.640148e-01
-1.701263e-01
-1.759629e-01
-1.812821e-01
-1.858934e-01
-1.896520e-01
-1.924637e-01
-1.942673e-01
-1.950591e-01
-1.948648e-01
-1.937441e-01
-1.917887e-01
-1.891135e-01
-1.858611e-01
-1.821846e-01
-1.782512e-01
-1.742370e-01
-1.703283e-01
-1.667026e-01
-1.635432e-01
-1.610112e-01
-1.592583e-01
-1.584140e-01
-1.585751e-01
-1.597985e-01
-1.621062e-01
-1.654652e-01
-1.697891e-01
-1.749346e-01
-1.807013e-01
-1.868281e-01
-1.930008e-01
-1.988661e-01
-2.040163e-01
-2.080282e-01
-2.104633e-01
-2.108841e-01
-2.088713e-01
-2.040476e-01
-1.960826e-01
-1.847257e-01
-1.697965e-01
-1.512203e-01
-1.290271e-01
-1.033446e-01
-7.442027e-02
-4.258826e-02
-8.298004e-03
2.793850e-02
6.553095e-02
1.038531e-01
1.422441e-01
1.800471e-01
2.166285e-01
2.513842e-01
2.837830e-01
3.133638e-01
3.397665e-01
3.627226e-01
3.820805e-01
3.977883e-01
4.099011e-01
4.185752e-01
4.240534e-01
4.266432e-01
4.267103e-01
4.246660e-01
4.209485e-01
4.159702e-01
4.101726e-01
4.039406e-01
3.976367e-01
3.915700e-01
3.860016e-01
3.811354e-01
3.771145e-01
3.740321e-01
3.719295e-01
3.708070e-01
3.706150e-01
3.712846e-01
3.727114e-01
3.747715e-01
3.773359e-01
3.802529e-01
3.833637e-01
3.865054e-01
3.895093e-01
3.921926e-01
3.943738e-01
3.958518e-01
3.964343e-01
3.958988e-01
3.940324e-01
3.906198e-01
3.854465e-01
3.783027e-01
3.690068e-01
3.573912e-01
3.433392e-01
3.267601e-01
3.076351e-01
2.859977e-01
2.619531e-01
2.356772e-01
2.074120e-01
1.774832e-01
1.462696e-01
1.141981e-01
8.176324e-02
4.945837e-02
1.780800e-02
-1.267588e-02
-4.151258e-02
-6.826994e-02
-9.256435e-02
-1.141038e-01
-1.326847e-01
-1.482054e-01
-1.606689e-01
-1.701754e-01
-1.769458e-01
-1.812728e-01
-1.835455e-01
-1.842070e-01
-1.837404e-01
-1.826569e-01
-1.814724e-01
-1.806637e-01
-1.806621e-01
-1.818584e-01
-1.845304e-01
-1.888730e-01
-1.949732e-01
-2.028146e-01
-2.122734e-01
-2.231045e-01
-2.349981e-01
-2.475367e-01
-2.602594e-01
-2.726508e-01
-2.841819e-01
-2.943187e-01
-3.025381e-01
-3.083824e-01
-3.114325e-01
-3.113518e-01
-3.078907e-01
-3.008945e-01
-2.903209e-01
-2.762043e-01
-2.587069e-01
-2.380611e-01
-2.145981e-01
-1.887145e-01
-1.608669e-01
-1.315535e-01
-1.013056e-01
-7.065930e-02
-4.015780e-02
-1.032019e-02
1.835719e-02
4.541870e-02
7.045842e-02
9.312209e-02
1.131138e-01
1.302068e-01
1.442310e-01
1.550724e-01
1.626949e-01
1.671111e-01
1.683849e-01
1.666336e-01
1.620232e-01
1.547565e-01
1.450683e-01
1.332315e-01
1.195389e-01
1.042993e-01
8.784193e-02
7.049521e-02
5.260204e-02
3.449436e-02
1.649158e-02
-1.089221e-03
-1.795643e-02
-3.384738e-02
-4.851781e-02
-6.176497e-02
-7.341896e-02
-8.335296e-02
-9.148085e-02
-9.775565e-02
-1.021742e-01
-1.047785e-01
-1.056451e-01
-1.048826e-01
-1.026338e-01
-9.907755e-02
-9.439317e-02
-8.877951e-02
-8.246282e-02
-7.564391e-02
-6.853886e-02
-6.134339e-02
-5.425908e-02
-4.745153e-02
-4.107886e-02
-3.527888e-02
-3.017174e-02
-2.585258e-02
-2.239850e-02
-1.988036e-02
-1.833612e-02
-1.780142e-02
-1.829620e-02
-1.982556e-02
-2.238637e-02
-2.596923e-02
-3.054361e-02
-3.606724e-02
-4.249118e-02
-4.974146e-02
-5.772999e-02
-6.634405e-02
-7.545054e-02
-8.489563e-02
-9.449455e-02
-1.040473e-01
-1.133319e-01
-1.221064e-01
-1.301204e-01
-1.371256e-01
-1.428651e-01
-1.471027e-01
-1.496193e-01
-1.502284e-01
-1.487810e-01
-1.451782e-01
-1.393751e-01
-1.313906e-01
-1.212979e-01
-1.092513e-01
-9.545182e-02
-8.017641e-02
-6.374449e-02
-4.652753e-02
-2.892833e-02
-1.136945e-02
5.711875e-03
2.189484e-02
3.676765e-02
4.996020e-02
6.114662e-02
7.006091e-02
7.649366e-02
8.032274e-02
8.148630e-02
8.000371e-02
7.596717e-02
6.953501e-02
6.092232e-02
5.039705e-02
3.826492e-02
2.485727e-02
1.051623e-02
-4.408252e-03
-1.958208e-02
-3.468624e-02
-4.943066e-02
-6.356560e-02
-7.687069e-02
-8.917545e-02
-1.003493e-01
-1.102961e-01
-1.189657e-01
-1.263322e-01
-1.323996e-01
-1.371974e-01
-1.407659e-01
-1.431549e-01
-1.444272e-01
-1.446431e-01
-1.438602e-01
-1.421403e-01
-1.395431e-01
-1.361223e-01
-1.319375e-01
-1.270487e-01
-1.215208e-01
-1.154218e-01
-1.088385e-01
-1.018570e-01
-9.458091e-02
-8.711975e-02
-7.959091e-02
-7.212417e-02
-6.484322e-02
-5.787576e-02
-5.134197e-02
-4.535145e-02
-4.000084e-02
-3.536823e-02
-3.150607e-02
-2.845019e-02
-2.620605e-02
-2.475547e-02
-2.406223e-02
-2.406301e-02
-2.467923e-02
-2.582185e-02
-2.739564e-02
-2.929394e-02
-3.142279e-02
-3.368376e-02
-3.599629e-02
-3.828662e-02
-4.049757e-02
-4.258219e-02
-4.451249e-02
-4.625812e-02
-4.781146e-02
-4.916095e-02
-5.028830e-02
-5.118216e-02
-5.181140e-02
-5.213415e-02
-5.209461e-02
-5.161333e-02
-5.059148e-02
-4.891141e-02
-4.643417e-02
-4.300495e-02
-3.844564e-02
-3.258459e-02
-2.522060e-02
-1.617224e-02
-5.240652e-03
7.750306e-03
2.297639e-02
4.059673e-02
6.074754e-02
8.354704e-02
1.090860e-01
1.374297e-01
1.686108e-01
2.026253e-01
2.394340e-01
2.789515e-01
3.210476e-01
3.655388e-01
4.121827e-01
4.606798e-01
5.106512e-01
5.616474e-01
6.131661e-01
6.645915e-01
7.152573e-01
7.644184e-01
8.112791e-01
8.549604e-01
8.945735e-01
9.291992e-01
9.579216e-01
9.798361e-01
9.941112e-01
1.000000e+00
9.968332e-01
9.841114e-01
9.614931e-01
9.288125e-01
8.861109e-01
8.336484e-01
7.719384e-01
7.016591e-01
6.237450e-01
5.393362e-01
4.497118e-01
3.563186e-01
2.607146e-01
1.645124e-01
6.935455e-02
