
1.001459e+00
1.001459e+00
1.001459e+00
1.001459e+00
1.001459e+00
1.001459e+00
1.001459e+00
1.001459e+00
1.001459e+00
1.001459e+00
1.001459e+00
1.001459e+00
1.001459e+00
1.001459e+00
1.001459e+00
1.001459e+00
1.001459e+00
1.001459e+00
1.001459e+00
1.001459e+00
1.001459e+00
1.001459e+00
1.001438e+00
1.000811e+00
1.000593e+00
1.000434e+00
1.000411e+00
1.000322e+00
1.000312e+00
1.000278e+00
1.000276e+00
1.000253e+00
1.000261e+00
1.000244e+00
1.000228e+00
1.000230e+00
1.000198e+00
1.000207e+00
1.000177e+00
1.000189e+00
1.000165e+00
1.000175e+00
1.000153e+00
1.000158e+00
1.000142e+00
1.000137e+00
1.000130e+00
1.000121e+00
1.000119e+00
1.000111e+00
1.000110e+00
1.000103e+00
1.000103e+00
1.000097e+00
1.000085e+00
1.000088e+00
1.000062e+00
1.000070e+00
1.000041e+00
1.000058e+00
1.000028e+00
1.000052e+00
1.000022e+00
1.000047e+00
1.000023e+00
1.000041e+00
1.000027e+00
1.000039e+00
1.000032e+00
1.000037e+00
1.000038e+00
1.000030e+00
1.000041e+00
1.000025e+00
1.000043e+00
1.000024e+00
1.000050e+00
1.000027e+00
1.000059e+00
1.000030e+00
1.000064e+00
1.000033e+00
1.000062e+00
1.000036e+00
1.000059e+00
1.000038e+00
1.000058e+00
1.000043e+00
1.000057e+00
1.000048e+00
1.000057e+00
1.000052e+00
1.000057e+00
1.000057e+00
1.000057e+00
1.000061e+00
1.000059e+00
1.000063e+00
1.000059e+00
1.000065e+00
1.000058e+00
1.000068e+00
1.000062e+00
1.000078e+00
1.000081e+00
1.000098e+00
1.000097e+00
1.000112e+00
1.000105e+00
1.000104e+00
1.000103e+00
1.000103e+00
1.000104e+00
1.000103e+00
1.000106e+00
1.000103e+00
1.000112e+00
1.000103e+00
1.000118e+00
1.000102e+00
1.000120e+00
1.000106e+00
1.000123e+00
1.000111e+00
1.000127e+00
1.000119e+00
1.000120e+00
1.000128e+00
1.000097e+00
1.000097e+00
1.000073e+00
1.000070e+00
1.000065e+00
1.000066e+00
1.000073e+00
1.000071e+00
1.000073e+00
1.000060e+00
1.000075e+00
1.000071e+00
1.000070e+00
1.000079e+00
1.000075e+00
1.000074e+00
1.000069e+00
1.000078e+00
1.000075e+00
1.000078e+00
1.000082e+00
1.000079e+00
1.000090e+00
1.000089e+00
1.000107e+00
1.000118e+00
1.000124e+00
1.000146e+00
1.000152e+00
1.000171e+00
1.000178e+00
1.000224e+00
1.000238e+00
1.000301e+00
1.000332e+00
1.000361e+00
1.000433e+00
1.000414e+00
1.000409e+00
1.000439e+00
1.000434e+00
1.000416e+00
1.000424e+00
1.000434e+00
1.000437e+00
1.000453e+00
1.000475e+00
1.000473e+00
1.000388e+00
1.000287e+00
1.000238e+00
1.000195e+00
1.000180e+00
1.000160e+00
1.000170e+00
1.000160e+00
1.000179e+00
1.000169e+00
1.000185e+00
1.000179e+00
1.000183e+00
1.000184e+00
1.000179e+00
1.000185e+00
1.000179e+00
1.000189e+00
1.000188e+00
1.000189e+00
1.000191e+00
1.000198e+00
1.000199e+00
1.000203e+00
1.000224e+00
1.000228e+00
1.000249e+00
1.000288e+00
1.000307e+00
1.000379e+00
1.000388e+00
1.000424e+00
1.000480e+00
1.000460e+00
1.000477e+00
1.000502e+00
1.000492e+00
1.000503e+00
1.000529e+00
1.000529e+00
1.000541e+00
1.000564e+00
1.000568e+00
1.000581e+00
1.000597e+00
1.000603e+00
1.000617e+00
1.000572e+00
1.000496e+00
1.000343e+00
1.000280e+00
1.000237e+00
1.000203e+00
1.000194e+00
1.000160e+00
1.000161e+00
1.000136e+00
1.000136e+00
1.000125e+00
1.000126e+00
1.000128e+00
1.000121e+00
1.000122e+00
1.000104e+00
1.000112e+00
1.000100e+00
1.000098e+00
1.000099e+00
1.000090e+00
1.000093e+00
1.000075e+00
1.000090e+00
1.000072e+00
1.000086e+00
1.000077e+00
1.000087e+00
1.000090e+00
1.000089e+00
1.000096e+00
1.000082e+00
1.000095e+00
1.000073e+00
1.000093e+00
1.000073e+00
1.000097e+00
1.000086e+00
1.000101e+00
1.000091e+00
1.000104e+00
1.000103e+00
1.000095e+00
1.000106e+00
1.000090e+00
1.000099e+00
1.000076e+00
1.000093e+00
1.000077e+00
1.000093e+00
1.000090e+00
1.000102e+00
1.000108e+00
1.000107e+00
1.000118e+00
1.000109e+00
1.000132e+00
1.000126e+00
1.000143e+00
1.000149e+00
1.000164e+00
1.000170e+00
1.000179e+00
1.000196e+00
1.000198e+00
1.000228e+00
1.000222e+00
1.000236e+00
1.000248e+00
1.000258e+00
1.000279e+00
1.000289e+00
1.000291e+00
1.000340e+00
1.000332e+00
1.000336e+00
1.000374e+00
1.000368e+00
1.000375e+00
1.000384e+00
1.000377e+00
1.000389e+00
1.000386e+00
1.000383e+00
1.000419e+00
1.000420e+00
1.000418e+00
1.000466e+00
1.000463e+00
1.000466e+00
1.000524e+00
1.000528e+00
1.000540e+00
1.000597e+00
1.000593e+00
1.000577e+00
1.000619e+00
1.000630e+00
1.000616e+00
1.000638e+00
1.000689e+00
1.000682e+00
1.000681e+00
1.000724e+00
1.000730e+00
1.000739e+00
1.000772e+00
1.000814e+00
1.000853e+00
1.000922e+00
1.001008e+00
1.001019e+00
1.001028e+00
1.001021e+00
1.001028e+00
1.001043e+00
1.001078e+00
1.001099e+00
1.001174e+00
1.001264e+00
1.001338e+00
1.001375e+00
1.001460e+00
1.001509e+00
1.001497e+00
1.001517e+00
1.001532e+00
1.001527e+00
1.001522e+00
1.001576e+00
1.001548e+00
1.001519e+00
1.001534e+00
1.001506e+00
1.001510e+00
1.001522e+00
1.001515e+00
1.001511e+00
1.001532e+00
1.001485e+00
1.001489e+00
1.001508e+00
1.001498e+00
1.001490e+00
1.001534e+00
1.001519e+00
1.001518e+00
1.001497e+00
1.001516e+00
1.001495e+00
1.001503e+00
1.001503e+00
1.001518e+00
1.001503e+00
1.001534e+00
1.001516e+00
1.001493e+00
1.001509e+00
1.001524e+00
1.001526e+00
1.001540e+00
1.001551e+00
1.001514e+00
1.001469e+00
1.001462e+00
1.001460e+00
1.001466e+00
1.001470e+00
1.001496e+00
1.001502e+00
1.001507e+00
1.001532e+00
1.001521e+00
1.001528e+00
1.001527e+00
1.001508e+00
1.001491e+00
1.001491e+00
1.001493e+00
1.001488e+00
1.001493e+00
1.001477e+00
1.001488e+00
1.001495e+00
1.001479e+00
1.001454e+00
1.001453e+00
1.001451e+00
1.001445e+00
1.001459e+00
1.001497e+00
1.001510e+00
1.001495e+00
1.001508e+00
1.001491e+00
1.001445e+00
1.001454e+00
1.001474e+00
1.001477e+00
1.001450e+00
1.001493e+00
1.001487e+00
1.001479e+00
1.001471e+00
1.001505e+00
1.001514e+00
1.001530e+00
1.001541e+00
1.001515e+00
1.001515e+00
1.001508e+00
1.001505e+00
1.001508e+00
1.001515e+00
1.001516e+00
1.001508e+00
1.001511e+00
1.001515e+00
1.001457e+00
1.001459e+00
1.001466e+00
1.001467e+00
1.001434e+00
1.001462e+00
1.001472e+00
1.001479e+00
1.001457e+00
1.001499e+00
1.001524e+00
1.001523e+00
1.001514e+00
1.001558e+00
1.001523e+00
1.001530e+00
1.001531e+00
1.001527e+00
1.001521e+00
1.001547e+00
1.001557e+00
1.001544e+00
1.001552e+00
1.001548e+00
1.001532e+00
1.001509e+00
1.001509e+00
1.001517e+00
1.001512e+00
1.001529e+00
1.001458e+00
1.001451e+00
1.001448e+00
1.001432e+00
1.001432e+00
1.001508e+00
1.001534e+00
1.001543e+00
1.001633e+00
1.001617e+00
1.001597e+00
1.001562e+00
1.000577e+00
1.000492e+00
1.000435e+00
1.000401e+00
1.000383e+00
1.000391e+00
1.000402e+00
1.000422e+00
1.000453e+00
1.000466e+00
1.000392e+00
1.000281e+00
1.000219e+00
1.000169e+00
1.000143e+00
1.000118e+00
1.000117e+00
1.000103e+00
1.000105e+00
1.000093e+00
1.000084e+00
1.000066e+00
1.000054e+00
1.000038e+00
1.000022e+00
1.000020e+00
1.000008e+00
1.000012e+00
1.000005e+00
1.000021e+00
1.000007e+00
1.000026e+00
1.000022e+00
1.000046e+00
1.000040e+00
1.000073e+00
1.000075e+00
1.000106e+00
1.000119e+00
1.000170e+00
1.000209e+00
1.000268e+00
1.000367e+00
1.000404e+00
1.000487e+00
1.000517e+00
1.000657e+00
1.000715e+00
1.000771e+00
1.000957e+00
1.001054e+00
1.001132e+00
1.001255e+00
1.001289e+00
1.001309e+00
1.001311e+00
1.001322e+00
1.001285e+00
1.001292e+00
1.001298e+00
1.001297e+00
1.001300e+00
1.001365e+00
1.001369e+00
1.001377e+00
1.001459e+00
1.001414e+00
1.001376e+00
1.001362e+00
1.001364e+00
1.001349e+00
1.001342e+00
1.001347e+00
1.001359e+00
1.001335e+00
1.001349e+00
1.001357e+00
1.001376e+00
1.001367e+00
1.001402e+00
1.001398e+00
1.001356e+00
1.001352e+00
1.001358e+00
1.001357e+00
1.001370e+00
1.001424e+00
1.001441e+00
1.001438e+00
1.001441e+00
1.001411e+00
1.001404e+00
1.001387e+00
1.001382e+00
1.001347e+00
1.000743e+00
1.000527e+00
1.000472e+00
1.000250e+00
1.000218e+00
1.000142e+00
1.000126e+00
1.000079e+00
1.000081e+00
1.000046e+00
1.000045e+00
1.000020e+00
1.000021e+00
1.000006e+00
1.000008e+00
1.000000e+00
1.000002e+00
1.000002e+00
1.000003e+00
1.000005e+00
1.000006e+00
1.000009e+00
1.000004e+00
1.000009e+00
1.000003e+00
1.000014e+00
1.000012e+00
1.000033e+00
1.000040e+00
1.000079e+00
1.000103e+00
1.000175e+00
1.000206e+00
1.000326e+00
1.000347e+00
1.000372e+00
1.000383e+00
1.000397e+00
1.000431e+00
1.000441e+00
1.000470e+00
1.000476e+00
1.000499e+00
1.000498e+00
1.000512e+00
1.000512e+00
1.000520e+00
1.000530e+00
1.000526e+00
1.000536e+00
1.000540e+00
1.000547e+00
1.000577e+00
1.000553e+00
1.000560e+00
1.000597e+00
1.000494e+00
1.000462e+00
1.000285e+00
1.000260e+00
1.000177e+00
1.000135e+00
1.000115e+00
1.000096e+00
1.000089e+00
1.000081e+00
1.000093e+00
1.000084e+00
1.000099e+00
1.000102e+00
1.000117e+00
1.000124e+00
1.000133e+00
1.000142e+00
1.000135e+00
1.000152e+00
1.000147e+00
1.000158e+00
1.000171e+00
1.000180e+00
1.000182e+00
1.000178e+00
1.000181e+00
1.000177e+00
1.000170e+00
1.000178e+00
1.000175e+00
1.000178e+00
1.000172e+00
1.000169e+00
1.000174e+00
1.000175e+00
1.000176e+00
1.000170e+00
1.000174e+00
1.000175e+00
1.000175e+00
1.000177e+00
1.000177e+00
1.000181e+00
1.000182e+00
1.000187e+00
1.000188e+00
1.000192e+00
1.000197e+00
1.000198e+00
1.000206e+00
1.000211e+00
1.000221e+00
1.000252e+00
1.000253e+00
1.000277e+00
1.000318e+00
1.000354e+00
1.000313e+00
1.000261e+00
1.000238e+00
1.000189e+00
1.000173e+00
1.000153e+00
1.000146e+00
1.000143e+00
1.000136e+00
1.000139e+00
1.000139e+00
1.000147e+00
1.000149e+00
1.000161e+00
1.000161e+00
1.000178e+00
1.000183e+00
1.000190e+00
1.000213e+00
1.000232e+00
1.000267e+00
1.000313e+00
1.000348e+00
1.000511e+00
1.000557e+00
1.000630e+00
1.000736e+00
1.000796e+00
1.000910e+00
1.000965e+00
1.001057e+00
1.001128e+00
1.001159e+00
1.001192e+00
1.001215e+00
1.001262e+00
1.001324e+00
1.001333e+00
1.001348e+00
1.001372e+00
1.001343e+00
1.001355e+00
1.000911e+00
1.000896e+00
1.000887e+00
1.000833e+00
1.000779e+00
1.000752e+00
1.000738e+00
1.000703e+00
1.000704e+00
1.000670e+00
1.000467e+00
1.000429e+00
1.000319e+00
1.000300e+00
1.000226e+00
1.000224e+00
1.000200e+00
1.000195e+00
1.000191e+00
1.000191e+00
1.000188e+00
1.000170e+00
1.000177e+00
1.000170e+00
1.000164e+00
1.000161e+00
1.000159e+00
1.000158e+00
1.000151e+00
1.000158e+00
1.000159e+00
1.000162e+00
1.000160e+00
1.000162e+00
1.000168e+00
1.000170e+00
1.000192e+00
1.000210e+00
1.000238e+00
1.000278e+00
1.000302e+00
1.000362e+00
1.000342e+00
1.000352e+00
1.000375e+00
1.000366e+00
1.000372e+00
1.000381e+00
1.000386e+00
1.000381e+00
1.000367e+00
1.000372e+00
1.000341e+00
1.000298e+00
1.000289e+00
1.000261e+00
1.000255e+00
1.000263e+00
1.000262e+00
1.000262e+00
1.000295e+00
1.000285e+00
1.000294e+00
1.000324e+00
1.000334e+00
1.000347e+00
1.000359e+00
1.000359e+00
1.000385e+00
1.000379e+00
1.000381e+00
1.000424e+00
1.000410e+00
1.000412e+00
1.000453e+00
1.000441e+00
1.000447e+00
1.000501e+00
1.000500e+00
1.000508e+00
1.000566e+00
1.000562e+00
1.000543e+00
1.000573e+00
1.000596e+00
1.000603e+00
1.000585e+00
1.000618e+00
1.000622e+00
1.000624e+00
1.000628e+00
1.000665e+00
1.000658e+00
1.000658e+00
1.000648e+00
1.000644e+00
1.000640e+00
1.000662e+00
1.000653e+00
1.000657e+00
1.000670e+00
1.000689e+00
1.000690e+00
1.000709e+00
1.000704e+00
1.000704e+00
1.000764e+00
1.000760e+00
1.000759e+00
1.000783e+00
1.000818e+00
1.000838e+00
1.000877e+00
1.000907e+00
1.000946e+00
1.000980e+00
1.001022e+00
1.001078e+00
1.001126e+00
1.001181e+00
1.001188e+00
1.001201e+00
1.001197e+00
1.001191e+00
1.001207e+00
1.001237e+00
1.001249e+00
1.001325e+00
1.001731e+00
1.001459e+00
1.001459e+00
1.001459e+00
1.001459e+00
1.001459e+00
1.001459e+00
1.001459e+00
1.001459e+00
1.001459e+00
1.001459e+00
1.001459e+00
1.001459e+00
1.001459e+00
1.001459e+00
1.001459e+00
1.001459e+00
1.001459e+00
1.001459e+00
1.001459e+00
1.001459e+00
1.001459e+00
1.001459e+00
1.001459e+00
1.001459e+00
1.001459e+00
