
6.714876e-01
6.892626e-01
7.148434e-01
7.469717e-01
7.840283e-01
8.240933e-01
8.649999e-01
9.044277e-01
9.399654e-01
9.692275e-01
9.899282e-01
1.000000e+00
9.976680e-01
9.815535e-01
9.507374e-01
9.048203e-01
8.439517e-01
7.688679e-01
6.808389e-01
5.816654e-01
4.736005e-01
3.592576e-01
2.415058e-01
1.233578e-01
7.819740e-03
-1.022036e-01
-2.040795e-01
-2.955194e-01
-3.746769e-01
-4.402552e-01
-4.914919e-01
-5.281992e-01
-5.507579e-01
-5.600392e-01
-5.573586e-01
-5.443822e-01
-5.230062e-01
-4.952866e-01
-4.632724e-01
-4.289635e-01
-3.941815e-01
-3.604940e-01
-3.291955e-01
-3.012478e-01
-2.772638e-01
-2.575548e-01
-2.421219e-01
-2.307243e-01
-2.229233e-01
-2.181421e-01
-2.157312e-01
-2.150165e-01
-2.153547e-01
-2.161628e-01
-2.169683e-01
-2.173962e-01
-2.171975e-01
-2.162343e-01
-2.144589e-01
-2.119090e-01
-2.086750e-01
-2.048845e-01
-2.006655e-01
-1.961581e-01
-1.914630e-01
-1.866636e-01
-1.818129e-01
-1.769305e-01
-1.720201e-01
-1.670641e-01
-1.620505e-01
-1.569617e-01
-1.517982e-01
-1.465844e-01
-1.413503e-01
-1.361666e-01
-1.311003e-01
-1.262434e-01
-1.216849e-01
-1.175027e-01
-1.137718e-01
-1.105366e-01
-1.078129e-01
-1.055956e-01
-1.038390e-01
-1.024757e-01
-1.014072e-01
-1.005296e-01
-9.972276e-02
-9.886615e-02
-9.784512e-02
-9.656916e-02
-9.495475e-02
-9.295419e-02
-9.053167e-02
-8.769628e-02
-8.445671e-02
-8.085068e-02
-7.693474e-02
-7.276128e-02
-6.839720e-02
-6.389514e-02
-5.932553e-02
-5.472817e-02
-5.014780e-02
-4.563472e-02
-4.121345e-02
-3.692484e-02
-3.281012e-02
-2.890883e-02
-2.527661e-02
-2.196779e-02
-1.906212e-02
-1.662768e-02
-1.475160e-02
-1.351700e-02
-1.299585e-02
-1.326777e-02
-1.437386e-02
-1.635952e-02
-1.923316e-02
-2.297676e-02
-2.755792e-02
-3.290478e-02
-3.893669e-02
-4.554966e-02
-5.263534e-02
-6.007535e-02
-6.776427e-02
-7.560140e-02
-8.350499e-02
-9.141629e-02
-9.929160e-02
-1.071176e-01
-1.148890e-01
-1.226138e-01
-1.302968e-01
-1.379354e-01
-1.455018e-01
-1.529293e-01
-1.601166e-01
-1.668902e-01
-1.730275e-01
-1.782442e-01
-1.821931e-01
-1.844789e-01
-1.846771e-01
-1.823396e-01
-1.770383e-01
-1.683690e-01
-1.560059e-01
-1.397037e-01
-1.193477e-01
-9.496253e-02
-6.673416e-02
-3.502179e-02
-3.609520e-04
3.655538e-02
7.487501e-02
1.136218e-01
1.517360e-01
1.881002e-01
2.216006e-01
2.511610e-01
2.757973e-01
2.946702e-01
3.071040e-01
3.126426e-01
3.110593e-01
3.023644e-01
2.868203e-01
2.649140e-01
2.373476e-01
2.049902e-01
1.688557e-01
1.300400e-01
8.968411e-02
4.891330e-02
8.804593e-03
-2.966896e-02
-6.566022e-02
-9.847688e-02
-1.275975e-01
-1.526750e-01
-1.735193e-01
-1.900989e-01
-2.024976e-01
-2.109000e-01
-2.155518e-01
-2.167195e-01
-2.146768e-01
-2.096542e-01
-2.018344e-01
-1.913317e-01
-1.781902e-01
-1.623826e-01
-1.438307e-01
-1.224264e-01
-9.804676e-02
-7.059772e-02
-4.004628e-02
-6.443047e-03
3.003915e-02
6.909194e-02
1.102457e-01
1.528805e-01
1.962143e-01
2.393326e-01
2.812066e-01
3.207373e-01
3.567906e-01
3.882510e-01
4.140724e-01
4.333268e-01
4.452574e-01
4.493098e-01
4.451751e-01
4.328045e-01
4.124173e-01
3.845084e-01
3.498191e-01
3.093116e-01
2.641272e-01
2.155550e-01
1.649448e-01
1.136791e-01
6.310581e-02
1.448017e-02
-3.107693e-02
-7.262564e-02
-1.094211e-01
-1.409628e-01
-1.669572e-01
-1.873447e-01
-2.022755e-01
-2.120833e-01
-2.172411e-01
-2.183392e-01
-2.160505e-01
-2.110654e-01
-2.040769e-01
-1.957458e-01
-1.866639e-01
-1.773499e-01
-1.682109e-01
-1.595841e-01
-1.516791e-01
-1.446381e-01
-1.385136e-01
-1.333006e-01
-1.289500e-01
-1.253781e-01
-1.224956e-01
-1.202034e-01
-1.184136e-01
-1.170623e-01
-1.160952e-01
-1.154900e-01
-1.152336e-01
-1.153351e-01
-1.158106e-01
-1.166790e-01
-1.179602e-01
-1.196621e-01
-1.217767e-01
-1.242846e-01
-1.271382e-01
-1.302764e-01
-1.336065e-01
-1.370149e-01
-1.403774e-01
-1.435436e-01
-1.463511e-01
-1.486361e-01
-1.502316e-01
-1.509726e-01
-1.507117e-01
-1.493252e-01
-1.467073e-01
-1.428021e-01
-1.375904e-01
-1.310967e-01
-1.234025e-01
-1.146381e-01
-1.049783e-01
-9.464354e-02
-8.388058e-02
-7.296408e-02
-6.215599e-02
-5.172602e-02
-4.190032e-02
-3.286769e-02
-2.476169e-02
-1.764119e-02
-1.150748e-02
-6.281218e-03
-1.826755e-03
2.040817e-03
5.544012e-03
8.908719e-03
1.236108e-02
1.608861e-02
2.023212e-02
2.486916e-02
3.000569e-02
3.558726e-02
4.149274e-02
4.757717e-02
5.367586e-02
5.965785e-02
6.545052e-02
7.107876e-02
7.670053e-02
8.262727e-02
8.933075e-02
9.745439e-02
1.077780e-01
1.211954e-01
1.386481e-01
1.610747e-01
1.893151e-01
2.240384e-01
2.656612e-01
3.142571e-01
3.695146e-01
4.306736e-01
4.965200e-01
5.653848e-01
6.351898e-01
7.035180e-01
7.676983e-01
8.249468e-01
8.724910e-01
9.077068e-01
9.283002e-01
9.323998e-01
9.187154e-01
8.866182e-01
8.361911e-01
7.682642e-01
6.844012e-01
5.868304e-01
4.783444e-01
3.622058e-01
2.419508e-01
0.000000e+00
0.000000e+00
0.000000e+00
0.000000e+00
0.000000e+00
0.000000e+00
0.000000e+00
0.000000e+00
0.000000e+00
0.000000e+00
0.000000e+00
0.000000e+00
0.000000e+00
0.000000e+00
0.000000e+00
0.000000e+00
0.000000e+00
0.000000e+00
0.000000e+00
0.000000e+00
0.000000e+00
0.000000e+00
0.000000e+00
0.000000e+00
0.000000e+00
0.000000e+00
0.000000e+00
0.000000e+00
0.000000e+00
0.000000e+00
0.000000e+00
0.000000e+00
0.000000e+00
0.000000e+00
0.000000e+00
0.000000e+00
0.000000e+00
0.000000e+00
0.000000e+00
0.000000e+00
0.000000e+00
0.000000e+00
0.000000e+00
0.000000e+00
0.000000e+00
0.000000e+00
0.000000e+00
0.000000e+00
0.000000e+00
0.000000e+00
0.000000e+00
0.000000e+00
0.000000e+00
0.000000e+00
0.000000e+00
0.000000e+00
0.000000e+00
0.000000e+00
0.000000e+00
0.000000e+00
0.000000e+00
0.000000e+00
0.000000e+00
0.000000e+00
0.000000e+00
0.000000e+00
0.000000e+00
0.000000e+00
0.000000e+00
0.000000e+00
0.000000e+00
0.000000e+00
0.000000e+00
0.000000e+00
0.000000e+00
0.000000e+00
0.000000e+00
0.000000e+00
0.000000e+00
0.000000e+00
0.000000e+00
0.000000e+00
0.000000e+00
0.000000e+00
0.000000e+00
0.000000e+00
0.000000e+00
0.000000e+00
0.000000e+00
0.000000e+00
0.000000e+00
0.000000e+00
0.000000e+00
0.000000e+00
0.000000e+00
0.000000e+00
0.000000e+00
0.000000e+00
0.000000e+00
0.000000e+00
0.000000e+00
0.000000e+00
0.000000e+00
0.000000e+00
0.000000e+00
0.000000e+00
0.000000e+00
0.000000e+00
0.000000e+00
0.000000e+00
0.000000e+00
0.000000e+00
0.000000e+00
0.000000e+00
0.000000e+00
0.000000e+00
0.000000e+00
0.000000e+00
0.000000e+00
0.000000e+00
0.000000e+00
0.000000e+00
0.000000e+00
0.000000e+00
0.000000e+00
0.000000e+00
0.000000e+00
0.000000e+00
0.000000e+00
0.000000e+00
0.000000e+00
0.000000e+00
0.000000e+00
0.000000e+00
0.000000e+00
0.000000e+00
0.000000e+00
0.000000e+00
3.321623e-01
3.148413e-01
2.895964e-01
2.572648e-01
2.188902e-01
1.756627e-01
1.288633e-01
7.979235e-02
2.971985e-02
-2.018215e-02
-6.887565e-02
-1.154881e-01
-1.593484e-01
-1.999821e-01
-2.371117e-01
-2.706593e-01
-3.007075e-01
-3.274975e-01
-3.513761e-01
-3.727879e-01
-3.922271e-01
-4.102173e-01
-4.272669e-01
-4.438415e-01
-4.603310e-01
-4.770183e-01
-4.940372e-01
-5.113552e-01
-5.287502e-01
-5.457800e-01
-5.617912e-01
-5.759225e-01
-5.871193e-01
-5.941838e-01
-5.958234e-01
-5.907214e-01
-5.776298e-01
-5.554464e-01
-5.233133e-01
-4.807074e-01
-4.275165e-01
-3.640638e-01
-2.911822e-01
-2.101554e-01
-1.227197e-01
-3.097382e-02
6.272248e-02
1.558636e-01
2.459422e-01
3.305875e-01
4.076949e-01
4.755443e-01
5.328945e-01
5.790089e-01
6.137079e-01
6.373083e-01
6.505868e-01
6.546682e-01
6.509314e-01
6.408830e-01
6.260412e-01
6.078377e-01
5.875336e-01
5.661914e-01
5.446379e-01
5.235035e-01
5.032703e-01
4.843209e-01
4.670481e-01
4.518877e-01
4.394028e-01
4.303012e-01
4.254186e-01
4.256991e-01
4.320766e-01
4.454058e-01
4.662903e-01
4.949620e-01
5.311599e-01
5.740044e-01
6.219654e-01
6.728372e-01
7.237969e-01
7.715288e-01
8.124133e-01
8.427203e-01
8.588935e-01
8.578056e-01
8.370294e-01
7.950285e-01
7.313440e-01
6.466778e-01
5.429204e-01
4.230370e-01
2.909326e-01
1.512189e-01
8.923386e-03
-1.308705e-01
-2.632493e-01
-3.839093e-01
-4.892786e-01
-5.768315e-01
-6.451150e-01
-6.938306e-01
-7.237501e-01
-7.365784e-01
-7.347547e-01
-7.212035e-01
-6.990746e-01
-6.714617e-01
-6.411684e-01
-6.105356e-01
-5.812760e-01
-5.544310e-01
-5.303452e-01
-5.087860e-01
-4.889934e-01
-4.698680e-01
-4.501591e-01
-4.286038e-01
-4.041008e-01
-3.758303e-01
-3.433386e-01
-3.065670e-01
-2.658474e-01
-2.218417e-01
-1.754749e-01
-1.278062e-01
-7.993342e-02
-3.289825e-02
1.241835e-02
5.533692e-02
9.541258e-02
1.324134e-01
1.663086e-01
1.971716e-01
2.251255e-01
2.502727e-01
2.725918e-01
2.919238e-01
3.079084e-01
3.200114e-01
3.275451e-01
3.297282e-01
3.257711e-01
3.149686e-01
2.968056e-01
2.710209e-01
2.377204e-01
1.973931e-01
1.509265e-01
9.960054e-02
4.502078e-02
-1.096585e-02
-6.637440e-02
-1.192087e-01
-1.675801e-01
-2.098473e-01
-2.446835e-01
-2.711827e-01
-2.888916e-01
-2.978239e-01
-2.984353e-01
-2.915740e-01
-2.783992e-01
-2.602873e-01
-2.387266e-01
-2.152131e-01
-1.911536e-01
-1.677909e-01
-1.461322e-01
-1.269333e-01
-1.106689e-01
-9.755706e-02
-8.759218e-02
-8.057325e-02
-7.619340e-02
-7.404247e-02
-7.370595e-02
-7.478618e-02
-7.692337e-02
-7.983548e-02
-8.329215e-02
-8.713426e-02
-9.122410e-02
-9.545127e-02
-9.968350e-02
-1.037678e-01
-1.074976e-01
-1.106309e-01
-1.128806e-01
-1.139414e-01
-1.135160e-01
-1.113473e-01
-1.072588e-01
-1.011830e-01
-9.319592e-02
-8.352600e-02
-7.256043e-02
-6.084839e-02
-4.906254e-02
-3.797772e-02
-2.841040e-02
-2.119078e-02
-1.708709e-02
-1.677067e-02
-2.077487e-02
-2.944660e-02
-4.294481e-02
-6.122648e-02
-8.403438e-02
-1.109407e-01
-1.413479e-01
-1.745194e-01
-2.096187e-01
-2.457183e-01
-2.818325e-01
-3.169347e-01
-3.499678e-01
-3.798371e-01
-4.054505e-01
-4.256767e-01
-4.394001e-01
-4.455134e-01
-4.429496e-01
-4.307254e-01
-4.079915e-01
-3.740704e-01
-3.285497e-01
-2.713199e-01
-2.026304e-01
-1.231545e-01
-3.399939e-02
6.328812e-02
1.667391e-01
2.739995e-01
3.824385e-01
4.892007e-01
5.913599e-01
6.860214e-01
7.704657e-01
8.422709e-01
8.994051e-01
9.403455e-01
9.641150e-01
9.703207e-01
9.591631e-01
9.313926e-01
8.882620e-01
8.314476e-01
7.629399e-01
6.849664e-01
5.998678e-01
5.100042e-01
4.176682e-01
3.250093e-01
2.339819e-01
1.462878e-01
6.337156e-02
-1.360429e-02
-8.374995e-02
-1.464468e-01
-2.013271e-01
-2.482438e-01
-2.872785e-01
-3.186835e-01
-3.428784e-01
-3.604317e-01
-3.720004e-01
-3.783420e-01
-3.802435e-01
-3.785089e-01
-3.739092e-01
-3.671594e-01
-3.588513e-01
-3.494643e-01
-3.393179e-01
-3.285639e-01
-3.172039e-01
-3.050880e-01
-2.919640e-01
-2.775066e-01
-2.613756e-01
-2.432735e-01
-2.230009e-01
-2.005002e-01
-1.759029e-01
-1.495478e-01
-1.219843e-01
-9.395703e-02
-6.636869e-02
-4.022864e-02
-1.657811e-02
3.575088e-03
1.934308e-02
3.002142e-02
3.515068e-02
3.455155e-02
2.836362e-02
1.701563e-02
1.216354e-03
-1.810132e-02
-3.983570e-02
-6.280416e-02
-8.581273e-02
-1.077362e-01
-1.275879e-01
-1.445741e-01
-1.581237e-01
-1.679128e-01
-1.738547e-01
-1.760797e-01
-1.749001e-01
-1.707551e-01
-1.641728e-01
-1.557004e-01
-1.458750e-01
-1.351748e-01
-1.239946e-01
-1.126361e-01
-1.013024e-01
-9.010517e-02
-7.908684e-02
-6.823860e-02
-5.752877e-02
-4.691763e-02
-3.638711e-02
-2.594846e-02
-1.565022e-02
-5.587863e-03
4.102216e-03
1.325875e-02
2.168196e-02
2.917086e-02
3.550962e-02
4.049327e-02
4.393404e-02
4.566826e-02
4.556637e-02
4.353969e-02
3.955856e-02
3.364261e-02
2.588814e-02
1.646564e-02
5.623424e-03
-6.311560e-03
-1.894216e-02
-3.179541e-02
-4.437305e-02
-5.613754e-02
-6.656375e-02
-7.514903e-02
-8.145610e-02
-8.512473e-02
-8.588694e-02
-8.357946e-02
-7.813488e-02
-6.958009e-02
-5.799291e-02
-4.350574e-02
-2.625976e-02
-6.378955e-03
1.603038e-02
4.089603e-02
6.818110e-02
9.784666e-02
1.298349e-01
1.640272e-01
2.002145e-01
2.380541e-01
2.770503e-01
3.165753e-01
3.558561e-01
3.940445e-01
4.302760e-01
4.637619e-01
4.938723e-01
5.202263e-01
5.427940e-01
5.619086e-01
5.783144e-01
5.931150e-01
6.077029e-01
6.236286e-01
6.424408e-01
6.655000e-01
6.937719e-01
7.276585e-01
7.668360e-01
8.101660e-01
8.556609e-01
9.005374e-01
9.413613e-01
9.742357e-01
9.950938e-01
1.000000e+00
9.855004e-01
9.489096e-01
8.886309e-01
8.043339e-01
6.970630e-01
5.692960e-01
4.247877e-01
2.684225e-01
1.058651e-01
-5.674209e-02
