0.068000 1
0.200000 3
0.312000 1
0.528000 3
0.744000 1
0.848000 3
0.984000 3
1.132000 3
1.220000 3
1.360000 1
1.520000 3
1.656000 1
1.776000 2
1.816000 2
1.932000 1
1.964000 1
2.200000e+00 -1
2.336000 2
2.500000 3
2.560000 3
2.668000 3
2.856000 1
3.008000 3
3.080000 3
3.208000 3
3.408000 1
3.560000 2
3.648000 3
3.804000 1
4.048000 3
4.160000 2
4.280000 3
4.372000 3
4.568000 1
4.720000 3
4.936000 3
5.184000 1
5.308000 3
5.480000 1
5.588000 1
5.804000 3
5.952000 3
6.148000 1
6.184000 1
6.360000 2
6.492000 3
6.680000 2
6.792000 3
7.028000 3
7.112000 3
7.240000 3
7.380000 3
7.556000 3
7.716000 1
7.836000 3
7.940000 3
8.148000 3
8.300000 2
8.504000 1
8.544000 1
