
1.001675e+00
1.001675e+00
1.001675e+00
1.001675e+00
1.001675e+00
1.001675e+00
1.001675e+00
1.001675e+00
1.001675e+00
1.001675e+00
1.001675e+00
1.001675e+00
1.001675e+00
1.001675e+00
1.001675e+00
1.001675e+00
1.001675e+00
1.001675e+00
1.001675e+00
1.001675e+00
1.001675e+00
1.001675e+00
1.001602e+00
1.001527e+00
1.001500e+00
1.001443e+00
1.001388e+00
1.001382e+00
1.001352e+00
1.001309e+00
1.001278e+00
1.001211e+00
1.001177e+00
1.001097e+00
1.001052e+00
1.000971e+00
1.000894e+00
1.000831e+00
1.000777e+00
1.000707e+00
1.000655e+00
1.000612e+00
1.000588e+00
1.000575e+00
1.000564e+00
1.000538e+00
1.000526e+00
1.000503e+00
1.000474e+00
1.000452e+00
1.000419e+00
1.000397e+00
1.000372e+00
1.000364e+00
1.000350e+00
1.000357e+00
1.000341e+00
1.000347e+00
1.000342e+00
1.000335e+00
1.000322e+00
1.000325e+00
1.000321e+00
1.000304e+00
1.000298e+00
1.000298e+00
1.000299e+00
1.000283e+00
1.000296e+00
1.000307e+00
1.000319e+00
1.000330e+00
1.000374e+00
1.000402e+00
1.000443e+00
1.000478e+00
1.000506e+00
1.000331e+00
1.000239e+00
1.000180e+00
1.000138e+00
1.000092e+00
1.000077e+00
1.000057e+00
1.000056e+00
1.000038e+00
1.000054e+00
1.000038e+00
1.000056e+00
1.000041e+00
1.000067e+00
1.000054e+00
1.000087e+00
1.000066e+00
1.000082e+00
1.000073e+00
1.000084e+00
1.000081e+00
1.000087e+00
1.000103e+00
1.000103e+00
1.000116e+00
1.000098e+00
1.000118e+00
1.000097e+00
1.000110e+00
1.000097e+00
1.000118e+00
1.000115e+00
1.000132e+00
1.000134e+00
1.000132e+00
1.000137e+00
1.000126e+00
1.000137e+00
1.000123e+00
1.000147e+00
1.000127e+00
1.000152e+00
1.000141e+00
1.000158e+00
1.000154e+00
1.000174e+00
1.000188e+00
1.000219e+00
1.000262e+00
1.000294e+00
1.000376e+00
1.000380e+00
1.000386e+00
1.000401e+00
1.000405e+00
1.000417e+00
1.000418e+00
1.000426e+00
1.000430e+00
1.000434e+00
1.000439e+00
1.000441e+00
1.000452e+00
1.000448e+00
1.000451e+00
1.000451e+00
1.000442e+00
1.000330e+00
1.000318e+00
1.000199e+00
1.000182e+00
1.000122e+00
1.000120e+00
1.000088e+00
1.000097e+00
1.000079e+00
1.000091e+00
1.000078e+00
1.000084e+00
1.000079e+00
1.000083e+00
1.000084e+00
1.000080e+00
1.000083e+00
1.000076e+00
1.000079e+00
1.000072e+00
1.000080e+00
1.000069e+00
1.000080e+00
1.000068e+00
1.000079e+00
1.000067e+00
1.000082e+00
1.000071e+00
1.000090e+00
1.000076e+00
1.000097e+00
1.000081e+00
1.000103e+00
1.000085e+00
1.000111e+00
1.000090e+00
1.000119e+00
1.000099e+00
1.000134e+00
1.000140e+00
1.000199e+00
1.000212e+00
1.000347e+00
1.000369e+00
1.000299e+00
1.000297e+00
1.000231e+00
1.000227e+00
1.000196e+00
1.000193e+00
1.000175e+00
1.000177e+00
1.000162e+00
1.000159e+00
1.000162e+00
1.000153e+00
1.000166e+00
1.000157e+00
1.000173e+00
1.000159e+00
1.000180e+00
1.000173e+00
1.000185e+00
1.000174e+00
1.000184e+00
1.000177e+00
1.000165e+00
1.000176e+00
1.000153e+00
1.000164e+00
1.000137e+00
1.000154e+00
1.000128e+00
1.000153e+00
1.000141e+00
1.000162e+00
1.000155e+00
1.000161e+00
1.000161e+00
1.000143e+00
1.000152e+00
1.000136e+00
1.000157e+00
1.000141e+00
1.000167e+00
1.000157e+00
1.000170e+00
1.000172e+00
1.000169e+00
1.000177e+00
1.000169e+00
1.000187e+00
1.000178e+00
1.000203e+00
1.000204e+00
1.000203e+00
1.000204e+00
1.000198e+00
1.000195e+00
1.000180e+00
1.000192e+00
1.000187e+00
1.000179e+00
1.000193e+00
1.000188e+00
1.000196e+00
1.000189e+00
1.000202e+00
1.000198e+00
1.000201e+00
1.000217e+00
1.000231e+00
1.000250e+00
1.000263e+00
1.000324e+00
1.000333e+00
1.000372e+00
1.000473e+00
1.000527e+00
1.000567e+00
1.000666e+00
1.000715e+00
1.000786e+00
1.000903e+00
1.000993e+00
1.001183e+00
1.001314e+00
1.001298e+00
1.001285e+00
1.001278e+00
1.001299e+00
1.001314e+00
1.000847e+00
1.000724e+00
1.000706e+00
1.000694e+00
1.000646e+00
1.000570e+00
1.000525e+00
1.000440e+00
1.000398e+00
1.000372e+00
1.000370e+00
1.000373e+00
1.000401e+00
1.000437e+00
1.000491e+00
1.000486e+00
1.000395e+00
1.000302e+00
1.000249e+00
1.000189e+00
1.000160e+00
1.000133e+00
1.000124e+00
1.000116e+00
1.000124e+00
1.000131e+00
1.000137e+00
1.000152e+00
1.000152e+00
1.000171e+00
1.000183e+00
1.000220e+00
1.000238e+00
1.000338e+00
1.000363e+00
1.000437e+00
1.000547e+00
1.000592e+00
1.000674e+00
1.000760e+00
1.000815e+00
1.000917e+00
1.001075e+00
1.001148e+00
1.001317e+00
1.001346e+00
1.001364e+00
1.001389e+00
1.001423e+00
1.001465e+00
1.001467e+00
1.001449e+00
1.001457e+00
1.001462e+00
1.001457e+00
1.001462e+00
1.001412e+00
1.001411e+00
1.001415e+00
1.001413e+00
1.001397e+00
1.001457e+00
1.001464e+00
1.001464e+00
1.001479e+00
1.001503e+00
1.001550e+00
1.001521e+00
1.001507e+00
1.001503e+00
1.001512e+00
1.001478e+00
1.000658e+00
1.000579e+00
1.000534e+00
1.000387e+00
1.000314e+00
1.000191e+00
1.000161e+00
1.000107e+00
1.000087e+00
1.000056e+00
1.000055e+00
1.000036e+00
1.000046e+00
1.000029e+00
1.000046e+00
1.000027e+00
1.000043e+00
1.000022e+00
1.000038e+00
1.000011e+00
1.000025e+00
1.000000e+00
1.000009e+00
1.000004e+00
1.000021e+00
1.000028e+00
1.000053e+00
1.000077e+00
1.000079e+00
1.000099e+00
1.000099e+00
1.000114e+00
1.000117e+00
1.000134e+00
1.000130e+00
1.000154e+00
1.000148e+00
1.000146e+00
1.000179e+00
1.000183e+00
1.000185e+00
1.000238e+00
1.000250e+00
1.000260e+00
1.000271e+00
1.000271e+00
1.000287e+00
1.000284e+00
1.000289e+00
1.000339e+00
1.000335e+00
1.000338e+00
1.000372e+00
1.000380e+00
1.000399e+00
1.000425e+00
1.000418e+00
1.000417e+00
1.000430e+00
1.000435e+00
1.000522e+00
1.000645e+00
1.000756e+00
1.000766e+00
1.000740e+00
1.000740e+00
1.000722e+00
1.000700e+00
1.000710e+00
1.000710e+00
1.000705e+00
1.000709e+00
1.000717e+00
1.000736e+00
1.000772e+00
1.000772e+00
1.000759e+00
1.000785e+00
1.000802e+00
1.000800e+00
1.000821e+00
1.000910e+00
1.000960e+00
1.000969e+00
1.001090e+00
1.001165e+00
1.001270e+00
1.001341e+00
1.001447e+00
1.001475e+00
1.001531e+00
1.001546e+00
1.001541e+00
1.001492e+00
1.001474e+00
1.001421e+00
1.001418e+00
1.001423e+00
1.001428e+00
1.001429e+00
1.001431e+00
1.001416e+00
1.001403e+00
1.001410e+00
1.001375e+00
1.001395e+00
1.001397e+00
1.001393e+00
1.001378e+00
1.001391e+00
1.001372e+00
1.001373e+00
1.001374e+00
1.001378e+00
1.001394e+00
1.001416e+00
1.001420e+00
1.001408e+00
1.001402e+00
1.001398e+00
1.001406e+00
1.001400e+00
1.001424e+00
1.001442e+00
1.001470e+00
1.001477e+00
1.001507e+00
1.001503e+00
1.001539e+00
1.001487e+00
1.001433e+00
1.001425e+00
1.001421e+00
1.001420e+00
1.001432e+00
1.001475e+00
1.001483e+00
1.001487e+00
1.001479e+00
1.001504e+00
1.001522e+00
1.001546e+00
1.001579e+00
1.001585e+00
1.001580e+00
1.001576e+00
1.001577e+00
1.001561e+00
1.001575e+00
1.001583e+00
1.001577e+00
1.001556e+00
1.001576e+00
1.001584e+00
1.001578e+00
1.001598e+00
1.001596e+00
1.001535e+00
1.001452e+00
1.001316e+00
1.001278e+00
1.001275e+00
1.001267e+00
1.001266e+00
1.001322e+00
1.001392e+00
1.001405e+00
1.001452e+00
1.001535e+00
1.001537e+00
1.001500e+00
1.001501e+00
1.001496e+00
1.001515e+00
1.001550e+00
1.001608e+00
1.001572e+00
1.001608e+00
1.001607e+00
1.001598e+00
1.001599e+00
1.001648e+00
1.001646e+00
1.001585e+00
1.001543e+00
1.001485e+00
1.001449e+00
1.001443e+00
1.001423e+00
1.001421e+00
1.001445e+00
1.001458e+00
1.001466e+00
1.001522e+00
1.001564e+00
1.001553e+00
1.001583e+00
1.001479e+00
1.000771e+00
1.000674e+00
1.000420e+00
1.000349e+00
1.000297e+00
1.000290e+00
1.000236e+00
1.000243e+00
1.000216e+00
1.000212e+00
1.000202e+00
1.000196e+00
1.000187e+00
1.000169e+00
1.000160e+00
1.000132e+00
1.000128e+00
1.000119e+00
1.000121e+00
1.000117e+00
1.000093e+00
1.000090e+00
1.000064e+00
1.000061e+00
1.000044e+00
1.000055e+00
1.000048e+00
1.000060e+00
1.000070e+00
1.000066e+00
1.000083e+00
1.000085e+00
1.000107e+00
1.000119e+00
1.000198e+00
1.000213e+00
1.000382e+00
1.000460e+00
1.000503e+00
1.000621e+00
1.000681e+00
1.000760e+00
1.000914e+00
1.000961e+00
1.001024e+00
1.001091e+00
1.001122e+00
1.001151e+00
1.001171e+00
1.001201e+00
1.001266e+00
1.001315e+00
1.001323e+00
1.001343e+00
1.001373e+00
1.001406e+00
1.001418e+00
1.001400e+00
1.000696e+00
1.000625e+00
1.000592e+00
1.000501e+00
1.000468e+00
1.000381e+00
1.000376e+00
1.000317e+00
1.000305e+00
1.000280e+00
1.000271e+00
1.000248e+00
1.000245e+00
1.000239e+00
1.000226e+00
1.000235e+00
1.000235e+00
1.000232e+00
1.000225e+00
1.000207e+00
1.000199e+00
1.000161e+00
1.000152e+00
1.000133e+00
1.000140e+00
1.000131e+00
1.000138e+00
1.000145e+00
1.000132e+00
1.000135e+00
1.000123e+00
1.000128e+00
1.000120e+00
1.000128e+00
1.000126e+00
1.000119e+00
1.000121e+00
1.000112e+00
1.000116e+00
1.000113e+00
1.000115e+00
1.000118e+00
1.000117e+00
1.000125e+00
1.000124e+00
1.000143e+00
1.000150e+00
1.000162e+00
1.000176e+00
1.000189e+00
1.000212e+00
1.000221e+00
1.000273e+00
1.000290e+00
1.000334e+00
1.000377e+00
1.000408e+00
1.000452e+00
1.000440e+00
1.000438e+00
1.000430e+00
1.000418e+00
1.000406e+00
1.000385e+00
1.000372e+00
1.000371e+00
1.000363e+00
1.000356e+00
1.000363e+00
1.000356e+00
1.000354e+00
1.000357e+00
1.000362e+00
1.000337e+00
1.000351e+00
1.000345e+00
1.000340e+00
1.000333e+00
1.000355e+00
1.000330e+00
1.000327e+00
1.000325e+00
1.000322e+00
1.000324e+00
1.000346e+00
1.000353e+00
1.000359e+00
1.000374e+00
1.000386e+00
1.000402e+00
1.000425e+00
1.000463e+00
1.000517e+00
1.000556e+00
1.000595e+00
1.000635e+00
1.000611e+00
1.000475e+00
1.000332e+00
1.000281e+00
1.000213e+00
1.000176e+00
1.000150e+00
1.000135e+00
1.000133e+00
1.000118e+00
1.000125e+00
1.000115e+00
1.000122e+00
1.000107e+00
1.000133e+00
1.000134e+00
1.000162e+00
1.000181e+00
1.000199e+00
1.000204e+00
1.000199e+00
1.000192e+00
1.000172e+00
1.000183e+00
1.000180e+00
1.000173e+00
1.000186e+00
1.000184e+00
1.000192e+00
1.000188e+00
1.000200e+00
1.000189e+00
1.000202e+00
1.000206e+00
1.000192e+00
1.000202e+00
1.000177e+00
1.000186e+00
1.000153e+00
1.000171e+00
1.000140e+00
1.000165e+00
1.000133e+00
1.000162e+00
1.000129e+00
1.000160e+00
1.000126e+00
1.000159e+00
1.000125e+00
1.000157e+00
1.000134e+00
1.000172e+00
1.000172e+00
1.000232e+00
1.000238e+00
1.000324e+00
1.000346e+00
1.000352e+00
1.000396e+00
1.000400e+00
1.000440e+00
1.000449e+00
1.000500e+00
1.000507e+00
1.000525e+00
1.000558e+00
1.000573e+00
1.000611e+00
1.000616e+00
1.000656e+00
1.000681e+00
1.000659e+00
1.000621e+00
1.000574e+00
1.000450e+00
1.000415e+00
1.000259e+00
1.000236e+00
1.000157e+00
1.000149e+00
1.000112e+00
1.000124e+00
1.000100e+00
1.000131e+00
1.000130e+00
1.000172e+00
1.000184e+00
1.000262e+00
1.000285e+00
1.000254e+00
1.000250e+00
1.000163e+00
1.000139e+00
1.000102e+00
1.000097e+00
1.000081e+00
1.000091e+00
1.000095e+00
1.000094e+00
1.000104e+00
1.000083e+00
1.000097e+00
1.000067e+00
1.000084e+00
1.000060e+00
1.000070e+00
1.000053e+00
1.000067e+00
1.000061e+00
1.000060e+00
1.000075e+00
1.000067e+00
1.000077e+00
1.000071e+00
1.000086e+00
1.000081e+00
1.000098e+00
1.000107e+00
1.000115e+00
1.000138e+00
1.000142e+00
1.000176e+00
1.000182e+00
1.000226e+00
1.000237e+00
1.000297e+00
1.000309e+00
1.000329e+00
1.000394e+00
1.000395e+00
1.000401e+00
1.000416e+00
1.000402e+00
1.000389e+00
1.000378e+00
1.000390e+00
1.000388e+00
1.000408e+00
1.000404e+00
1.000409e+00
1.000388e+00
1.000380e+00
1.000365e+00
1.000358e+00
1.000361e+00
1.000371e+00
1.000368e+00
1.000373e+00
1.000394e+00
1.000399e+00
1.000409e+00
1.000440e+00
1.000476e+00
1.000504e+00
1.000552e+00
1.000617e+00
1.000537e+00
1.000397e+00
1.000307e+00
1.000250e+00
1.000224e+00
1.000171e+00
1.000167e+00
1.000135e+00
1.000129e+00
1.000112e+00
1.000120e+00
1.000119e+00
1.000125e+00
1.000131e+00
1.000139e+00
1.000137e+00
1.000140e+00
1.000140e+00
1.000141e+00
1.000142e+00
1.000140e+00
1.000138e+00
1.000143e+00
1.000145e+00
1.000150e+00
1.000171e+00
1.000172e+00
1.000206e+00
1.000222e+00
1.000237e+00
1.000245e+00
1.000241e+00
1.000240e+00
1.000232e+00
1.000233e+00
1.000241e+00
1.000259e+00
1.000279e+00
1.000305e+00
1.000383e+00
1.000404e+00
1.000483e+00
1.000592e+00
1.000619e+00
1.000697e+00
1.000749e+00
1.000804e+00
1.000864e+00
1.001024e+00
1.001131e+00
1.001153e+00
1.001189e+00
1.001214e+00
1.001240e+00
1.001302e+00
1.001345e+00
1.000881e+00
1.000877e+00
1.000876e+00
1.000869e+00
1.000842e+00
1.000699e+00
1.000669e+00
1.000641e+00
1.000629e+00
1.000622e+00
1.000660e+00
1.000661e+00
1.000671e+00
1.000661e+00
1.000630e+00
1.000596e+00
1.000570e+00
1.000393e+00
1.000363e+00
1.000300e+00
1.000287e+00
1.000251e+00
1.000255e+00
1.000241e+00
1.000243e+00
1.000240e+00
1.000224e+00
1.000228e+00
1.000201e+00
1.000199e+00
1.000183e+00
1.000178e+00
1.000175e+00
1.000162e+00
1.000167e+00
1.000159e+00
1.000167e+00
1.000165e+00
1.000169e+00
1.000164e+00
1.000160e+00
1.000151e+00
1.000147e+00
1.000142e+00
1.000141e+00
1.000136e+00
1.000139e+00
1.000136e+00
1.000142e+00
1.000142e+00
1.000146e+00
1.000150e+00
1.000151e+00
1.000163e+00
1.000168e+00
1.000182e+00
1.000195e+00
1.000207e+00
1.000229e+00
1.000244e+00
1.000286e+00
1.000290e+00
1.000303e+00
1.000300e+00
1.000297e+00
1.000297e+00
1.000295e+00
1.000306e+00
1.000303e+00
1.000293e+00
1.000290e+00
1.000283e+00
1.000287e+00
1.000288e+00
1.000280e+00
1.000283e+00
1.000281e+00
1.000280e+00
1.000280e+00
1.000280e+00
1.000288e+00
1.000294e+00
1.000281e+00
1.000280e+00
1.000275e+00
1.000278e+00
1.000278e+00
1.000272e+00
1.000270e+00
1.000265e+00
1.000264e+00
1.000237e+00
1.000242e+00
1.000231e+00
1.000224e+00
1.000218e+00
1.000209e+00
1.000210e+00
1.000193e+00
1.000202e+00
1.000186e+00
1.000196e+00
1.000191e+00
1.000186e+00
1.000191e+00
1.000172e+00
1.000184e+00
1.000161e+00
1.000179e+00
1.000156e+00
1.000172e+00
1.000159e+00
1.000160e+00
1.000156e+00
1.000145e+00
1.000150e+00
1.000123e+00
1.000134e+00
1.000100e+00
1.000112e+00
1.000080e+00
1.000095e+00
1.000070e+00
1.000087e+00
1.000071e+00
1.000090e+00
1.000078e+00
1.000095e+00
1.000088e+00
1.000097e+00
1.000095e+00
1.000099e+00
1.000098e+00
1.000099e+00
1.000102e+00
1.000098e+00
1.000104e+00
1.000100e+00
1.000108e+00
1.000101e+00
1.000112e+00
1.000102e+00
1.000118e+00
1.000104e+00
1.000122e+00
1.000107e+00
1.000130e+00
1.000113e+00
1.000136e+00
1.000120e+00
1.000143e+00
1.000127e+00
1.000147e+00
1.000134e+00
1.000155e+00
1.000143e+00
1.000169e+00
1.000155e+00
1.000184e+00
1.000171e+00
1.000205e+00
1.000197e+00
1.000243e+00
1.000247e+00
1.000311e+00
1.000323e+00
1.000411e+00
1.000435e+00
1.000469e+00
1.000509e+00
1.000514e+00
1.000535e+00
1.000536e+00
1.000550e+00
1.000560e+00
1.000571e+00
1.000579e+00
1.000576e+00
1.000589e+00
1.000592e+00
1.000596e+00
1.000624e+00
1.000610e+00
1.000619e+00
1.000650e+00
1.000653e+00
1.000641e+00
1.000638e+00
1.000511e+00
1.000348e+00
1.000327e+00
1.000252e+00
1.000242e+00
1.000208e+00
1.000196e+00
1.000191e+00
1.000181e+00
1.000174e+00
1.000177e+00
1.000185e+00
1.000180e+00
1.000184e+00
1.000179e+00
1.000184e+00
1.000177e+00
1.000179e+00
1.000180e+00
1.000181e+00
1.000181e+00
1.000181e+00
1.000182e+00
1.000178e+00
1.000174e+00
1.000171e+00
1.000172e+00
1.000174e+00
1.000174e+00
1.000178e+00
1.000184e+00
1.000184e+00
1.000183e+00
1.000188e+00
1.000188e+00
1.000189e+00
1.000191e+00
1.000191e+00
1.000192e+00
1.000194e+00
1.000184e+00
1.000174e+00
1.000171e+00
1.000163e+00
1.000158e+00
1.000152e+00
1.000153e+00
1.000152e+00
1.000152e+00
1.000157e+00
1.000156e+00
1.000161e+00
1.000147e+00
1.000153e+00
1.000150e+00
1.000140e+00
1.000147e+00
1.000138e+00
1.000144e+00
1.000128e+00
1.000145e+00
1.000130e+00
1.000137e+00
1.000139e+00
1.000136e+00
1.000144e+00
1.000135e+00
1.000150e+00
1.000133e+00
1.000154e+00
1.000135e+00
1.000164e+00
1.000160e+00
1.000187e+00
1.000181e+00
1.000198e+00
1.000193e+00
1.000176e+00
1.000184e+00
1.000168e+00
1.000187e+00
1.000163e+00
1.000189e+00
1.000164e+00
1.000192e+00
1.000172e+00
1.000196e+00
1.000178e+00
1.000195e+00
1.000183e+00
1.000187e+00
1.000194e+00
1.000186e+00
1.000202e+00
1.000186e+00
1.000203e+00
1.000188e+00
1.000206e+00
1.000188e+00
1.000208e+00
1.000201e+00
1.000201e+00
1.000213e+00
1.000208e+00
1.000220e+00
1.000213e+00
1.000229e+00
1.000225e+00
1.000230e+00
1.000236e+00
1.000237e+00
1.000244e+00
1.000243e+00
1.000250e+00
1.000252e+00
1.000265e+00
1.000268e+00
1.000280e+00
1.000299e+00
1.000299e+00
1.000319e+00
1.000317e+00
1.000323e+00
1.000353e+00
1.000347e+00
1.000360e+00
1.000392e+00
1.000384e+00
1.000403e+00
1.000413e+00
1.000411e+00
1.000439e+00
1.000422e+00
1.000426e+00
1.000463e+00
1.000432e+00
1.000436e+00
1.000494e+00
1.000495e+00
1.000496e+00
1.000626e+00
1.000605e+00
1.000590e+00
1.000609e+00
1.000640e+00
1.000646e+00
1.000712e+00
1.000710e+00
1.000719e+00
1.000717e+00
1.000724e+00
1.000739e+00
1.000891e+00
1.000847e+00
1.000755e+00
1.000744e+00
1.000740e+00
1.000746e+00
1.000764e+00
1.000836e+00
1.000841e+00
1.000825e+00
1.000815e+00
1.000815e+00
1.000854e+00
1.000886e+00
1.000941e+00
1.000995e+00
1.001070e+00
1.001120e+00
1.001174e+00
1.001225e+00
1.001233e+00
1.001249e+00
1.001262e+00
1.001295e+00
1.001347e+00
1.001409e+00
1.001448e+00
1.001529e+00
1.001564e+00
1.001517e+00
1.001474e+00
1.001473e+00
1.001449e+00
1.001366e+00
1.001373e+00
1.001378e+00
1.001357e+00
1.001349e+00
1.001397e+00
1.001374e+00
1.001347e+00
1.001333e+00
1.001338e+00
1.001341e+00
1.001341e+00
1.001360e+00
1.001388e+00
1.001385e+00
1.001376e+00
1.001388e+00
1.001374e+00
1.001373e+00
1.001328e+00
1.001290e+00
1.001289e+00
1.001287e+00
1.001289e+00
1.001316e+00
1.001357e+00
1.001331e+00
1.001319e+00
1.001305e+00
1.001304e+00
1.001310e+00
1.001330e+00
1.001358e+00
1.001368e+00
1.001375e+00
1.001342e+00
1.001343e+00
1.001333e+00
1.001340e+00
1.001341e+00
1.001377e+00
1.001381e+00
1.001386e+00
1.001393e+00
1.001398e+00
1.001388e+00
1.001388e+00
1.001391e+00
1.001377e+00
1.001370e+00
1.001368e+00
1.001367e+00
1.001362e+00
1.001369e+00
1.001371e+00
1.001383e+00
1.001388e+00
1.001412e+00
1.001419e+00
1.001413e+00
1.001405e+00
1.001387e+00
1.001366e+00
1.001363e+00
1.001370e+00
1.001387e+00
1.001408e+00
1.001441e+00
1.001464e+00
1.001462e+00
1.001446e+00
1.001448e+00
1.001435e+00
1.001445e+00
1.001457e+00
1.001463e+00
1.001466e+00
1.001513e+00
1.001480e+00
1.001503e+00
1.001520e+00
1.001534e+00
1.001548e+00
1.001618e+00
1.001618e+00
1.001637e+00
1.001581e+00
1.001568e+00
1.001539e+00
1.001534e+00
1.001543e+00
1.001571e+00
1.001561e+00
1.001594e+00
1.001584e+00
1.001576e+00
1.001560e+00
1.001575e+00
1.001576e+00
1.001572e+00
1.001537e+00
1.001526e+00
1.001506e+00
1.001487e+00
1.001484e+00
1.001504e+00
1.001529e+00
1.001548e+00
1.001592e+00
1.001554e+00
1.001351e+00
1.001287e+00
1.001256e+00
1.001247e+00
1.001243e+00
1.001277e+00
1.001312e+00
1.001339e+00
1.001307e+00
1.001300e+00
1.001258e+00
1.001264e+00
1.001212e+00
1.001176e+00
1.001034e+00
1.000887e+00
1.000792e+00
1.000663e+00
1.000528e+00
1.000472e+00
1.000413e+00
1.000386e+00
1.000347e+00
1.000323e+00
1.000315e+00
1.000295e+00
1.000284e+00
1.000276e+00
1.000267e+00
1.000267e+00
1.000266e+00
1.000257e+00
1.000250e+00
1.000247e+00
1.000238e+00
1.000198e+00
1.000180e+00
1.000176e+00
1.000142e+00
1.000141e+00
1.000136e+00
1.000139e+00
1.000125e+00
1.000139e+00
1.000130e+00
1.000123e+00
1.000122e+00
1.000119e+00
1.000122e+00
1.000114e+00
1.000135e+00
1.000135e+00
1.000137e+00
1.000151e+00
1.000158e+00
1.000171e+00
1.000172e+00
1.000204e+00
1.000194e+00
1.000200e+00
1.000199e+00
1.000189e+00
1.000193e+00
1.000187e+00
1.000201e+00
1.000194e+00
1.000202e+00
1.000203e+00
1.000195e+00
1.000193e+00
1.000169e+00
1.000154e+00
1.000136e+00
1.000122e+00
1.000113e+00
1.000106e+00
1.000104e+00
1.000102e+00
1.000094e+00
1.000101e+00
1.000090e+00
1.000102e+00
1.000093e+00
1.000106e+00
1.000105e+00
1.000114e+00
1.000120e+00
1.000103e+00
1.000112e+00
1.000095e+00
1.000105e+00
1.000103e+00
1.000112e+00
1.000117e+00
1.000111e+00
1.000117e+00
1.000102e+00
1.000116e+00
1.000118e+00
1.000110e+00
1.000117e+00
1.000107e+00
1.000110e+00
1.000108e+00
1.000111e+00
1.000111e+00
1.000113e+00
1.000114e+00
1.000116e+00
1.000118e+00
1.000120e+00
1.000128e+00
1.000133e+00
1.000136e+00
1.000154e+00
1.000157e+00
1.000188e+00
1.000190e+00
1.000193e+00
1.000231e+00
1.000235e+00
1.000258e+00
1.000296e+00
1.000302e+00
1.000367e+00
1.000379e+00
1.000389e+00
1.000451e+00
1.000452e+00
1.000470e+00
1.000506e+00
1.000516e+00
1.000548e+00
1.000587e+00
1.000637e+00
1.000704e+00
1.000780e+00
1.000847e+00
1.000945e+00
1.001035e+00
1.001129e+00
1.001266e+00
1.001328e+00
1.001369e+00
1.001318e+00
1.001288e+00
1.001258e+00
1.001214e+00
1.001188e+00
1.001135e+00
1.001122e+00
1.001110e+00
1.001102e+00
1.001101e+00
1.001117e+00
1.001128e+00
1.001145e+00
1.001173e+00
1.001191e+00
1.001249e+00
1.001258e+00
1.001275e+00
1.001287e+00
1.001298e+00
1.001315e+00
1.001342e+00
1.001363e+00
1.001377e+00
1.001395e+00
1.001391e+00
1.001404e+00
1.001415e+00
1.001402e+00
1.001405e+00
1.001421e+00
1.001433e+00
1.001442e+00
1.001459e+00
1.001483e+00
1.001504e+00
1.001483e+00
1.001504e+00
1.001565e+00
1.001564e+00
1.001546e+00
1.001561e+00
1.001559e+00
1.001548e+00
1.001546e+00
1.001546e+00
1.001569e+00
1.001545e+00
1.001560e+00
1.001554e+00
1.001581e+00
1.001587e+00
1.001631e+00
1.001618e+00
1.001649e+00
1.001562e+00
1.001548e+00
1.001541e+00
1.001540e+00
1.001536e+00
1.001610e+00
1.001644e+00
1.001632e+00
1.001570e+00
1.001472e+00
1.001379e+00
1.001301e+00
1.001285e+00
1.001266e+00
1.001259e+00
1.001246e+00
1.001275e+00
1.001277e+00
1.001281e+00
1.001264e+00
1.001258e+00
1.001213e+00
1.001173e+00
1.001126e+00
1.001031e+00
1.000917e+00
1.000678e+00
1.000577e+00
1.000443e+00
1.000416e+00
1.000383e+00
1.000371e+00
1.000377e+00
1.000413e+00
1.000431e+00
1.000469e+00
1.000422e+00
1.000401e+00
1.000304e+00
1.000273e+00
1.000252e+00
1.000236e+00
1.000234e+00
1.000256e+00
1.000277e+00
1.000289e+00
1.000279e+00
1.000267e+00
1.000222e+00
1.000198e+00
1.000168e+00
1.000156e+00
1.000150e+00
1.000129e+00
1.000128e+00
1.000106e+00
1.000103e+00
1.000082e+00
1.000086e+00
1.000080e+00
1.000075e+00
1.000077e+00
1.000055e+00
1.000062e+00
1.000047e+00
1.000064e+00
1.000047e+00
1.000073e+00
1.000072e+00
1.000075e+00
1.000080e+00
1.000067e+00
1.000077e+00
1.000057e+00
1.000072e+00
1.000049e+00
1.000065e+00
1.000051e+00
1.000060e+00
1.000059e+00
1.000064e+00
1.000085e+00
1.000088e+00
1.000113e+00
1.000111e+00
1.000155e+00
1.000155e+00
1.000208e+00
1.000222e+00
1.000293e+00
1.000314e+00
1.000383e+00
1.000423e+00
1.000435e+00
1.000437e+00
1.000433e+00
1.000455e+00
1.000458e+00
1.000447e+00
1.000482e+00
1.000483e+00
1.000500e+00
1.000496e+00
1.000507e+00
1.000506e+00
1.000480e+00
1.000499e+00
1.000470e+00
1.000471e+00
1.000449e+00
1.000427e+00
1.000385e+00
1.000345e+00
1.000291e+00
1.000234e+00
1.000191e+00
1.000170e+00
1.000135e+00
1.000129e+00
1.000116e+00
1.000111e+00
1.000105e+00
1.000107e+00
1.000109e+00
1.000108e+00
1.000115e+00
1.000122e+00
1.000139e+00
1.000147e+00
1.000186e+00
1.000224e+00
1.000267e+00
1.000334e+00
1.000387e+00
1.000450e+00
1.000495e+00
1.000531e+00
1.000587e+00
1.000636e+00
1.000716e+00
1.000758e+00
1.000929e+00
1.001007e+00
1.001166e+00
1.001192e+00
1.001269e+00
1.000873e+00
1.000644e+00
1.000511e+00
1.000490e+00
1.000428e+00
1.000391e+00
1.000359e+00
1.000364e+00
1.000364e+00
1.000387e+00
1.000423e+00
1.000515e+00
1.000589e+00
1.000679e+00
1.000819e+00
1.000987e+00
1.001067e+00
1.001143e+00
1.001177e+00
1.001192e+00
1.001251e+00
1.001282e+00
1.001298e+00
1.001314e+00
1.001366e+00
1.001425e+00
1.001412e+00
1.001176e+00
1.000722e+00
1.000685e+00
1.000602e+00
1.000460e+00
1.000325e+00
1.000260e+00
1.000212e+00
1.000169e+00
1.000160e+00
1.000128e+00
1.000134e+00
1.000108e+00
1.000119e+00
1.000101e+00
1.000116e+00
1.000102e+00
1.000128e+00
1.000131e+00
1.000139e+00
1.000157e+00
1.000162e+00
1.000172e+00
1.000161e+00
1.000180e+00
1.000174e+00
1.000191e+00
1.000202e+00
1.000201e+00
1.000211e+00
1.000203e+00
1.000209e+00
1.000186e+00
1.000191e+00
1.000193e+00
1.000178e+00
1.000183e+00
1.000173e+00
1.000187e+00
1.000177e+00
1.000189e+00
1.000193e+00
1.000193e+00
1.000198e+00
1.000183e+00
1.000201e+00
1.000188e+00
1.000205e+00
1.000204e+00
1.000205e+00
1.000209e+00
1.000194e+00
1.000209e+00
1.000194e+00
1.000213e+00
1.000210e+00
1.000213e+00
1.000215e+00
1.000201e+00
1.000214e+00
1.000200e+00
1.000219e+00
1.000219e+00
1.000229e+00
1.000232e+00
1.000250e+00
1.000266e+00
1.000270e+00
1.000325e+00
1.000327e+00
1.000345e+00
1.000362e+00
1.000375e+00
1.000399e+00
1.000397e+00
1.000412e+00
1.000425e+00
1.000433e+00
1.000447e+00
1.000463e+00
1.000479e+00
1.000510e+00
1.000495e+00
1.000511e+00
1.000543e+00
1.000527e+00
1.000540e+00
1.000574e+00
1.000566e+00
1.000579e+00
1.000593e+00
1.000595e+00
1.000609e+00
1.000578e+00
1.000574e+00
1.000457e+00
1.000437e+00
1.000283e+00
1.000238e+00
1.000226e+00
1.000174e+00
1.000163e+00
1.000160e+00
1.000156e+00
1.000157e+00
1.000161e+00
1.000164e+00
1.000163e+00
1.000169e+00
1.000168e+00
1.000185e+00
1.000192e+00
1.000214e+00
1.000236e+00
1.000242e+00
1.000280e+00
1.000291e+00
1.000346e+00
1.000368e+00
1.000394e+00
1.000510e+00
1.000512e+00
1.000539e+00
1.000605e+00
1.000611e+00
1.000648e+00
1.000718e+00
1.000596e+00
1.000573e+00
1.000540e+00
1.000517e+00
1.000503e+00
1.000511e+00
1.000417e+00
1.000377e+00
1.000318e+00
1.000292e+00
1.000258e+00
1.000255e+00
1.000227e+00
1.000234e+00
1.000214e+00
1.000209e+00
1.000201e+00
1.000197e+00
1.000195e+00
1.000185e+00
1.000192e+00
1.000168e+00
1.000178e+00
1.000165e+00
1.000174e+00
1.000169e+00
1.000179e+00
1.000186e+00
1.000189e+00
1.000210e+00
1.000234e+00
1.000296e+00
1.000317e+00
1.000522e+00
1.000611e+00
1.000655e+00
1.000709e+00
1.000780e+00
1.000895e+00
1.000950e+00
1.001131e+00
1.001178e+00
1.001212e+00
1.001217e+00
1.001253e+00
1.001276e+00
1.001321e+00
1.001346e+00
1.001361e+00
1.001394e+00
1.001387e+00
1.001373e+00
1.000637e+00
1.000607e+00
1.000559e+00
1.000546e+00
1.000538e+00
1.000583e+00
1.000605e+00
1.000690e+00
1.000746e+00
1.000823e+00
1.000798e+00
1.000791e+00
1.000793e+00
1.000805e+00
1.000800e+00
1.000821e+00
1.000817e+00
1.000800e+00
1.000803e+00
1.000824e+00
1.000825e+00
1.000839e+00
1.000844e+00
1.000834e+00
1.000833e+00
1.000825e+00
1.000827e+00
1.000821e+00
1.000786e+00
1.000732e+00
1.000547e+00
1.000517e+00
1.000398e+00
1.000383e+00
1.000338e+00
1.000314e+00
1.000299e+00
1.000283e+00
1.000272e+00
1.000252e+00
1.000256e+00
1.000249e+00
1.000239e+00
1.000238e+00
1.000238e+00
1.000234e+00
1.000235e+00
1.000239e+00
1.000245e+00
1.000280e+00
1.000300e+00
1.000332e+00
1.000452e+00
1.000507e+00
1.000567e+00
1.000635e+00
1.000675e+00
1.000768e+00
1.000880e+00
1.001014e+00
1.001128e+00
1.001209e+00
1.001255e+00
1.001285e+00
1.001297e+00
1.001349e+00
1.001372e+00
1.001389e+00
1.001434e+00
1.001365e+00
1.000702e+00
1.000635e+00
1.000621e+00
1.000480e+00
1.000445e+00
1.000385e+00
1.000353e+00
1.000266e+00
1.000237e+00
1.000233e+00
1.000206e+00
1.000200e+00
1.000217e+00
1.000231e+00
1.000232e+00
1.000269e+00
1.000283e+00
1.000315e+00
1.000316e+00
1.000311e+00
1.000308e+00
1.000299e+00
1.000300e+00
1.000299e+00
1.000300e+00
1.000325e+00
1.000336e+00
1.000335e+00
1.000384e+00
1.000400e+00
1.000403e+00
1.000454e+00
1.000477e+00
1.000484e+00
1.000528e+00
1.000536e+00
1.000506e+00
1.000515e+00
1.000528e+00
1.000525e+00
1.000537e+00
1.000597e+00
1.000615e+00
1.000620e+00
1.000618e+00
1.000601e+00
1.000594e+00
1.000592e+00
1.000592e+00
1.000649e+00
1.000752e+00
1.000708e+00
1.000643e+00
1.000633e+00
1.000630e+00
1.000635e+00
1.000680e+00
1.000825e+00
1.000947e+00
1.001066e+00
1.001173e+00
1.001280e+00
1.001424e+00
1.001480e+00
1.001517e+00
1.001543e+00
1.001553e+00
1.001532e+00
1.001519e+00
1.001517e+00
1.001495e+00
1.001472e+00
1.000927e+00
1.000885e+00
1.000883e+00
1.000882e+00
1.000882e+00
1.000982e+00
1.001200e+00
1.001269e+00
1.001331e+00
1.001342e+00
1.001366e+00
1.001362e+00
1.001385e+00
1.001393e+00
1.001433e+00
1.001428e+00
1.001478e+00
1.001468e+00
1.001473e+00
1.001477e+00
1.001484e+00
1.001516e+00
1.001552e+00
1.001596e+00
1.001650e+00
1.001675e+00
1.001675e+00
1.001675e+00
1.001675e+00
1.001675e+00
1.001675e+00
1.001675e+00
1.001675e+00
1.001675e+00
1.001675e+00
1.001675e+00
1.001675e+00
1.001675e+00
1.001675e+00
1.001675e+00
1.001675e+00
1.001675e+00
1.001675e+00
1.001675e+00
1.001675e+00
1.001675e+00
1.001675e+00
1.001675e+00
1.001675e+00
1.001675e+00
