0.068000 1
0.252000 3
0.376000 3
0.540000 2
0.656000 3
0.784000 3
0.884000 3
0.996000 2
1.224000 2
1.412000 3
1.504000 1
1.536000 1
2.500000e+00 -1
2.720000 1
2.880000 3
3.080000 3
3.376000 2
3.516000 2
3.696000 1
3.744000 1
4.328000e+00 -1
4.440000 3
4.540000 3
4.684000 3
4.784000 3
4.964000 3
5.104000 3
5.228000 1
5.384000 3
5.456000 3
5.612000 1
5.796000 3
5.940000 3
6.156000 2
6.288000 3
6.444000 2
6.568000 3
6.760000 3
7.012000 1
7.208000 3
7.336000 3
7.452000 2
7.548000 3
7.712000 3
7.916000 2
8.052000 3
8.220000 3
8.316000 3
8.436000 2
8.564000 3
8.740000 1
8.884000 2
9.028000 3
9.180000 1
9.384000 3
9.472000 3
9.608000 3
9.684000 3
9.808000 3
9.940000 1
10.096000 1
10.220000 3
10.324000 3
10.496000 1
10.672000 3
10.932000 1
10.968000 1
