
1.001575e+00
1.001575e+00
1.001575e+00
1.001575e+00
1.001575e+00
1.001575e+00
1.001575e+00
1.001575e+00
1.001575e+00
1.001575e+00
1.001575e+00
1.001575e+00
1.001575e+00
1.001575e+00
1.001575e+00
1.001575e+00
1.001575e+00
1.001575e+00
1.001575e+00
1.001575e+00
1.001575e+00
1.001575e+00
1.001537e+00
1.001486e+00
1.001478e+00
1.001453e+00
1.001483e+00
1.001496e+00
1.001535e+00
1.001387e+00
1.000739e+00
1.000694e+00
1.000548e+00
1.000383e+00
1.000369e+00
1.000302e+00
1.000296e+00
1.000251e+00
1.000269e+00
1.000227e+00
1.000246e+00
1.000207e+00
1.000229e+00
1.000187e+00
1.000211e+00
1.000173e+00
1.000196e+00
1.000160e+00
1.000186e+00
1.000150e+00
1.000177e+00
1.000145e+00
1.000173e+00
1.000141e+00
1.000169e+00
1.000139e+00
1.000165e+00
1.000136e+00
1.000164e+00
1.000135e+00
1.000162e+00
1.000132e+00
1.000158e+00
1.000127e+00
1.000153e+00
1.000123e+00
1.000148e+00
1.000119e+00
1.000131e+00
1.000113e+00
1.000107e+00
1.000068e+00
1.000060e+00
1.000041e+00
1.000026e+00
1.000025e+00
1.000020e+00
1.000021e+00
1.000016e+00
1.000021e+00
1.000012e+00
1.000023e+00
1.000009e+00
1.000024e+00
1.000011e+00
1.000023e+00
1.000017e+00
1.000030e+00
1.000027e+00
1.000040e+00
1.000043e+00
1.000057e+00
1.000081e+00
1.000084e+00
1.000105e+00
1.000110e+00
1.000119e+00
1.000111e+00
1.000114e+00
1.000126e+00
1.000121e+00
1.000121e+00
1.000122e+00
1.000130e+00
1.000124e+00
1.000121e+00
1.000132e+00
1.000106e+00
1.000096e+00
1.000081e+00
1.000066e+00
1.000051e+00
1.000032e+00
1.000029e+00
1.000012e+00
1.000010e+00
1.000007e+00
1.000016e+00
1.000015e+00
1.000014e+00
1.000023e+00
1.000013e+00
1.000014e+00
1.000015e+00
1.000023e+00
1.000024e+00
1.000024e+00
1.000038e+00
1.000024e+00
1.000035e+00
1.000025e+00
1.000037e+00
1.000031e+00
1.000041e+00
1.000045e+00
1.000051e+00
1.000065e+00
1.000068e+00
1.000096e+00
1.000104e+00
1.000146e+00
1.000162e+00
1.000215e+00
1.000232e+00
1.000280e+00
1.000289e+00
1.000321e+00
1.000342e+00
1.000365e+00
1.000386e+00
1.000388e+00
1.000402e+00
1.000405e+00
1.000371e+00
1.000363e+00
1.000322e+00
1.000240e+00
1.000224e+00
1.000160e+00
1.000142e+00
1.000098e+00
1.000094e+00
1.000069e+00
1.000066e+00
1.000064e+00
1.000050e+00
1.000051e+00
1.000043e+00
1.000043e+00
1.000028e+00
1.000044e+00
1.000039e+00
1.000049e+00
1.000059e+00
1.000060e+00
1.000071e+00
1.000066e+00
1.000077e+00
1.000070e+00
1.000090e+00
1.000095e+00
1.000107e+00
1.000121e+00
1.000125e+00
1.000144e+00
1.000136e+00
1.000167e+00
1.000167e+00
1.000213e+00
1.000220e+00
1.000294e+00
1.000313e+00
1.000384e+00
1.000498e+00
1.000540e+00
1.000643e+00
1.000668e+00
1.000703e+00
1.000870e+00
1.000950e+00
1.001001e+00
1.001147e+00
1.001218e+00
1.001252e+00
1.001270e+00
1.001285e+00
1.000592e+00
1.000578e+00
1.000568e+00
1.000560e+00
1.000550e+00
1.000640e+00
1.000645e+00
1.000654e+00
1.000658e+00
1.000668e+00
1.000683e+00
1.000677e+00
1.000691e+00
1.000680e+00
1.000593e+00
1.000412e+00
1.000387e+00
1.000314e+00
1.000286e+00
1.000258e+00
1.000244e+00
1.000225e+00
1.000222e+00
1.000216e+00
1.000206e+00
1.000213e+00
1.000194e+00
1.000205e+00
1.000165e+00
1.000161e+00
1.000128e+00
1.000123e+00
1.000106e+00
1.000115e+00
1.000112e+00
1.000126e+00
1.000138e+00
1.000141e+00
1.000152e+00
1.000149e+00
1.000160e+00
1.000157e+00
1.000161e+00
1.000162e+00
1.000162e+00
1.000162e+00
1.000160e+00
1.000164e+00
1.000172e+00
1.000183e+00
1.000191e+00
1.000212e+00
1.000229e+00
1.000231e+00
1.000257e+00
1.000267e+00
1.000275e+00
1.000293e+00
1.000294e+00
1.000320e+00
1.000314e+00
1.000321e+00
1.000349e+00
1.000354e+00
1.000366e+00
1.000417e+00
1.000431e+00
1.000439e+00
1.000489e+00
1.000510e+00
1.000516e+00
1.000588e+00
1.000624e+00
1.000637e+00
1.000615e+00
1.000621e+00
1.000620e+00
1.000619e+00
1.000628e+00
1.000680e+00
1.000768e+00
1.000838e+00
1.000877e+00
1.000902e+00
1.000917e+00
1.000922e+00
1.000955e+00
1.000983e+00
1.000962e+00
1.000931e+00
1.000907e+00
1.000881e+00
1.000879e+00
1.000888e+00
1.000902e+00
1.000901e+00
1.000921e+00
1.000917e+00
1.000910e+00
1.000918e+00
1.000947e+00
1.000974e+00
1.001021e+00
1.001102e+00
1.001153e+00
1.001220e+00
1.001277e+00
1.001335e+00
1.001367e+00
1.001396e+00
1.001419e+00
1.001443e+00
1.001471e+00
1.001482e+00
1.001505e+00
1.001497e+00
1.001498e+00
1.001506e+00
1.001565e+00
1.001579e+00
1.001645e+00
1.001528e+00
1.001523e+00
1.001522e+00
1.001520e+00
1.001504e+00
1.001583e+00
1.001592e+00
1.001555e+00
1.001540e+00
1.001567e+00
1.001570e+00
1.001560e+00
1.001616e+00
1.001657e+00
1.001554e+00
1.001544e+00
1.001512e+00
1.001495e+00
1.001492e+00
1.001535e+00
1.001544e+00
1.001611e+00
1.001624e+00
1.001625e+00
1.001619e+00
1.001618e+00
1.001540e+00
1.001501e+00
1.001466e+00
1.001441e+00
1.001429e+00
1.001442e+00
1.001452e+00
1.001459e+00
1.001477e+00
1.001497e+00
1.001497e+00
1.001525e+00
1.001535e+00
1.001559e+00
1.001539e+00
1.001550e+00
1.001548e+00
1.001598e+00
1.001584e+00
1.001548e+00
1.001543e+00
1.001518e+00
1.001520e+00
1.001489e+00
1.001514e+00
1.001516e+00
1.001525e+00
1.001496e+00
1.001532e+00
1.001544e+00
1.001555e+00
1.001570e+00
1.001662e+00
1.001671e+00
1.001626e+00
1.001625e+00
1.001623e+00
1.001582e+00
1.001587e+00
1.001604e+00
1.001592e+00
1.001594e+00
1.001575e+00
1.001571e+00
1.001564e+00
1.001540e+00
1.001516e+00
1.001540e+00
1.001537e+00
1.001550e+00
1.001586e+00
1.001614e+00
1.001589e+00
1.001544e+00
1.001527e+00
1.001514e+00
1.001527e+00
1.001546e+00
1.001570e+00
1.001554e+00
1.001579e+00
1.001579e+00
1.001573e+00
1.001548e+00
1.001531e+00
1.001503e+00
1.001502e+00
1.001493e+00
1.001522e+00
1.001533e+00
1.001553e+00
1.001547e+00
1.001548e+00
1.001532e+00
1.001548e+00
1.001555e+00
1.001550e+00
1.001548e+00
1.001515e+00
1.001526e+00
1.001519e+00
1.001518e+00
1.001522e+00
1.001562e+00
1.001552e+00
1.001553e+00
1.001555e+00
1.001565e+00
1.001573e+00
1.001587e+00
1.001607e+00
1.001599e+00
1.001582e+00
1.001511e+00
1.001496e+00
1.001491e+00
1.001495e+00
1.001504e+00
1.001540e+00
1.001561e+00
1.001557e+00
1.001552e+00
1.001552e+00
1.001571e+00
1.001477e+00
1.001443e+00
1.000876e+00
1.000861e+00
1.000859e+00
1.000857e+00
1.000854e+00
1.000905e+00
1.000912e+00
1.000876e+00
1.000866e+00
1.000839e+00
1.000813e+00
1.000658e+00
1.000404e+00
1.000328e+00
1.000248e+00
1.000219e+00
1.000180e+00
1.000160e+00
1.000145e+00
1.000132e+00
1.000123e+00
1.000115e+00
1.000116e+00
1.000108e+00
1.000120e+00
1.000107e+00
1.000120e+00
1.000112e+00
1.000133e+00
1.000146e+00
1.000193e+00
1.000222e+00
1.000331e+00
1.000394e+00
1.000447e+00
1.000551e+00
1.000589e+00
1.000682e+00
1.000732e+00
1.000769e+00
1.000834e+00
1.000978e+00
1.001063e+00
1.001129e+00
1.001270e+00
1.001295e+00
1.001297e+00
1.001338e+00
1.001395e+00
1.001390e+00
1.001396e+00
1.001436e+00
1.001448e+00
1.001456e+00
1.001479e+00
1.001449e+00
1.001452e+00
1.001436e+00
1.001425e+00
1.001424e+00
1.001455e+00
1.001469e+00
1.001503e+00
1.001491e+00
1.001498e+00
1.001538e+00
1.001477e+00
1.001451e+00
1.001407e+00
1.000872e+00
1.000767e+00
1.000469e+00
1.000329e+00
1.000217e+00
1.000171e+00
1.000121e+00
1.000101e+00
1.000077e+00
1.000069e+00
1.000055e+00
1.000051e+00
1.000047e+00
1.000029e+00
1.000035e+00
1.000018e+00
1.000028e+00
1.000013e+00
1.000035e+00
1.000014e+00
1.000037e+00
1.000014e+00
1.000025e+00
1.000012e+00
1.000016e+00
1.000017e+00
1.000015e+00
1.000020e+00
1.000008e+00
1.000021e+00
1.000000e+00
1.000024e+00
1.000007e+00
1.000039e+00
1.000022e+00
1.000057e+00
1.000034e+00
1.000061e+00
1.000037e+00
1.000062e+00
1.000041e+00
1.000067e+00
1.000049e+00
1.000078e+00
1.000061e+00
1.000091e+00
1.000072e+00
1.000100e+00
1.000081e+00
1.000111e+00
1.000099e+00
1.000137e+00
1.000118e+00
1.000153e+00
1.000130e+00
1.000133e+00
1.000122e+00
1.000122e+00
1.000115e+00
1.000110e+00
1.000118e+00
1.000102e+00
1.000120e+00
1.000100e+00
1.000124e+00
1.000100e+00
1.000129e+00
1.000102e+00
1.000134e+00
1.000105e+00
1.000133e+00
1.000110e+00
1.000128e+00
1.000117e+00
1.000132e+00
1.000128e+00
1.000130e+00
1.000142e+00
1.000128e+00
1.000146e+00
1.000131e+00
1.000150e+00
1.000135e+00
1.000154e+00
1.000141e+00
1.000157e+00
1.000153e+00
1.000152e+00
1.000169e+00
1.000154e+00
1.000167e+00
1.000157e+00
1.000170e+00
1.000158e+00
1.000175e+00
1.000171e+00
1.000190e+00
1.000201e+00
1.000207e+00
1.000222e+00
1.000219e+00
1.000228e+00
1.000219e+00
1.000233e+00
1.000219e+00
1.000235e+00
1.000218e+00
1.000231e+00
1.000219e+00
1.000223e+00
1.000214e+00
1.000214e+00
1.000220e+00
1.000207e+00
1.000226e+00
1.000205e+00
1.000222e+00
1.000206e+00
1.000184e+00
1.000180e+00
1.000162e+00
1.000160e+00
1.000139e+00
1.000149e+00
1.000150e+00
1.000143e+00
1.000146e+00
1.000144e+00
1.000150e+00
1.000149e+00
1.000149e+00
1.000147e+00
1.000152e+00
1.000148e+00
1.000145e+00
1.000147e+00
1.000141e+00
1.000146e+00
1.000146e+00
1.000139e+00
1.000160e+00
1.000166e+00
1.000175e+00
1.000194e+00
1.000206e+00
1.000233e+00
1.000244e+00
1.000306e+00
1.000319e+00
1.000385e+00
1.000443e+00
1.000468e+00
1.000516e+00
1.000511e+00
1.000526e+00
1.000531e+00
1.000525e+00
1.000504e+00
1.000448e+00
1.000445e+00
1.000335e+00
1.000330e+00
1.000284e+00
1.000252e+00
1.000229e+00
1.000200e+00
1.000190e+00
1.000148e+00
1.000148e+00
1.000131e+00
1.000144e+00
1.000125e+00
1.000146e+00
1.000144e+00
1.000137e+00
1.000135e+00
1.000129e+00
1.000138e+00
1.000127e+00
1.000145e+00
1.000154e+00
1.000161e+00
1.000169e+00
1.000180e+00
1.000190e+00
1.000192e+00
1.000229e+00
1.000233e+00
1.000286e+00
1.000307e+00
1.000317e+00
1.000389e+00
1.000407e+00
1.000418e+00
1.000443e+00
1.000457e+00
1.000482e+00
1.000485e+00
1.000516e+00
1.000547e+00
1.000567e+00
1.000562e+00
1.000559e+00
1.000554e+00
1.000554e+00
1.000557e+00
1.000528e+00
1.000525e+00
1.000517e+00
1.000472e+00
1.000440e+00
1.000381e+00
1.000372e+00
1.000288e+00
1.000279e+00
1.000270e+00
1.000202e+00
1.000201e+00
1.000167e+00
1.000159e+00
1.000154e+00
1.000156e+00
1.000153e+00
1.000167e+00
1.000166e+00
1.000172e+00
1.000182e+00
1.000178e+00
1.000196e+00
1.000194e+00
1.000192e+00
1.000215e+00
1.000227e+00
1.000259e+00
1.000304e+00
1.000331e+00
1.000445e+00
1.000489e+00
1.000590e+00
1.000677e+00
1.000711e+00
1.000826e+00
1.000975e+00
1.001034e+00
1.001116e+00
1.001179e+00
1.001201e+00
1.001244e+00
1.001299e+00
1.001310e+00
1.001338e+00
1.001379e+00
1.000872e+00
1.000716e+00
1.000595e+00
1.000512e+00
1.000474e+00
1.000348e+00
1.000318e+00
1.000257e+00
1.000251e+00
1.000206e+00
1.000218e+00
1.000189e+00
1.000200e+00
1.000185e+00
1.000185e+00
1.000181e+00
1.000163e+00
1.000161e+00
1.000147e+00
1.000146e+00
1.000143e+00
1.000152e+00
1.000153e+00
1.000161e+00
1.000176e+00
1.000182e+00
1.000211e+00
1.000227e+00
1.000261e+00
1.000290e+00
1.000310e+00
1.000371e+00
1.000393e+00
1.000485e+00
1.000545e+00
1.000591e+00
1.000692e+00
1.000726e+00
1.000779e+00
1.000811e+00
1.000978e+00
1.001047e+00
1.001075e+00
1.001165e+00
1.001223e+00
1.001290e+00
1.001320e+00
1.001373e+00
1.001395e+00
1.001417e+00
1.001405e+00
1.001407e+00
1.001247e+00
1.000494e+00
1.000467e+00
1.000462e+00
1.000461e+00
1.000458e+00
1.000569e+00
1.000612e+00
1.000570e+00
1.000465e+00
1.000435e+00
1.000408e+00
1.000362e+00
1.000356e+00
1.000363e+00
1.000354e+00
1.000359e+00
1.000381e+00
1.000377e+00
1.000381e+00
1.000385e+00
1.000385e+00
1.000397e+00
1.000367e+00
1.000363e+00
1.000338e+00
1.000319e+00
1.000279e+00
1.000276e+00
1.000248e+00
1.000232e+00
1.000225e+00
1.000209e+00
1.000207e+00
1.000204e+00
1.000223e+00
1.000216e+00
1.000256e+00
1.000254e+00
1.000286e+00
1.000276e+00
1.000301e+00
1.000290e+00
1.000302e+00
1.000309e+00
1.000307e+00
1.000326e+00
1.000322e+00
1.000342e+00
1.000297e+00
1.000295e+00
1.000255e+00
1.000228e+00
1.000209e+00
1.000203e+00
1.000201e+00
1.000191e+00
1.000210e+00
1.000197e+00
1.000214e+00
1.000212e+00
1.000227e+00
1.000227e+00
1.000246e+00
1.000253e+00
1.000259e+00
1.000279e+00
1.000287e+00
1.000306e+00
1.000312e+00
1.000334e+00
1.000339e+00
1.000345e+00
1.000378e+00
1.000364e+00
1.000378e+00
1.000402e+00
1.000404e+00
1.000426e+00
1.000436e+00
1.000448e+00
1.000470e+00
1.000466e+00
1.000480e+00
1.000516e+00
1.000502e+00
1.000526e+00
1.000570e+00
1.000565e+00
1.000593e+00
1.000636e+00
1.000627e+00
1.000642e+00
1.000679e+00
1.000710e+00
1.000779e+00
1.000951e+00
1.001071e+00
1.001171e+00
1.001276e+00
1.001398e+00
1.000930e+00
1.000894e+00
1.000888e+00
1.000887e+00
1.000886e+00
1.000989e+00
1.001127e+00
1.001203e+00
1.001186e+00
1.001164e+00
1.001155e+00
1.001159e+00
1.001178e+00
1.001206e+00
1.001273e+00
1.001282e+00
1.001285e+00
1.001286e+00
1.001306e+00
1.001311e+00
1.001356e+00
1.001373e+00
1.001409e+00
1.001483e+00
1.001506e+00
1.001501e+00
1.001506e+00
1.001510e+00
1.001521e+00
1.001533e+00
1.001499e+00
1.001524e+00
1.001490e+00
1.001462e+00
1.001460e+00
1.001482e+00
1.001418e+00
1.001427e+00
1.001445e+00
1.001434e+00
1.001391e+00
1.001436e+00
1.001438e+00
1.001437e+00
1.001448e+00
1.001560e+00
1.001496e+00
1.001469e+00
1.001470e+00
1.001471e+00
1.001482e+00
1.001516e+00
1.001557e+00
1.001531e+00
1.001526e+00
1.001523e+00
1.001524e+00
1.001501e+00
1.001488e+00
1.001465e+00
1.001459e+00
1.001464e+00
1.001461e+00
1.001476e+00
1.001476e+00
1.001478e+00
1.001477e+00
1.001463e+00
1.001476e+00
1.001511e+00
1.001525e+00
1.001525e+00
1.001559e+00
1.001557e+00
1.001548e+00
1.001504e+00
1.001509e+00
1.001532e+00
1.001526e+00
1.001503e+00
1.001530e+00
1.001512e+00
1.001531e+00
1.001534e+00
1.001492e+00
1.001487e+00
1.001502e+00
1.001478e+00
1.001464e+00
1.001476e+00
1.001473e+00
1.001466e+00
1.001481e+00
1.001498e+00
1.001557e+00
1.001549e+00
1.001574e+00
1.001575e+00
1.001508e+00
1.001499e+00
1.001513e+00
1.001484e+00
1.001463e+00
1.001472e+00
1.001432e+00
1.001422e+00
1.001435e+00
1.001444e+00
1.001457e+00
1.001519e+00
1.001530e+00
1.001518e+00
1.001518e+00
1.001469e+00
1.001454e+00
1.001429e+00
1.001434e+00
1.001444e+00
1.001479e+00
1.001488e+00
1.001541e+00
1.001524e+00
1.001492e+00
1.001481e+00
1.001488e+00
1.001470e+00
1.001452e+00
1.001467e+00
1.001475e+00
1.001465e+00
1.001495e+00
1.001542e+00
1.001473e+00
1.001477e+00
1.001482e+00
1.001484e+00
1.001482e+00
1.001566e+00
1.001531e+00
1.001483e+00
1.001462e+00
1.001462e+00
1.001451e+00
1.001440e+00
1.001464e+00
1.001472e+00
1.001474e+00
1.001476e+00
1.001515e+00
1.001520e+00
1.001534e+00
1.001503e+00
1.001511e+00
1.001446e+00
1.001455e+00
1.001454e+00
1.001448e+00
1.001447e+00
1.001509e+00
1.001505e+00
1.001472e+00
1.001503e+00
1.001519e+00
1.001486e+00
1.001485e+00
1.001524e+00
1.001485e+00
1.001387e+00
1.001321e+00
1.001225e+00
1.001082e+00
1.001010e+00
1.000947e+00
1.000893e+00
1.000824e+00
1.000780e+00
1.000766e+00
1.000729e+00
1.000705e+00
1.000696e+00
1.000675e+00
1.000641e+00
1.000624e+00
1.000598e+00
1.000569e+00
1.000550e+00
1.000547e+00
1.000512e+00
1.000504e+00
1.000488e+00
1.000479e+00
1.000469e+00
1.000474e+00
1.000453e+00
1.000455e+00
1.000444e+00
1.000436e+00
1.000427e+00
1.000418e+00
1.000408e+00
1.000395e+00
1.000378e+00
1.000371e+00
1.000369e+00
1.000374e+00
1.000386e+00
1.000416e+00
1.000450e+00
1.000513e+00
1.000561e+00
1.000562e+00
1.000372e+00
1.000335e+00
1.000262e+00
1.000242e+00
1.000202e+00
1.000206e+00
1.000177e+00
1.000192e+00
1.000167e+00
1.000186e+00
1.000156e+00
1.000166e+00
1.000135e+00
1.000136e+00
1.000114e+00
1.000121e+00
1.000118e+00
1.000110e+00
1.000121e+00
1.000109e+00
1.000113e+00
1.000091e+00
1.000103e+00
1.000076e+00
1.000079e+00
1.000072e+00
1.000074e+00
1.000079e+00
1.000085e+00
1.000095e+00
1.000086e+00
1.000096e+00
1.000078e+00
1.000082e+00
1.000083e+00
1.000075e+00
1.000082e+00
1.000077e+00
1.000082e+00
1.000070e+00
1.000084e+00
1.000084e+00
1.000082e+00
1.000088e+00
1.000081e+00
1.000087e+00
1.000074e+00
1.000087e+00
1.000087e+00
1.000099e+00
1.000104e+00
1.000108e+00
1.000125e+00
1.000121e+00
1.000140e+00
1.000144e+00
1.000161e+00
1.000173e+00
1.000181e+00
1.000199e+00
1.000200e+00
1.000234e+00
1.000237e+00
1.000280e+00
1.000292e+00
1.000356e+00
1.000361e+00
1.000393e+00
1.000461e+00
1.000476e+00
1.000510e+00
1.000531e+00
1.000529e+00
1.000525e+00
1.000497e+00
1.000485e+00
1.000462e+00
1.000464e+00
1.000444e+00
1.000443e+00
1.000450e+00
1.000466e+00
1.000465e+00
1.000491e+00
1.000517e+00
1.000534e+00
1.000562e+00
1.000610e+00
1.000650e+00
1.000724e+00
1.000812e+00
1.000912e+00
1.000972e+00
1.001132e+00
1.001305e+00
1.001365e+00
1.001379e+00
1.001400e+00
1.001410e+00
1.001451e+00
1.001494e+00
1.000946e+00
1.000934e+00
1.000926e+00
1.000912e+00
1.000810e+00
1.000782e+00
1.000718e+00
1.000656e+00
1.000612e+00
1.000605e+00
1.000595e+00
1.000589e+00
1.000603e+00
1.000631e+00
1.000641e+00
1.000647e+00
1.000656e+00
1.000649e+00
1.000648e+00
1.000601e+00
1.000571e+00
1.000466e+00
1.000418e+00
1.000390e+00
1.000330e+00
1.000311e+00
1.000290e+00
1.000292e+00
1.000268e+00
1.000287e+00
1.000279e+00
1.000271e+00
1.000267e+00
1.000260e+00
1.000258e+00
1.000248e+00
1.000255e+00
1.000255e+00
1.000255e+00
1.000256e+00
1.000266e+00
1.000266e+00
1.000269e+00
1.000273e+00
1.000276e+00
1.000281e+00
1.000282e+00
1.000286e+00
1.000315e+00
1.000313e+00
1.000339e+00
1.000397e+00
1.000419e+00
1.000485e+00
1.000627e+00
1.000669e+00
1.000722e+00
1.000892e+00
1.000952e+00
1.001033e+00
1.001175e+00
1.001191e+00
1.001269e+00
1.001306e+00
1.001332e+00
1.001375e+00
1.001371e+00
1.001372e+00
1.000762e+00
1.000659e+00
1.000616e+00
1.000600e+00
1.000590e+00
1.000602e+00
1.000636e+00
1.000681e+00
1.000707e+00
1.000723e+00
1.000729e+00
1.000731e+00
1.000735e+00
1.000733e+00
1.000740e+00
1.000752e+00
1.000762e+00
1.000769e+00
1.000781e+00
1.000775e+00
1.000781e+00
1.000793e+00
1.000795e+00
1.000783e+00
1.000796e+00
1.000760e+00
1.000714e+00
1.000556e+00
1.000512e+00
1.000379e+00
1.000362e+00
1.000292e+00
1.000279e+00
1.000264e+00
1.000254e+00
1.000247e+00
1.000246e+00
1.000246e+00
1.000245e+00
1.000250e+00
1.000250e+00
1.000261e+00
1.000262e+00
1.000267e+00
1.000283e+00
1.000300e+00
1.000348e+00
1.000387e+00
1.000442e+00
1.000583e+00
1.000606e+00
1.000687e+00
1.000758e+00
1.000872e+00
1.000968e+00
1.001018e+00
1.001152e+00
1.001230e+00
1.001241e+00
1.001261e+00
1.001346e+00
1.001364e+00
1.001387e+00
1.001420e+00
1.001424e+00
1.001417e+00
1.000801e+00
1.000618e+00
1.000568e+00
1.000552e+00
1.000488e+00
1.000410e+00
1.000354e+00
1.000320e+00
1.000307e+00
1.000286e+00
1.000293e+00
1.000309e+00
1.000325e+00
1.000336e+00
1.000357e+00
1.000371e+00
1.000391e+00
1.000393e+00
1.000398e+00
1.000429e+00
1.000404e+00
1.000407e+00
1.000438e+00
1.000424e+00
1.000441e+00
1.000491e+00
1.000480e+00
1.000493e+00
1.000550e+00
1.000544e+00
1.000540e+00
1.000595e+00
1.000611e+00
1.000599e+00
1.000576e+00
1.000606e+00
1.000610e+00
1.000613e+00
1.000625e+00
1.000663e+00
1.000669e+00
1.000672e+00
1.000673e+00
1.000690e+00
1.000792e+00
1.000752e+00
1.000741e+00
1.000738e+00
1.000739e+00
1.000746e+00
1.000803e+00
1.000813e+00
1.000762e+00
1.000748e+00
1.000753e+00
1.000776e+00
1.000794e+00
1.000895e+00
1.001004e+00
1.001095e+00
1.001104e+00
1.001164e+00
1.001182e+00
1.001189e+00
1.001189e+00
1.001217e+00
1.001345e+00
1.001383e+00
1.001407e+00
1.001445e+00
1.001481e+00
1.001488e+00
1.001547e+00
1.001498e+00
1.001505e+00
1.001512e+00
1.001493e+00
1.001511e+00
1.001585e+00
1.001608e+00
1.001640e+00
1.001895e+00
1.001575e+00
1.001575e+00
1.001575e+00
1.001575e+00
1.001575e+00
1.001575e+00
1.001575e+00
1.001575e+00
1.001575e+00
1.001575e+00
1.001575e+00
1.001575e+00
1.001575e+00
1.001575e+00
1.001575e+00
1.001575e+00
1.001575e+00
1.001575e+00
1.001575e+00
1.001575e+00
1.001575e+00
1.001575e+00
1.001575e+00
1.001575e+00
1.001575e+00
