
3.371072e-01
3.381610e-01
3.397598e-01
3.420205e-01
3.452293e-01
3.499025e-01
3.568090e-01
3.669392e-01
3.814135e-01
4.013086e-01
4.274706e-01
4.602707e-01
4.993921e-01
5.436576e-01
5.909536e-01
6.382394e-01
6.816991e-01
7.170153e-01
7.397075e-01
7.455875e-01
7.311853e-01
6.941733e-01
6.336785e-01
5.504836e-01
4.470690e-01
3.274854e-01
1.970518e-01
6.195195e-02
-7.128698e-02
-1.963234e-01
-3.075400e-01
-4.004561e-01
-4.720728e-01
-5.210013e-01
-5.475076e-01
-5.533186e-01
-5.413663e-01
-5.154079e-01
-4.796154e-01
-4.381646e-01
-3.948733e-01
-3.529230e-01
-3.146940e-01
-2.816856e-01
-2.545686e-01
-2.332923e-01
-2.172687e-01
-2.055824e-01
-1.971643e-01
-1.909999e-01
-1.862148e-01
-1.821769e-01
-1.784978e-01
-1.750117e-01
-1.717162e-01
-1.686983e-01
-1.660661e-01
-1.638854e-01
-1.621386e-01
-1.607243e-01
-1.594562e-01
-1.581076e-01
-1.564317e-01
-1.542272e-01
-1.513526e-01
-1.477534e-01
-1.434750e-01
-1.386320e-01
-1.334126e-01
-1.280249e-01
-1.226785e-01
-1.175522e-01
-1.127788e-01
-1.084353e-01
-1.045466e-01
-1.010968e-01
-9.804973e-02
-9.536093e-02
-9.300059e-02
-9.095643e-02
-8.924272e-02
-8.789111e-02
-8.694206e-02
-8.643065e-02
-8.638621e-02
-8.680644e-02
-8.766960e-02
-8.894262e-02
-9.058744e-02
-9.257233e-02
-9.489951e-02
-9.760509e-02
-1.007582e-01
-1.044642e-01
-1.088174e-01
-1.138981e-01
-1.196938e-01
-1.260906e-01
-1.328148e-01
-1.394144e-01
-1.452628e-01
-1.495796e-01
-1.514841e-01
-1.500626e-01
-1.444731e-01
-1.340543e-01
-1.184090e-01
-9.750350e-02
-7.172287e-02
-4.187273e-02
-9.164197e-03
2.488086e-02
5.852783e-02
9.000115e-02
1.176339e-01
1.400300e-01
1.562045e-01
1.656729e-01
1.684938e-01
1.652457e-01
1.569511e-01
1.449483e-01
1.307163e-01
1.157118e-01
1.011952e-01
8.809206e-02
7.692462e-02
6.777786e-02
6.035512e-02
5.407720e-02
4.823512e-02
4.214969e-02
3.534812e-02
2.768389e-02
1.942153e-02
1.125012e-02
4.215770e-03
-4.047700e-04
-1.287494e-03
2.737489e-03
1.246801e-02
2.816869e-02
4.944459e-02
7.521801e-02
1.037717e-01
1.328928e-01
1.600767e-01
1.827918e-01
1.987413e-01
2.061223e-01
2.038291e-01
1.915706e-01
1.699217e-01
1.402479e-01
1.045664e-01
6.532749e-02
2.516239e-02
-1.338963e-02
-4.812144e-02
-7.734750e-02
-1.000362e-01
-1.158413e-01
-1.250774e-01
-1.285994e-01
-1.276543e-01
-1.236935e-01
-1.181813e-01
-1.124366e-01
-1.074921e-01
-1.040360e-01
-1.023718e-01
-1.024643e-01
-1.039915e-01
-1.064582e-01
-1.092842e-01
-1.119106e-01
-1.138779e-01
-1.148815e-01
-1.147839e-01
-1.136267e-01
-1.115767e-01
-1.089000e-01
-1.058987e-01
-1.028712e-01
-1.000589e-01
-9.763608e-02
-9.568651e-02
-9.422356e-02
-9.319259e-02
-9.251301e-02
-9.209503e-02
-9.187182e-02
-9.182075e-02
-9.197387e-02
-9.242526e-02
-9.331835e-02
-9.483302e-02
-9.716369e-02
-1.004819e-01
-1.049056e-01
-1.104763e-01
-1.171196e-01
-1.246304e-01
-1.326602e-01
-1.407252e-01
-1.482106e-01
-1.544159e-01
-1.585949e-01
-1.600203e-01
-1.580360e-01
-1.521318e-01
-1.420077e-01
-1.276042e-01
-1.091360e-01
-8.710173e-02
-6.225978e-02
-3.558009e-02
-8.183816e-03
1.873528e-02
4.399008e-02
6.648428e-02
8.527549e-02
9.964048e-02
1.090915e-01
1.134152e-01
1.126582e-01
1.071247e-01
9.734845e-02
8.407924e-02
6.825719e-02
5.098223e-02
3.349306e-02
1.712901e-02
3.277668e-03
-6.693100e-03
-1.151492e-02
-1.013761e-02
-1.827839e-03
1.369212e-02
3.616511e-02
6.470342e-02
9.779263e-02
1.333075e-01
1.686447e-01
2.008855e-01
2.270392e-01
2.443320e-01
2.504789e-01
2.439641e-01
2.242565e-01
1.919310e-01
1.487048e-01
9.733687e-02
4.141316e-02
-1.494447e-02
-6.747681e-02
-1.121721e-01
-1.456796e-01
-1.656257e-01
-1.708739e-01
-1.616124e-01
-1.393484e-01
-1.067433e-01
-6.733437e-02
-2.516921e-02
1.559701e-02
5.110161e-02
7.814805e-02
9.447139e-02
9.890325e-02
9.142712e-02
7.308565e-02
4.581745e-02
1.217214e-02
-2.496925e-02
-6.272908e-02
-9.849855e-02
-1.301766e-01
-1.563214e-01
-1.762039e-01
-1.897998e-01
-1.976941e-01
-2.009336e-01
-2.008642e-01
-1.989414e-01
-1.965815e-01
-1.950242e-01
-1.952613e-01
-1.979784e-01
-2.035719e-01
-2.121597e-01
-2.236328e-01
-2.376854e-01
-2.538460e-01
-2.714789e-01
-2.897724e-01
-3.076988e-01
-3.239762e-01
-3.370393e-01
-3.450236e-01
-3.458022e-01
-3.370771e-01
-3.165131e-01
-2.819324e-01
-2.315713e-01
-1.643112e-01
-7.995505e-02
2.058728e-02
1.351398e-01
2.602366e-01
3.911981e-01
5.223320e-01
6.472676e-01
7.593725e-01
8.522485e-01
9.202342e-01
9.588941e-01
9.654338e-01
9.389717e-01
8.807053e-01
7.938400e-01
6.834209e-01
5.559503e-01
4.189120e-01
2.802093e-01
1.475748e-01
2.801284e-02
-7.268667e-02
-1.503127e-01
-2.024424e-01
-2.285120e-01
-2.297188e-01
-2.088014e-01
-1.697080e-01
-1.172145e-01
-5.650748e-02
7.208476e-03
6.906116e-02
1.247928e-01
1.709612e-01
2.050487e-01
2.255102e-01
2.317346e-01
2.239739e-01
2.032259e-01
1.711003e-01
1.296770e-01
8.135563e-02
2.871385e-02
-2.561877e-02
-7.911112e-02
-1.294340e-01
-1.745723e-01
-2.129211e-01
-2.433588e-01
-2.652707e-01
-2.785863e-01
-2.837286e-01
-2.815678e-01
-2.733144e-01
-2.604148e-01
-2.444092e-01
-2.268023e-01
-2.089508e-01
-1.919646e-01
-1.766451e-01
-1.634646e-01
-1.525846e-01
-1.438956e-01
-1.370893e-01
-1.317404e-01
-1.273946e-01
-1.236316e-01
-1.201157e-01
-1.166397e-01
-1.131155e-01
-1.095631e-01
-1.060752e-01
-1.027851e-01
-9.981733e-02
-9.726018e-02
-9.514937e-02
-9.344212e-02
-9.204707e-02
-9.082015e-02
-8.959902e-02
-8.822122e-02
-8.655061e-02
-8.448904e-02
-8.198495e-02
-7.903867e-02
-7.568700e-02
-7.200539e-02
-6.808055e-02
-6.402291e-02
-5.993227e-02
-5.591425e-02
-5.206667e-02
-4.848537e-02
-4.526021e-02
-4.247177e-02
-4.019632e-02
-3.848725e-02
-3.737605e-02
-3.686638e-02
-3.691744e-02
-3.745033e-02
-3.834433e-02
-3.944126e-02
-4.054948e-02
-4.146470e-02
-4.197006e-02
-4.185433e-02
-4.091291e-02
-3.896542e-02
-3.585831e-02
-3.146392e-02
-2.570930e-02
-1.855964e-02
-1.006400e-02
-3.487293e-04
1.034510e-02
2.167062e-02
3.314438e-02
4.417345e-02
5.408171e-02
6.213831e-02
6.764290e-02
6.998732e-02
6.874050e-02
6.372503e-02
5.508448e-02
4.331029e-02
2.924109e-02
1.403019e-02
-9.260480e-04
-1.410656e-02
-2.397005e-02
-2.909661e-02
-2.827822e-02
-2.061689e-02
-5.559851e-03
1.711077e-02
4.731040e-02
8.473764e-02
1.289673e-01
1.795260e-01
2.359615e-01
2.978618e-01
3.648148e-01
4.363254e-01
5.116788e-01
5.897918e-01
6.690587e-01
7.472282e-01
8.213669e-01
8.878891e-01
9.427085e-01
9.814887e-01
1.000000e+00
9.944997e-01
9.621752e-01
9.015219e-01
8.126486e-01
6.974668e-01
5.596869e-01
4.046870e-01
2.391566e-01
7.065053e-02
-9.300424e-02
0.000000e+00
0.000000e+00
0.000000e+00
0.000000e+00
0.000000e+00
0.000000e+00
0.000000e+00
0.000000e+00
0.000000e+00
0.000000e+00
0.000000e+00
0.000000e+00
0.000000e+00
0.000000e+00
0.000000e+00
0.000000e+00
0.000000e+00
0.000000e+00
0.000000e+00
0.000000e+00
0.000000e+00
0.000000e+00
0.000000e+00
0.000000e+00
0.000000e+00
0.000000e+00
0.000000e+00
0.000000e+00
0.000000e+00
0.000000e+00
0.000000e+00
0.000000e+00
0.000000e+00
0.000000e+00
0.000000e+00
0.000000e+00
0.000000e+00
0.000000e+00
0.000000e+00
0.000000e+00
0.000000e+00
0.000000e+00
0.000000e+00
0.000000e+00
0.000000e+00
0.000000e+00
0.000000e+00
0.000000e+00
0.000000e+00
0.000000e+00
0.000000e+00
0.000000e+00
0.000000e+00
0.000000e+00
0.000000e+00
0.000000e+00
0.000000e+00
0.000000e+00
0.000000e+00
0.000000e+00
0.000000e+00
0.000000e+00
0.000000e+00
0.000000e+00
0.000000e+00
0.000000e+00
0.000000e+00
0.000000e+00
0.000000e+00
0.000000e+00
0.000000e+00
0.000000e+00
0.000000e+00
0.000000e+00
0.000000e+00
0.000000e+00
0.000000e+00
0.000000e+00
0.000000e+00
0.000000e+00
0.000000e+00
0.000000e+00
0.000000e+00
0.000000e+00
6.691637e-01
6.202084e-01
5.498282e-01
4.614226e-01
3.591267e-01
2.475049e-01
1.312286e-01
1.478053e-02
-9.784449e-02
-2.033329e-01
-2.992061e-01
-3.838826e-01
-4.566387e-01
-5.175071e-01
-5.671198e-01
-6.064847e-01
-6.367735e-01
-6.591109e-01
-6.743813e-01
-6.831121e-01
-6.853993e-01
-6.809104e-01
-6.689506e-01
-6.485783e-01
-6.187539e-01
-5.785158e-01
-5.271419e-01
-4.642848e-01
-3.900712e-01
-3.051505e-01
-2.106866e-01
-1.083134e-01
-2.273986e-05
1.119402e-01
2.252074e-01
3.374200e-01
4.463128e-01
5.497987e-01
6.459892e-01
7.332073e-01
8.099641e-01
8.749005e-01
9.267871e-01
9.644492e-01
9.868082e-01
9.928773e-01
9.818293e-01
9.531082e-01
9.064822e-01
8.422203e-01
7.611334e-01
6.646754e-01
5.549679e-01
4.347323e-01
3.072701e-01
1.762374e-01
4.551920e-02
-8.104978e-02
-1.998842e-01
-3.078910e-01
-4.026731e-01
-4.826512e-01
-5.471369e-01
-5.963488e-01
-6.312913e-01
-6.536338e-01
-6.654730e-01
-6.690836e-01
-6.666808e-01
-6.601341e-01
-6.507818e-01
-6.392706e-01
-6.254643e-01
-6.084868e-01
-5.867699e-01
-5.582806e-01
-5.207220e-01
-4.718209e-01
-4.096609e-01
-3.329343e-01
-2.412318e-01
-1.352047e-01
-1.668199e-02
1.113244e-01
2.447297e-01
3.785791e-01
5.073479e-01
6.252942e-01
7.268731e-01
8.071369e-01
8.621158e-01
8.891446e-01
8.870700e-01
8.563616e-01
7.991123e-01
7.188818e-01
6.204243e-01
5.093603e-01
3.917443e-01
2.736215e-01
1.605985e-01
5.746407e-02
-3.209006e-02
-1.056790e-01
-1.622695e-01
-2.021046e-01
-2.265652e-01
-2.378709e-01
-2.387756e-01
-2.322190e-01
-2.210052e-01
-2.075195e-01
-1.935233e-01
-1.800594e-01
-1.674389e-01
-1.553218e-01
-1.428988e-01
-1.290996e-01
-1.128439e-01
-9.327282e-02
-6.995315e-02
-4.301555e-02
-1.321365e-02
1.809166e-02
4.904096e-02
7.743732e-02
1.009571e-01
1.173962e-01
1.248837e-01
1.220951e-01
1.083851e-01
8.387204e-02
4.944753e-02
6.698542e-03
-4.221958e-02
-9.475906e-02
-1.482115e-01
-1.998945e-01
-2.473951e-01
-2.887112e-01
-3.224085e-01
-3.476666e-01
-3.643120e-01
-3.727727e-01
-3.739769e-01
-3.692519e-01
-3.601529e-01
-3.483374e-01
-3.354086e-01
-3.228025e-01
-3.117030e-01
-3.029814e-01
-2.971758e-01
-2.945135e-01
-2.949369e-01
-2.981621e-01
-3.037326e-01
-3.110859e-01
-3.195852e-01
-3.285511e-01
-3.372941e-01
-3.450798e-01
-3.511553e-01
-3.547063e-01
-3.548593e-01
-3.506867e-01
-3.412263e-01
-3.255160e-01
-3.026832e-01
-2.719938e-01
-2.329608e-01
-1.854240e-01
-1.296138e-01
-6.619576e-02
3.719764e-03
7.865073e-02
1.567824e-01
2.361533e-01
3.147566e-01
3.907415e-01
4.625527e-01
5.290729e-01
5.896997e-01
6.443514e-01
6.934588e-01
7.378022e-01
7.783799e-01
8.161833e-01
8.519805e-01
8.861194e-01
9.183431e-01
9.477406e-01
9.726900e-01
9.909858e-01
1.000000e+00
9.969260e-01
9.790949e-01
9.442879e-01
8.910175e-01
8.188003e-01
7.282766e-01
6.212977e-01
5.008340e-01
3.708209e-01
2.358603e-01
1.009142e-01
-2.909812e-02
-1.496435e-01
-2.569001e-01
-3.480046e-01
-4.212048e-01
-4.758809e-01
-5.124870e-01
-5.323908e-01
-5.376436e-01
-5.307012e-01
-5.141759e-01
-4.905762e-01
-4.621151e-01
-4.306026e-01
-3.973856e-01
-3.633699e-01
-3.291082e-01
-2.949231e-01
-2.610170e-01
-2.276305e-01
-1.950996e-01
-1.639309e-01
-1.348006e-01
-1.084867e-01
-8.582139e-02
-6.754731e-02
-5.423677e-02
-4.617558e-02
-4.330841e-02
-4.521324e-02
-5.112463e-02
-5.999838e-02
-7.061995e-02
-8.173242e-02
-9.215251e-02
-1.009131e-01
-1.073303e-01
-1.110768e-01
-1.121736e-01
-1.109595e-01
-1.080208e-01
-1.040751e-01
-9.987467e-02
-9.607760e-02
-9.316121e-02
-9.135578e-02
-9.061552e-02
-9.063002e-02
-9.086622e-02
-9.065578e-02
-8.927542e-02
-8.605969e-02
-8.047980e-02
-7.222935e-02
-6.126264e-02
-4.780691e-02
-3.235955e-02
-1.561511e-02
1.576639e-03
1.830229e-02
3.367840e-02
4.690680e-02
5.735780e-02
6.459679e-02
6.840511e-02
6.878354e-02
6.591590e-02
6.013349e-02
5.186958e-02
4.160298e-02
2.981808e-02
1.696181e-02
3.423565e-03
-1.047842e-02
-2.449993e-02
-3.844818e-02
-5.217807e-02
-6.556444e-02
-7.848854e-02
-9.082529e-02
-1.024299e-01
-1.131546e-01
-1.228565e-01
-1.314129e-01
-1.387427e-01
-1.448309e-01
-1.497407e-01
-1.536312e-01
-1.567420e-01
-1.593865e-01
-1.619285e-01
-1.647267e-01
-1.681121e-01
-1.723092e-01
-1.774085e-01
-1.833044e-01
-1.896760e-01
-1.959650e-01
-2.013947e-01
-2.050027e-01
-2.056819e-01
-2.022916e-01
-1.937229e-01
-1.790408e-01
-1.575673e-01
-1.289825e-01
-9.343137e-02
-5.153940e-02
-4.449220e-03
4.621367e-02
9.841583e-02
1.498207e-01
1.979362e-01
2.402891e-01
2.745884e-01
2.989139e-01
3.118520e-01
3.126266e-01
3.011595e-01
2.780946e-01
2.447552e-01
2.030557e-01
1.553590e-01
1.043143e-01
5.264934e-02
2.999419e-03
-4.229785e-02
-8.133514e-02
-1.127537e-01
-1.358168e-01
-1.503929e-01
-1.569560e-01
-1.564680e-01
-1.502918e-01
-1.400409e-01
-1.274313e-01
-1.141442e-01
-1.017066e-01
-9.137686e-02
-8.407892e-02
-8.036284e-02
-8.040110e-02
-8.401100e-02
-9.070271e-02
-9.975657e-02
-1.103024e-01
-1.213943e-01
-1.321143e-01
-1.416354e-01
-1.492909e-01
-1.546130e-01
-1.573619e-01
-1.575334e-01
-1.553286e-01
-1.511393e-01
-1.454748e-01
-1.389151e-01
-1.320422e-01
-1.253787e-01
-1.193368e-01
-1.141649e-01
-1.099512e-01
-1.066040e-01
-1.038879e-01
-1.014443e-01
-9.887742e-02
-9.577749e-02
-9.179841e-02
-8.670932e-02
-8.040529e-02
-7.294433e-02
-6.451682e-02
-5.540859e-02
-4.597792e-02
-3.656939e-02
-2.748786e-02
-1.892566e-02
-1.097323e-02
-3.588192e-03
3.350398e-03
1.000128e-02
1.649609e-02
2.284896e-02
2.890077e-02
3.427222e-02
3.833563e-02
4.026450e-02
3.908200e-02
3.379335e-02
2.351634e-02
7.651911e-03
-1.395906e-02
-4.090143e-02
-7.209265e-02
-1.057618e-01
-1.394859e-01
-1.703223e-01
-1.950034e-01
-2.101940e-01
-2.127868e-01
-2.001990e-01
-1.706768e-01
-1.235009e-01
-5.916636e-02
2.058011e-02
1.127759e-01
2.134358e-01
3.178024e-01
4.207029e-01
5.169594e-01
6.018160e-01
6.713346e-01
7.227557e-01
7.547421e-01
7.675234e-01
7.628971e-01
7.440924e-01
7.154914e-01
6.822601e-01
6.498568e-01
6.235511e-01
6.078760e-01
6.062083e-01
6.203671e-01
6.503689e-01
6.943758e-01
7.487371e-01
8.082818e-01
8.666722e-01
9.169808e-01
9.522506e-01
9.661065e-01
9.533893e-01
9.105962e-01
8.362803e-01
7.312414e-01
5.984939e-01
4.431251e-01
2.718933e-01
9.269733e-02
-8.599196e-02
