
3.646680e-01
3.674359e-01
3.717380e-01
3.777214e-01
3.855339e-01
3.952866e-01
4.070237e-01
4.206875e-01
4.361083e-01
4.529721e-01
4.708503e-01
4.891903e-01
5.073440e-01
5.246026e-01
5.402295e-01
5.534892e-01
5.636930e-01
5.702137e-01
5.725134e-01
5.701587e-01
5.628268e-01
5.503132e-01
5.325167e-01
5.094487e-01
4.812309e-01
4.480769e-01
4.103048e-01
3.683380e-01
3.226898e-01
2.739887e-01
2.229344e-01
1.703397e-01
1.170700e-01
6.405422e-02
1.223979e-02
-3.742120e-02
-8.404474e-02
-1.268057e-01
-1.650198e-01
-1.981498e-01
-2.258614e-01
-2.480012e-01
-2.646529e-01
-2.761091e-01
-2.828443e-01
-2.855055e-01
-2.848607e-01
-2.817474e-01
-2.769978e-01
-2.714191e-01
-2.656801e-01
-2.602950e-01
-2.555584e-01
-2.515395e-01
-2.480415e-01
-2.446488e-01
-2.407428e-01
-2.355674e-01
-2.283005e-01
-2.181579e-01
-2.044809e-01
-1.868214e-01
-1.650500e-01
-1.393936e-01
-1.104822e-01
-7.933300e-02
-4.732925e-02
-1.610729e-02
1.250761e-02
3.668634e-02
5.470737e-02
6.513250e-02
6.692833e-02
5.956541e-02
4.311496e-02
1.822641e-02
-1.386405e-02
-5.144960e-02
-9.246116e-02
-1.346106e-01
-1.756021e-01
-2.132673e-01
-2.457495e-01
-2.716281e-01
-2.900028e-01
-3.005247e-01
-3.033992e-01
-2.993133e-01
-2.893488e-01
-2.748381e-01
-2.572409e-01
-2.380200e-01
-2.184853e-01
-1.997456e-01
-1.826101e-01
-1.676280e-01
-1.550208e-01
-1.447981e-01
-1.367943e-01
-1.307236e-01
-1.262909e-01
-1.232078e-01
-1.212738e-01
-1.203573e-01
-1.204206e-01
-1.214815e-01
-1.235689e-01
-1.266875e-01
-1.307757e-01
-1.356453e-01
-1.409959e-01
-1.463768e-01
-1.512366e-01
-1.549208e-01
-1.567429e-01
-1.560299e-01
-1.521710e-01
-1.446694e-01
-1.331799e-01
-1.175340e-01
-9.774591e-02
-7.401290e-02
-4.670588e-02
-1.633075e-02
1.647736e-02
5.098808e-02
8.640025e-02
1.218533e-01
1.564466e-01
1.892475e-01
2.193098e-01
2.456841e-01
2.674480e-01
2.837307e-01
2.937595e-01
2.968958e-01
2.926996e-01
2.809626e-01
2.617542e-01
2.354514e-01
2.027460e-01
1.646271e-01
1.223607e-01
7.740996e-02
3.137663e-02
-1.409665e-02
-5.741648e-02
-9.714310e-02
-1.320612e-01
-1.612532e-01
-1.841508e-01
-2.005316e-01
-2.105465e-01
-2.146514e-01
-2.135836e-01
-2.082860e-01
-1.998326e-01
-1.893427e-01
-1.779277e-01
-1.666037e-01
-1.562467e-01
-1.475534e-01
-1.410036e-01
-1.368581e-01
-1.351462e-01
-1.356823e-01
-1.380811e-01
-1.417833e-01
-1.460922e-01
-1.502317e-01
-1.533533e-01
-1.546418e-01
-1.533336e-01
-1.487964e-01
-1.405757e-01
-1.284397e-01
-1.124353e-01
-9.287200e-02
-7.036129e-02
-4.576793e-02
-2.017505e-02
5.188092e-03
2.902570e-02
5.007120e-02
6.719490e-02
7.948644e-02
8.633227e-02
8.748002e-02
8.304682e-02
7.353370e-02
5.975391e-02
4.280387e-02
2.393031e-02
4.450020e-03
-1.437120e-02
-3.141913e-02
-4.581893e-02
-5.699430e-02
-6.468929e-02
-6.897561e-02
-7.021403e-02
-6.899286e-02
-6.605010e-02
-6.219148e-02
-5.819718e-02
-5.475575e-02
-5.239560e-02
-5.146222e-02
-5.209802e-02
-5.426323e-02
-5.775644e-02
-6.227476e-02
-6.744649e-02
-7.289742e-02
-7.828018e-02
-8.331925e-02
-8.781358e-02
-9.164317e-02
-9.476372e-02
-9.718577e-02
-9.894552e-02
-1.000953e-01
-1.006814e-01
-1.007334e-01
-1.002808e-01
-9.933584e-02
-9.793323e-02
-9.613159e-02
-9.403233e-02
-9.179702e-02
-8.963215e-02
-8.779935e-02
-8.658233e-02
-8.627773e-02
-8.716288e-02
-8.947966e-02
-9.341714e-02
-9.909685e-02
-1.065933e-01
-1.159179e-01
-1.270669e-01
-1.400155e-01
-1.547398e-01
-1.712185e-01
-1.894033e-01
-2.092058e-01
-2.304234e-01
-2.526708e-01
-2.753312e-01
-2.974648e-01
-3.177763e-01
-3.346010e-01
-3.459310e-01
-3.495014e-01
-3.429242e-01
-3.238760e-01
-2.903078e-01
-2.407095e-01
-1.742970e-01
-9.126910e-02
7.093020e-03
1.183387e-01
2.388801e-01
3.641426e-01
4.887734e-01
6.069993e-01
7.129739e-01
8.012318e-01
8.670743e-01
9.069588e-01
9.187747e-01
9.020356e-01
8.579165e-01
7.891994e-01
7.000245e-01
5.955847e-01
4.817203e-01
3.644433e-01
2.494963e-01
1.419237e-01
4.572259e-02
-3.638937e-02
-1.031013e-01
-1.544886e-01
-1.918787e-01
-2.176257e-01
-2.347757e-01
-2.467343e-01
-2.568986e-01
-2.683338e-01
-2.835044e-01
-3.040853e-01
-3.308767e-01
-3.637838e-01
-4.019072e-01
-4.436864e-01
-4.870841e-01
-5.297764e-01
-5.693844e-01
-6.036182e-01
-6.304311e-01
-6.480997e-01
-6.552660e-01
-6.509572e-01
-6.345400e-01
-6.057030e-01
-5.644062e-01
-5.108601e-01
-4.455228e-01
-3.691077e-01
-2.826182e-01
-1.873911e-01
-8.513308e-02
2.206191e-02
1.317293e-01
2.410854e-01
3.471364e-01
4.468345e-01
5.372609e-01
6.158704e-01
6.806691e-01
7.304562e-01
7.649563e-01
7.848943e-01
7.920210e-01
7.889901e-01
7.791715e-01
7.663806e-01
7.545225e-01
7.472363e-01
7.475007e-01
7.573262e-01
7.774703e-01
8.073039e-01
8.447854e-01
8.865536e-01
9.281876e-01
9.645536e-01
9.902297e-01
1.000000e+00
9.893489e-01
9.548510e-01
8.945598e-01
8.082259e-01
6.973641e-01
5.652016e-01
4.164370e-01
2.569267e-01
9.321639e-02
-6.792404e-02
-2.200203e-01
-3.573427e-01
-4.752996e-01
-5.707001e-01
-6.419103e-01
-6.888388e-01
-7.128349e-01
-7.164335e-01
-7.030600e-01
-6.766403e-01
-6.412655e-01
-6.008229e-01
-5.587346e-01
-5.177424e-01
-4.798112e-01
-4.460995e-01
-4.170317e-01
-3.924215e-01
-3.716436e-01
-3.538196e-01
-3.379884e-01
-3.232765e-01
-3.089756e-01
-2.946182e-01
-2.799934e-01
-2.650992e-01
-2.500993e-01
-2.352400e-01
-2.207835e-01
-2.069502e-01
-1.938738e-01
-1.816095e-01
-1.701308e-01
-1.593775e-01
-1.492821e-01
-1.398256e-01
-1.310534e-01
-1.230884e-01
-1.161039e-01
-1.102902e-01
-1.057898e-01
-1.026323e-01
-1.006648e-01
-9.951771e-02
-9.858105e-02
-9.702799e-02
-9.387059e-02
-8.806476e-02
-7.861922e-02
-6.473576e-02
-4.592364e-02
-2.210069e-02
6.355335e-03
3.861212e-02
7.344297e-02
1.093468e-01
1.447226e-01
1.780437e-01
2.080805e-01
2.340516e-01
2.557524e-01
2.736156e-01
2.886812e-01
3.024869e-01
3.168578e-01
3.336872e-01
3.546435e-01
3.808820e-01
4.128219e-01
4.499637e-01
4.908150e-01
5.329296e-01
5.730592e-01
6.074099e-01
6.319710e-01
6.429124e-01
6.369800e-01
6.118445e-01
5.664092e-01
5.009634e-01
4.172590e-01
3.184115e-01
2.086861e-01
9.318620e-02
0.000000e+00
0.000000e+00
0.000000e+00
0.000000e+00
0.000000e+00
0.000000e+00
0.000000e+00
0.000000e+00
0.000000e+00
0.000000e+00
0.000000e+00
0.000000e+00
0.000000e+00
0.000000e+00
0.000000e+00
0.000000e+00
0.000000e+00
0.000000e+00
0.000000e+00
0.000000e+00
0.000000e+00
0.000000e+00
0.000000e+00
0.000000e+00
0.000000e+00
0.000000e+00
0.000000e+00
0.000000e+00
0.000000e+00
0.000000e+00
0.000000e+00
0.000000e+00
0.000000e+00
0.000000e+00
0.000000e+00
0.000000e+00
0.000000e+00
0.000000e+00
0.000000e+00
0.000000e+00
0.000000e+00
0.000000e+00
0.000000e+00
0.000000e+00
0.000000e+00
0.000000e+00
0.000000e+00
0.000000e+00
0.000000e+00
0.000000e+00
0.000000e+00
0.000000e+00
0.000000e+00
0.000000e+00
0.000000e+00
0.000000e+00
0.000000e+00
0.000000e+00
0.000000e+00
0.000000e+00
0.000000e+00
0.000000e+00
0.000000e+00
0.000000e+00
0.000000e+00
0.000000e+00
0.000000e+00
0.000000e+00
0.000000e+00
0.000000e+00
0.000000e+00
0.000000e+00
0.000000e+00
0.000000e+00
0.000000e+00
0.000000e+00
0.000000e+00
0.000000e+00
0.000000e+00
0.000000e+00
0.000000e+00
0.000000e+00
0.000000e+00
0.000000e+00
0.000000e+00
0.000000e+00
0.000000e+00
0.000000e+00
0.000000e+00
0.000000e+00
0.000000e+00
0.000000e+00
0.000000e+00
0.000000e+00
0.000000e+00
0.000000e+00
0.000000e+00
0.000000e+00
0.000000e+00
0.000000e+00
0.000000e+00
0.000000e+00
0.000000e+00
0.000000e+00
0.000000e+00
0.000000e+00
0.000000e+00
0.000000e+00
0.000000e+00
0.000000e+00
0.000000e+00
3.276006e-01
3.062550e-01
2.754144e-01
2.364031e-01
1.908487e-01
1.405734e-01
8.747922e-02
3.343392e-02
-1.984323e-02
-7.087541e-02
-1.184928e-01
-1.618888e-01
-2.006290e-01
-2.346388e-01
-2.641650e-01
-2.897135e-01
-3.119626e-01
-3.316829e-01
-3.496328e-01
-3.664784e-01
-3.827123e-01
-3.985872e-01
-4.140885e-01
-4.288981e-01
-4.424118e-01
-4.537602e-01
-4.618561e-01
-4.654567e-01
-4.632400e-01
-4.538757e-01
-4.361193e-01
-4.088867e-01
-3.713318e-01
-3.229067e-01
-2.634192e-01
-1.930639e-01
-1.124575e-01
-2.263068e-02
7.497740e-02
1.785377e-01
2.858875e-01
3.945801e-01
5.019682e-01
6.052628e-01
7.016664e-01
7.884399e-01
8.630191e-01
9.231314e-01
9.668633e-01
9.927894e-01
1.000000e+00
9.881987e-01
9.576995e-01
9.094327e-01
8.449489e-01
7.663198e-01
6.760931e-01
5.771679e-01
4.726736e-01
3.658389e-01
2.598483e-01
1.576945e-01
6.206340e-02
-2.477695e-02
-1.010687e-01
-1.656102e-01
-2.177796e-01
-2.575231e-01
-2.853162e-01
-3.020955e-01
-3.091609e-01
-3.080747e-01
-3.005564e-01
-2.883580e-01
-2.731755e-01
-2.565560e-01
-2.398261e-01
-2.240531e-01
-2.100260e-01
-1.982448e-01
-1.889596e-01
-1.821882e-01
-1.777778e-01
-1.754535e-01
-1.748673e-01
-1.756460e-01
-1.774333e-01
-1.799086e-01
-1.828060e-01
-1.859139e-01
-1.890629e-01
-1.921146e-01
-1.949355e-01
-1.973789e-01
-1.992646e-01
-2.003718e-01
-2.004307e-01
-1.991298e-01
-1.961348e-01
-1.911068e-01
-1.837336e-01
-1.737600e-01
-1.610189e-01
-1.454575e-01
-1.271574e-01
-1.063401e-01
-8.337600e-02
-5.875573e-02
-3.309141e-02
-7.064412e-03
1.860055e-02
4.317251e-02
6.596034e-02
8.634201e-02
1.037978e-01
1.179303e-01
1.284734e-01
1.353050e-01
1.384278e-01
1.379714e-01
1.341619e-01
1.273144e-01
1.178058e-01
1.060591e-01
9.252983e-02
7.769489e-02
6.204560e-02
4.608862e-02
3.034109e-02
1.533136e-02
1.598678e-03
-1.031447e-02
-1.987131e-02
-2.656386e-02
-2.992605e-02
-2.957104e-02
-2.521562e-02
-1.671747e-02
-4.104890e-03
1.240517e-02
3.238402e-02
5.519207e-02
7.998726e-02
1.057540e-01
1.313354e-01
1.554968e-01
1.769784e-01
1.945728e-01
2.071913e-01
2.139367e-01
2.141616e-01
2.075098e-01
1.939589e-01
1.738174e-01
1.477270e-01
1.166178e-01
8.167865e-02
4.427146e-02
5.868863e-03
-3.203296e-02
-6.799163e-02
-1.007048e-01
-1.290627e-01
-1.522206e-01
-1.696124e-01
-1.809837e-01
-1.863773e-01
-1.861202e-01
-1.807826e-01
-1.711244e-01
-1.580518e-01
-1.425350e-01
-1.255735e-01
-1.081178e-01
-9.103552e-02
-7.507261e-02
-6.082610e-02
-4.873733e-02
-3.908161e-02
-3.199697e-02
-2.748530e-02
-2.544276e-02
-2.569542e-02
-2.801820e-02
-3.216142e-02
-3.787898e-02
-4.493321e-02
-5.311837e-02
-6.224866e-02
-7.216382e-02
-8.271903e-02
-9.376273e-02
-1.051337e-01
-1.166323e-01
-1.280198e-01
-1.389884e-01
-1.491705e-01
-1.581336e-01
-1.653707e-01
-1.703414e-01
-1.724619e-01
-1.711503e-01
-1.658512e-01
-1.560665e-01
-1.414078e-01
-1.216062e-01
-9.657642e-02
-6.642307e-02
-3.147266e-02
7.715302e-03
5.035584e-02
9.543675e-02
1.417638e-01
1.879804e-01
2.326305e-01
2.742151e-01
3.112648e-01
3.423957e-01
3.664032e-01
3.823070e-01
3.894230e-01
3.873957e-01
3.762326e-01
3.563152e-01
3.283819e-01
2.934924e-01
2.529947e-01
2.084403e-01
1.615122e-01
1.139387e-01
6.740613e-02
2.346778e-02
-1.653641e-02
-5.152895e-02
-8.075868e-02
-1.038129e-01
-1.206284e-01
-1.314715e-01
-1.368984e-01
-1.377101e-01
-1.348748e-01
-1.294617e-01
-1.225654e-01
-1.152340e-01
-1.084070e-01
-1.028615e-01
-9.918608e-02
-9.775418e-02
-9.872506e-02
-1.020652e-01
-1.075645e-01
-1.148833e-01
-1.235890e-01
-1.332037e-01
-1.432435e-01
-1.532534e-01
-1.628358e-01
-1.716618e-01
-1.794811e-01
-1.861160e-01
-1.914460e-01
-1.953920e-01
-1.978928e-01
-1.988865e-01
-1.982959e-01
-1.960106e-01
-1.918948e-01
-1.857880e-01
-1.775165e-01
-1.669253e-01
-1.538951e-01
-1.383788e-01
-1.204148e-01
-1.001688e-01
-7.792929e-02
-5.411961e-02
-2.928961e-02
-4.094111e-03
2.074361e-02
4.446488e-02
6.633260e-02
8.567175e-02
1.019286e-01
1.147063e-01
1.238028e-01
1.292286e-01
1.312143e-01
1.301983e-01
1.267927e-01
1.217614e-01
1.159391e-01
1.101901e-01
1.053396e-01
1.021015e-01
1.010362e-01
1.024918e-01
1.065811e-01
1.131660e-01
1.218613e-01
1.320523e-01
1.429426e-01
1.535972e-01
1.630112e-01
1.701718e-01
1.741310e-01
1.740678e-01
1.693433e-01
1.595471e-01
1.445209e-01
1.243786e-01
9.949590e-02
7.049579e-02
3.820507e-02
3.619752e-03
-3.215746e-02
-6.798066e-02
-1.027112e-01
-1.352862e-01
-1.647706e-01
-1.904010e-01
-2.116250e-01
-2.281183e-01
-2.398047e-01
-2.468449e-01
-2.496296e-01
-2.487516e-01
-2.449605e-01
-2.391318e-01
-2.322037e-01
-2.251237e-01
-2.187914e-01
-2.139989e-01
-2.113756e-01
-2.113434e-01
-2.140735e-01
-2.194650e-01
-2.271249e-01
-2.363773e-01
-2.462742e-01
-2.556446e-01
-2.631372e-01
-2.672921e-01
-2.666204e-01
-2.596951e-01
-2.452349e-01
-2.222023e-01
-1.898805e-01
-1.479401e-01
-9.649612e-02
-3.612456e-02
3.212444e-02
1.067644e-01
1.859191e-01
2.673982e-01
3.488032e-01
4.276380e-01
5.014303e-01
5.678611e-01
6.248816e-01
6.708050e-01
7.043992e-01
7.249491e-01
7.322608e-01
7.266722e-01
7.090184e-01
6.805514e-01
6.428721e-01
5.978125e-01
5.473349e-01
4.934112e-01
4.379117e-01
3.825359e-01
3.286997e-01
2.775239e-01
2.297871e-01
1.859346e-01
1.461052e-01
1.101626e-01
7.778582e-02
4.849675e-02
2.177007e-02
-2.921101e-03
-2.604430e-02
-4.795078e-02
-6.886521e-02
-8.885801e-02
-1.078536e-01
-1.256669e-01
-1.420147e-01
-1.565793e-01
-1.690325e-01
-1.790934e-01
-1.865705e-01
-1.913678e-01
-1.935362e-01
-1.932455e-01
-1.907994e-01
-1.866033e-01
-1.811388e-01
-1.749274e-01
-1.684867e-01
-1.622978e-01
-1.567664e-01
-1.521867e-01
-1.487395e-01
-1.464647e-01
-1.452711e-01
-1.449487e-01
-1.451864e-01
-1.456008e-01
-1.457671e-01
-1.452553e-01
-1.436610e-01
-1.406358e-01
-1.359119e-01
-1.293195e-01
-1.207991e-01
-1.104018e-01
-9.828382e-02
-8.469848e-02
-6.997374e-02
-5.449776e-02
-3.868783e-02
-2.297620e-02
-7.777791e-03
6.523997e-03
1.959611e-02
3.117502e-02
4.106570e-02
4.915673e-02
5.541367e-02
5.987758e-02
6.266316e-02
6.393545e-02
6.391063e-02
6.283473e-02
6.096990e-02
5.857898e-02
5.591454e-02
5.319848e-02
5.061849e-02
4.831578e-02
4.637856e-02
4.484718e-02
4.370048e-02
4.288030e-02
4.228084e-02
4.177157e-02
4.120078e-02
4.041423e-02
3.926693e-02
3.763705e-02
3.543304e-02
3.260583e-02
2.915147e-02
2.511565e-02
2.058717e-02
1.569537e-02
1.059631e-02
5.467773e-03
4.867802e-04
-4.174409e-03
-8.373987e-03
-1.199982e-02
-1.498565e-02
-1.731861e-02
-1.903432e-02
-2.022177e-02
-2.100674e-02
-2.155696e-02
-2.205140e-02
-2.268646e-02
-2.364112e-02
-2.508370e-02
-2.713860e-02
-2.989817e-02
-3.339465e-02
-3.762172e-02
-4.251451e-02
-4.796858e-02
-5.384233e-02
-5.996469e-02
-6.615587e-02
-7.222721e-02
-7.800267e-02
-8.332027e-02
-8.804851e-02
-9.208294e-02
-9.535584e-02
-9.783161e-02
-9.951082e-02
-1.004191e-01
-1.006109e-01
-1.001609e-01
-9.915651e-02
-9.770068e-02
-9.590106e-02
-9.387564e-02
-9.174282e-02
-8.962899e-02
-8.765963e-02
-8.596214e-02
-8.466525e-02
-8.389123e-02
-8.375785e-02
-8.436641e-02
-8.579665e-02
-8.810135e-02
-9.129505e-02
-9.535169e-02
-1.001890e-01
-1.056760e-01
-1.116221e-01
-1.177846e-01
-1.238695e-01
-1.295460e-01
-1.344493e-01
-1.382026e-01
-1.404264e-01
-1.407601e-01
-1.388714e-01
-1.344725e-01
-1.273373e-01
-1.173000e-01
-1.042707e-01
-8.823027e-02
-6.923485e-02
-4.741421e-02
-2.295345e-02
3.891101e-03
3.281349e-02
6.346386e-02
9.544228e-02
1.283101e-01
1.615919e-01
1.947740e-01
2.273069e-01
2.586105e-01
2.880757e-01
3.150708e-01
3.389611e-01
3.591115e-01
3.749166e-01
3.858201e-01
3.913401e-01
3.910957e-01
3.848437e-01
3.724857e-01
3.541036e-01
3.299660e-01
3.005326e-01
2.664496e-01
2.285411e-01
1.877664e-01
1.452034e-01
1.019956e-01
5.930640e-02
1.826389e-02
-2.008214e-02
-5.481044e-02
-8.517265e-02
-1.106162e-01
-1.308071e-01
-1.456368e-01
-1.552171e-01
-1.598557e-01
-1.600371e-01
-1.563744e-01
-1.495755e-01
-1.403898e-01
-1.295730e-01
-1.178338e-01
-1.058102e-01
-9.403915e-02
-8.293758e-02
-7.280036e-02
-6.379898e-02
-5.599433e-02
-4.935519e-02
-4.378087e-02
-3.912423e-02
-3.521815e-02
-3.189452e-02
-2.900738e-02
-2.644559e-02
-2.413319e-02
-2.204349e-02
-2.018162e-02
-1.858913e-02
-1.732534e-02
-1.646026e-02
-1.605660e-02
-1.616815e-02
-1.682318e-02
-1.802052e-02
-1.973623e-02
-2.191928e-02
-2.449057e-02
-2.736149e-02
-3.043483e-02
-3.361636e-02
-3.681529e-02
-3.995429e-02
-4.297869e-02
-4.584268e-02
-4.852107e-02
-5.099693e-02
-5.326730e-02
-5.532288e-02
-5.715350e-02
-5.874856e-02
-6.007683e-02
-6.110230e-02
-6.177938e-02
-6.206235e-02
-6.189454e-02
-6.123698e-02
-6.005932e-02
-5.834950e-02
-5.612294e-02
-5.342072e-02
-5.030921e-02
-4.688486e-02
-4.326215e-02
-3.957402e-02
-3.595570e-02
-3.254479e-02
-2.946596e-02
-2.682836e-02
-2.471294e-02
-2.317579e-02
-2.223809e-02
-2.189387e-02
-2.210770e-02
-2.282176e-02
-2.396236e-02
-2.544160e-02
-2.717589e-02
-2.907455e-02
-3.106508e-02
-3.307977e-02
-3.506790e-02
-3.699054e-02
-3.883008e-02
-4.057370e-02
-4.222115e-02
-4.378057e-02
-4.526389e-02
-4.668620e-02
-4.806257e-02
-4.940740e-02
-5.073542e-02
-5.205671e-02
-5.338319e-02
-5.471521e-02
-5.605821e-02
-5.740022e-02
-5.872760e-02
-6.001512e-02
-6.122027e-02
-6.229390e-02
-6.316668e-02
-6.376486e-02
-6.400446e-02
-6.380184e-02
-6.307511e-02
-6.176752e-02
-5.983307e-02
-5.727404e-02
-5.411269e-02
-5.042773e-02
-4.633257e-02
-4.197814e-02
-3.753806e-02
-3.320281e-02
-2.915473e-02
-2.554887e-02
-2.249382e-02
-2.003645e-02
-1.813760e-02
-1.667544e-02
-1.543479e-02
-1.412117e-02
-1.237797e-02
-9.802722e-03
-5.994740e-03
-5.782444e-04
6.752132e-03
1.619970e-02
2.783665e-02
4.157952e-02
5.719356e-02
7.429329e-02
9.236845e-02
1.108257e-01
1.290354e-01
1.463914e-01
1.623779e-01
1.766216e-01
1.889516e-01
1.994284e-01
2.083724e-01
2.163479e-01
2.241411e-01
2.327013e-01
2.430707e-01
2.562876e-01
2.732850e-01
2.947861e-01
3.212109e-01
3.525850e-01
3.884870e-01
4.280219e-01
4.698322e-01
5.121284e-01
5.527939e-01
5.894794e-01
6.197463e-01
6.412240e-01
6.517734e-01
6.496311e-01
6.335479e-01
6.028997e-01
5.577514e-01
4.988845e-01
4.277776e-01
3.465351e-01
2.577906e-01
1.645573e-01
0.000000e+00
0.000000e+00
0.000000e+00
0.000000e+00
0.000000e+00
0.000000e+00
0.000000e+00
0.000000e+00
0.000000e+00
0.000000e+00
0.000000e+00
0.000000e+00
0.000000e+00
0.000000e+00
0.000000e+00
0.000000e+00
0.000000e+00
0.000000e+00
0.000000e+00
0.000000e+00
0.000000e+00
0.000000e+00
0.000000e+00
0.000000e+00
0.000000e+00
0.000000e+00
0.000000e+00
0.000000e+00
0.000000e+00
0.000000e+00
0.000000e+00
0.000000e+00
0.000000e+00
0.000000e+00
0.000000e+00
0.000000e+00
0.000000e+00
0.000000e+00
0.000000e+00
0.000000e+00
0.000000e+00
0.000000e+00
0.000000e+00
0.000000e+00
0.000000e+00
0.000000e+00
0.000000e+00
0.000000e+00
0.000000e+00
0.000000e+00
0.000000e+00
0.000000e+00
0.000000e+00
0.000000e+00
0.000000e+00
0.000000e+00
0.000000e+00
0.000000e+00
0.000000e+00
0.000000e+00
0.000000e+00
0.000000e+00
0.000000e+00
0.000000e+00
0.000000e+00
0.000000e+00
0.000000e+00
0.000000e+00
0.000000e+00
0.000000e+00
0.000000e+00
0.000000e+00
0.000000e+00
0.000000e+00
0.000000e+00
0.000000e+00
0.000000e+00
0.000000e+00
0.000000e+00
0.000000e+00
0.000000e+00
0.000000e+00
0.000000e+00
0.000000e+00
0.000000e+00
0.000000e+00
0.000000e+00
0.000000e+00
0.000000e+00
0.000000e+00
0.000000e+00
0.000000e+00
0.000000e+00
0.000000e+00
0.000000e+00
0.000000e+00
0.000000e+00
0.000000e+00
0.000000e+00
0.000000e+00
0.000000e+00
0.000000e+00
0.000000e+00
0.000000e+00
0.000000e+00
0.000000e+00
0.000000e+00
0.000000e+00
0.000000e+00
0.000000e+00
0.000000e+00
0.000000e+00
0.000000e+00
0.000000e+00
0.000000e+00
0.000000e+00
0.000000e+00
0.000000e+00
0.000000e+00
0.000000e+00
0.000000e+00
0.000000e+00
0.000000e+00
0.000000e+00
0.000000e+00
0.000000e+00
0.000000e+00
0.000000e+00
0.000000e+00
0.000000e+00
8.384719e-01
8.115035e-01
7.720623e-01
7.213189e-01
6.607509e-01
5.920996e-01
5.172804e-01
4.383253e-01
3.572949e-01
2.762042e-01
1.969545e-01
1.212577e-01
5.060275e-02
-1.380770e-02
-7.106620e-02
-1.205830e-01
-1.620794e-01
-1.955774e-01
-2.213598e-01
-2.399445e-01
-2.520339e-01
-2.584550e-01
-2.601333e-01
-2.580020e-01
-2.529905e-01
-2.459622e-01
-2.376804e-01
-2.287905e-01
-2.197981e-01
-2.110584e-01
-2.027879e-01
-1.950691e-01
-1.878675e-01
-1.810579e-01
-1.744499e-01
-1.678159e-01
-1.609203e-01
-1.535428e-01
-1.455056e-01
-1.366845e-01
-1.270297e-01
-1.165650e-01
-1.053950e-01
-9.369167e-02
-8.169508e-02
-6.969103e-02
-5.799773e-02
-4.694797e-02
-3.686646e-02
-2.805974e-02
-2.078623e-02
-1.525918e-02
-1.162303e-02
-9.949855e-03
-1.024472e-02
-1.243482e-02
-1.638378e-02
-2.189698e-02
-2.873084e-02
-3.660866e-02
-4.522996e-02
-5.429207e-02
-6.349186e-02
-7.255216e-02
-8.122130e-02
-8.928621e-02
-9.657946e-02
-1.029837e-01
-1.084257e-01
-1.128878e-01
-1.163938e-01
-1.190087e-01
-1.208340e-01
-1.219954e-01
-1.226407e-01
-1.229292e-01
-1.230242e-01
-1.230825e-01
-1.232609e-01
-1.236929e-01
-1.244975e-01
-1.257738e-01
-1.275952e-01
-1.300137e-01
-1.330573e-01
-1.367324e-01
-1.410248e-01
-1.459031e-01
-1.513201e-01
-1.572180e-01
-1.635251e-01
-1.701732e-01
-1.770763e-01
-1.841534e-01
-1.913210e-01
-1.984910e-01
-2.055767e-01
-2.124882e-01
-2.191328e-01
-2.254057e-01
-2.312000e-01
-2.363916e-01
-2.408443e-01
-2.444020e-01
-2.468827e-01
-2.480877e-01
-2.477892e-01
-2.457235e-01
-2.416174e-01
-2.351611e-01
-2.260320e-01
-2.138887e-01
-1.983913e-01
-1.791972e-01
-1.559832e-01
-1.284600e-01
-9.637775e-02
-5.954729e-02
-1.786318e-02
2.869049e-02
8.002802e-02
1.359313e-01
1.960562e-01
2.599164e-01
3.268870e-01
3.961954e-01
4.669303e-01
5.380613e-01
6.084438e-01
6.768437e-01
7.419660e-01
8.024892e-01
8.570898e-01
9.044868e-01
9.434814e-01
9.729840e-01
9.920719e-01
1.000000e+00
9.962482e-01
9.805397e-01
9.528627e-01
9.134625e-01
8.628832e-01
8.019168e-01
7.316061e-01
6.532340e-01
5.682626e-01
4.783173e-01
3.851281e-01
2.904918e-01
1.962030e-01
1.040277e-01
0.000000e+00
0.000000e+00
0.000000e+00
0.000000e+00
0.000000e+00
0.000000e+00
0.000000e+00
0.000000e+00
0.000000e+00
0.000000e+00
0.000000e+00
0.000000e+00
0.000000e+00
0.000000e+00
0.000000e+00
0.000000e+00
0.000000e+00
0.000000e+00
0.000000e+00
0.000000e+00
0.000000e+00
0.000000e+00
0.000000e+00
0.000000e+00
0.000000e+00
0.000000e+00
0.000000e+00
0.000000e+00
0.000000e+00
0.000000e+00
0.000000e+00
0.000000e+00
0.000000e+00
0.000000e+00
0.000000e+00
0.000000e+00
0.000000e+00
0.000000e+00
0.000000e+00
0.000000e+00
0.000000e+00
0.000000e+00
0.000000e+00
0.000000e+00
0.000000e+00
0.000000e+00
0.000000e+00
0.000000e+00
0.000000e+00
0.000000e+00
8.490035e-01
8.327724e-01
8.088050e-01
7.775462e-01
7.395678e-01
6.955617e-01
6.463107e-01
5.926753e-01
5.355722e-01
4.759468e-01
4.147581e-01
3.529492e-01
2.914260e-01
2.310426e-01
1.725784e-01
1.167357e-01
6.410634e-02
1.518353e-02
-2.965082e-02
-7.013692e-02
-1.061068e-01
-1.375183e-01
-1.644293e-01
-1.869705e-01
-2.053705e-01
-2.199175e-01
-2.309503e-01
-2.388596e-01
-2.440512e-01
-2.469471e-01
-2.479751e-01
-2.475532e-01
-2.460696e-01
-2.439037e-01
-2.413765e-01
-2.387936e-01
-2.364056e-01
-2.344195e-01
-2.329989e-01
-2.322639e-01
-2.322986e-01
-2.331351e-01
-2.347770e-01
-2.372014e-01
-2.403422e-01
-2.441262e-01
-2.484405e-01
-2.531753e-01
-2.581894e-01
-2.633481e-01
-2.684921e-01
-2.734720e-01
-2.781300e-01
-2.823036e-01
-2.858394e-01
-2.885793e-01
-2.903711e-01
-2.910717e-01
-2.905365e-01
-2.886353e-01
-2.852428e-01
-2.802470e-01
-2.735446e-01
-2.650544e-01
-2.547015e-01
-2.424387e-01
-2.282350e-01
-2.120927e-01
-1.940308e-01
-1.741089e-01
-1.524164e-01
-1.290819e-01
-1.042713e-01
-7.819517e-02
-5.110400e-02
-2.329838e-02
4.885713e-03
3.306614e-02
6.082098e-02
8.770190e-02
1.132230e-01
1.368899e-01
1.581919e-01
1.766271e-01
1.917010e-01
2.029555e-01
2.099785e-01
2.124080e-01
2.099683e-01
2.024650e-01
1.898152e-01
1.720401e-01
1.492959e-01
1.218572e-01
9.013718e-02
5.467352e-02
1.613218e-02
-2.471493e-02
-6.699293e-02
-1.097555e-01
-1.519982e-01
-1.926925e-01
-2.308147e-01
-2.653701e-01
-2.954304e-01
-3.201709e-01
-3.388893e-01
-3.510282e-01
-3.562216e-01
-3.542767e-01
-3.452213e-01
-3.292698e-01
-3.068597e-01
-2.786063e-01
-2.452965e-01
-2.078841e-01
-1.674126e-01
-1.250269e-01
-8.190125e-02
-3.920732e-02
1.928760e-03
4.046976e-02
7.550783e-02
1.063061e-01
1.323097e-01
1.531895e-01
1.688372e-01
1.793831e-01
1.851827e-01
1.868016e-01
1.849942e-01
1.806728e-01
1.748607e-01
1.686602e-01
1.631829e-01
1.595241e-01
1.586971e-01
1.615860e-01
1.689080e-01
1.811727e-01
1.986609e-01
2.213946e-01
2.491369e-01
2.813940e-01
3.174153e-01
3.562440e-01
3.967193e-01
4.375399e-01
4.773030e-01
5.145504e-01
5.478521e-01
5.758181e-01
5.971901e-01
6.108747e-01
6.159801e-01
6.118709e-01
5.981786e-01
5.748198e-01
5.420077e-01
5.002407e-01
4.502830e-01
3.931496e-01
3.300637e-01
2.624073e-01
1.916846e-01
1.194671e-01
4.734913e-02
-2.313332e-02
-9.051279e-02
-1.534585e-01
-2.108107e-01
-2.616186e-01
-3.051442e-01
-3.408947e-01
-3.686217e-01
-3.883125e-01
-4.001828e-01
-4.046580e-01
-4.023378e-01
-3.939749e-01
-3.804329e-01
-3.626524e-01
-3.416177e-01
-3.183074e-01
-2.936750e-01
-2.686171e-01
-2.439345e-01
-2.203331e-01
-1.983879e-01
-1.785579e-01
-1.611580e-01
-1.463860e-01
-1.343137e-01
-1.249075e-01
-1.180351e-01
-1.134933e-01
-1.110219e-01
-1.103152e-01
-1.110498e-01
-1.129054e-01
-1.155617e-01
-1.187265e-01
-1.221453e-01
-1.255944e-01
-1.288993e-01
-1.319238e-01
-1.345803e-01
-1.368115e-01
-1.385908e-01
-1.399184e-01
-1.408087e-01
-1.412798e-01
-1.413504e-01
-1.410315e-01
-1.403200e-01
-1.391878e-01
-1.375916e-01
-1.354648e-01
-1.327120e-01
-1.292229e-01
-1.248725e-01
-1.195217e-01
-1.130320e-01
-1.052690e-01
-9.611025e-02
-8.545667e-02
-7.323623e-02
-5.941399e-02
-4.399998e-02
-2.705525e-02
-8.690147e-03
1.092439e-02
3.156667e-02
5.295416e-02
7.475772e-02
9.659914e-02
1.180643e-01
1.387075e-01
1.580596e-01
1.756541e-01
1.910178e-01
2.037142e-01
2.133185e-01
2.194724e-01
2.218652e-01
2.202602e-01
2.145124e-01
2.045554e-01
1.904294e-01
1.722769e-01
1.503354e-01
1.249529e-01
9.656303e-02
6.569940e-02
3.296411e-02
-9.722475e-04
-3.539545e-02
-6.955893e-02
-1.027042e-01
-1.340820e-01
-1.629744e-01
-1.887136e-01
-2.106934e-01
-2.283971e-01
-2.414084e-01
-2.494191e-01
-2.522440e-01
-2.498253e-01
-2.422313e-01
-2.296597e-01
-2.124308e-01
-1.909821e-01
-1.658480e-01
-1.376553e-01
-1.071103e-01
-7.496913e-02
-4.202974e-02
-9.106953e-03
2.298344e-02
5.344007e-02
8.150793e-02
1.064692e-01
1.276818e-01
1.445819e-01
1.566907e-01
1.636370e-01
1.651421e-01
1.610469e-01
1.512990e-01
1.359626e-01
1.152093e-01
8.932652e-02
5.870313e-02
2.383195e-02
-1.469770e-02
-5.621848e-02
-9.997615e-02
-1.451538e-01
-1.908780e-01
-2.362360e-01
-2.802862e-01
-3.220762e-01
-3.606612e-01
-3.951232e-01
-4.245834e-01
-4.482353e-01
-4.653476e-01
-4.753050e-01
-4.776056e-01
-4.718836e-01
-4.579442e-01
-4.357424e-01
-4.054130e-01
-3.672754e-01
-3.218159e-01
-2.697027e-01
-2.117708e-01
-1.489945e-01
-8.248238e-02
-1.344740e-02
5.682506e-02
1.270008e-01
1.957389e-01
2.617188e-01
3.236868e-01
3.804721e-01
4.310465e-01
4.745276e-01
5.102137e-01
5.376125e-01
5.564379e-01
5.666332e-01
5.683629e-01
5.620058e-01
5.481450e-01
5.275506e-01
5.011451e-01
4.699895e-01
4.352172e-01
3.980389e-01
3.596732e-01
3.213089e-01
2.840845e-01
2.490334e-01
2.170622e-01
1.889185e-01
1.651728e-01
1.461967e-01
1.321593e-01
1.230134e-01
1.185238e-01
1.182538e-01
1.215948e-01
1.277860e-01
1.359584e-01
1.451396e-01
1.543113e-01
1.624359e-01
1.685066e-01
1.715639e-01
1.707501e-01
1.653289e-01
1.547156e-01
1.385080e-01
1.164969e-01
8.867787e-02
5.525770e-02
1.665566e-02
-2.651440e-02
-7.343645e-02
-1.231350e-01
-1.744976e-01
-2.262819e-01
-2.771823e-01
-3.258414e-01
-3.709101e-01
-4.110545e-01
-4.450331e-01
-4.717141e-01
-4.901014e-01
-4.993912e-01
-4.989749e-01
-4.884781e-01
-4.677671e-01
-4.369570e-01
-3.964176e-01
-3.467769e-01
-2.888875e-01
-2.238336e-01
-1.528882e-01
-7.749463e-02
7.813835e-04
8.027314e-02
1.592639e-01
2.360438e-01
3.089182e-01
3.762886e-01
4.366709e-01
4.887409e-01
5.313610e-01
5.636188e-01
5.848494e-01
5.946333e-01
5.928254e-01
5.795533e-01
5.552002e-01
5.204058e-01
4.760315e-01
4.231623e-01
3.630292e-01
2.970337e-01
2.266582e-01
1.534552e-01
7.899806e-02
4.831995e-03
-6.754916e-02
-1.367531e-01
-2.015209e-01
-2.607474e-01
-3.135135e-01
-3.591077e-01
-3.970183e-01
-4.269636e-01
-4.488724e-01
-4.628948e-01
-4.693591e-01
-4.687899e-01
-4.618628e-01
-4.493786e-01
-4.322419e-01
-4.114209e-01
-3.879261e-01
-3.627608e-01
-3.369046e-01
-3.112762e-01
-2.867039e-01
-2.639168e-01
-2.435001e-01
-2.259073e-01
-2.114278e-01
-2.001999e-01
-1.922076e-01
-1.872687e-01
-1.850799e-01
-1.852022e-01
-1.870965e-01
-1.901355e-01
-1.936458e-01
-1.969153e-01
-1.992295e-01
-1.999088e-01
-1.983110e-01
-1.938831e-01
-1.861589e-01
-1.747896e-01
-1.595580e-01
-1.403796e-01
-1.173110e-01
-9.054747e-02
-6.042853e-02
-2.739611e-02
7.981846e-03
4.505389e-02
8.311484e-02
1.213975e-01
1.591337e-01
1.955533e-01
2.299336e-01
2.616055e-01
2.899742e-01
3.145581e-01
3.349770e-01
3.509851e-01
3.624664e-01
3.694366e-01
3.720380e-01
3.705403e-01
3.653328e-01
3.568851e-01
3.457653e-01
3.325927e-01
3.180287e-01
3.027732e-01
2.875056e-01
2.729078e-01
2.596092e-01
2.482208e-01
2.392713e-01
2.332229e-01
2.304772e-01
2.313482e-01
2.360683e-01
2.448022e-01
2.576319e-01
2.745687e-01
2.955496e-01
3.204698e-01
3.491433e-01
3.813369e-01
4.167679e-01
4.551035e-01
4.959525e-01
5.388773e-01
5.833996e-01
6.289665e-01
6.749993e-01
7.208440e-01
7.658054e-01
8.091483e-01
8.500807e-01
8.877920e-01
9.214451e-01
9.501933e-01
9.731974e-01
9.896577e-01
9.988192e-01
1.000000e+00
9.926230e-01
9.762262e-01
9.504902e-01
9.152587e-01
8.705592e-01
8.166025e-01
7.537969e-01
6.827577e-01
6.042722e-01
5.193346e-01
4.290838e-01
3.348168e-01
2.379030e-01
1.398444e-01
4.213747e-02
