
1.000000e+00
1.000000e+00
1.000000e+00
1.000000e+00
1.000000e+00
1.000000e+00
1.000000e+00
1.000000e+00
1.000000e+00
1.000000e+00
1.000000e+00
1.000000e+00
1.000000e+00
1.000000e+00
1.000000e+00
1.000000e+00
1.000000e+00
1.000000e+00
1.000000e+00
1.000000e+00
1.000000e+00
1.000000e+00
4.307218e-03
1.257662e-03
8.160498e-05
6.661428e-04
2.469398e-05
2.361969e-04
6.977234e-04
2.398436e-04
1.922139e-04
1.065804e-04
6.943998e-04
5.044993e-05
2.727560e-02
3.690898e-03
2.293179e-03
1.469086e-03
4.565836e-04
1.749143e-03
3.173951e-04
1.663270e-04
2.311508e-04
2.344377e-04
4.328802e-04
1.833230e-04
8.016809e-04
5.161983e-04
4.354288e-04
2.011786e-04
1.009396e-04
2.766291e-04
4.811302e-04
6.747514e-04
2.935646e-04
3.238187e-04
1.319917e-04
8.719724e-05
1.311511e-04
1.590249e-04
1.719490e-04
3.563464e-04
5.378130e-04
5.565141e-04
2.709787e-03
6.485570e-04
1.809586e-03
5.108104e-04
1.077424e-03
1.758934e-04
1.955399e-04
2.343311e-04
2.722426e-04
4.205451e-04
2.689969e-04
1.434450e-04
1.789308e-04
1.021078e-04
6.073541e-05
4.176950e-04
6.370070e-05
6.169757e-05
2.783071e-04
1.807302e-04
2.282051e-04
4.095809e-05
5.154818e-05
2.276994e-04
1.360033e-04
8.503213e-04
3.633126e-05
7.132401e-04
2.592855e-04
7.642142e-05
2.054849e-04
7.132208e-06
2.553426e-04
4.069908e-04
2.591143e-04
8.078285e-05
8.314321e-05
2.572522e-05
2.659854e-04
1.562643e-04
2.672616e-04
4.242561e-04
2.121475e-04
1.443366e-03
7.473183e-04
3.185135e-03
3.677575e-04
1.360801e-04
1.812656e-04
1.004744e-04
7.220242e-04
1.048544e-04
6.927221e-05
5.936456e-04
4.671694e-05
2.228970e-04
6.579781e-05
9.637636e-04
2.092378e-03
1.351615e-03
8.239823e-04
8.490181e-05
1.141538e-04
6.486405e-05
1.501592e-04
1.731209e-04
4.607099e-04
1.097435e-03
1.986958e-03
1.662000e-03
3.619434e-04
9.735674e-04
9.567824e-05
9.464187e-04
3.272929e-04
1.100242e-03
3.055442e-04
6.351497e-04
1.222761e-04
1.393601e-03
3.471563e-05
4.822788e-04
1.490832e-05
7.805623e-05
1.089012e-04
2.073748e-03
2.214503e-04
2.394906e-03
8.814213e-04
2.716051e-03
2.315575e-03
8.418472e-04
3.702958e-04
4.735262e-04
3.896694e-04
2.654094e-03
9.705248e-04
9.845165e-04
1.043840e-03
3.628394e-04
1.128271e-03
9.268872e-05
8.770703e-04
3.552043e-04
3.529210e-04
5.653117e-04
3.408184e-04
2.708383e-04
4.430988e-04
6.141737e-04
3.607907e-04
5.632231e-04
4.434317e-04
3.070427e-04
5.171108e-04
6.072711e-04
2.539768e-04
7.521897e-04
5.697849e-04
8.961530e-04
4.201012e-04
5.093798e-04
3.677991e-04
3.576668e-04
4.848382e-04
1.984674e-04
3.792459e-04
4.143720e-04
1.030806e-03
6.664474e-05
5.432888e-03
4.270258e-03
2.090421e-03
2.841827e-04
9.692454e-04
7.873073e-04
3.539994e-04
3.311285e-03
8.400216e-04
7.509259e-04
7.455171e-05
2.088718e-04
1.493579e-03
2.004418e-03
2.726987e-04
1.479386e-04
6.475287e-04
6.783316e-04
1.403135e-03
2.911570e-04
3.844852e-03
7.350074e-03
1.469720e-03
5.958266e-03
3.491319e-03
7.632205e-05
3.599094e-03
8.767471e-03
6.307365e-04
1.550961e-02
2.604863e-03
2.291195e-04
8.337936e-04
2.133690e-04
5.746111e-04
3.073762e-05
2.198512e-04
2.921393e-03
3.348011e-03
1.633312e-03
1.707916e-03
1.219724e-04
2.356044e-04
1.627372e-04
1.833336e-04
1.775253e-04
7.782415e-02
3.004530e-03
1.268894e-03
1.720073e-03
4.014788e-05
1.647193e-03
2.594350e-03
2.459872e-03
2.405539e-03
1.118814e-03
3.055491e-04
1.858041e-03
2.141799e-04
1.357171e-04
2.081731e-05
3.295396e-04
6.362644e-04
9.123816e-04
7.542408e-04
7.433704e-04
4.494348e-04
3.309873e-05
5.032060e-04
9.080201e-04
6.517312e-04
6.842421e-04
3.528414e-04
1.094787e-03
4.672648e-06
3.189657e-04
6.001574e-04
1.415520e-03
7.865990e-04
3.083517e-04
2.076274e-04
2.274695e-04
2.048521e-03
2.280368e-04
8.535511e-04
4.073044e-04
5.639163e-04
1.538923e-03
3.379974e-04
1.374317e-03
4.889633e-04
5.207796e-04
1.698461e-03
4.030376e-04
1.912109e-03
1.134796e-04
4.438463e-03
1.848554e-03
2.957121e-03
5.284875e-03
1.392007e-04
4.568138e-03
6.355776e-03
3.036834e-03
5.635464e-03
3.332699e-04
1.309456e-04
1.222005e-04
1.425856e-03
2.412491e-04
2.972248e-05
7.418083e-05
3.940795e-04
9.439417e-05
6.522021e-04
9.462032e-04
3.102643e-01
1.208867e-03
1.485277e-03
2.632309e-03
2.048588e-03
2.522119e-03
4.814378e-03
3.018922e-03
1.295633e-03
1.009875e-03
4.437469e-04
4.635677e-05
4.597608e-04
9.072174e-05
3.110301e-04
3.497526e-04
4.212332e-04
2.700489e-04
2.609911e-04
1.772636e-04
3.417459e-04
1.691315e-03
3.536420e-04
1.954028e-04
3.794205e-04
5.715782e-05
4.103389e-04
6.913798e-04
7.586397e-04
2.823588e-03
1.001047e-03
8.376782e-04
4.504529e-04
3.260721e-04
1.242006e-04
2.131657e-04
9.276527e-05
4.570012e-04
2.621038e-04
1.931362e-04
1.470262e-04
8.899077e-05
2.723290e-05
3.949336e-04
2.836914e-04
1.019390e-04
1.357038e-04
9.546315e-05
1.268842e-04
1.884625e-05
2.070093e-04
1.713045e-04
7.500114e-04
3.198292e-04
1.464981e-03
1.922262e-04
4.263566e-03
4.501574e-04
2.477563e-03
2.178439e-04
9.379135e-04
5.162599e-04
4.665612e-04
2.319803e-03
1.532596e-04
1.648382e-04
4.467852e-04
3.310950e-04
1.369974e-04
6.853614e-04
5.155049e-04
1.626556e-04
3.612714e-04
8.116353e-04
3.947926e-04
3.967150e-04
2.643914e-04
1.420271e-01
1.960299e-03
1.885040e-03
3.030126e-03
2.390911e-04
1.469160e-02
7.959009e-03
8.600333e-04
2.386448e-03
4.912880e-05
3.700061e-03
8.627183e-05
1.309455e-04
5.555718e-04
1.097555e-03
1.380308e-03
7.198601e-04
9.790916e-04
2.306051e-05
8.232020e-04
7.580277e-04
7.967670e-04
1.277916e-03
3.530734e-04
2.793327e-03
7.029752e-05
2.483926e-03
2.260618e-04
9.750573e-05
3.327631e-03
3.908622e-05
5.300561e-04
1.814669e-03
7.697515e-04
1.197404e-03
2.737871e-05
1.493419e-03
1.079671e-03
1.407535e-03
6.312137e-05
6.409290e-05
1.313453e-03
1.918883e-03
2.651746e-03
8.442804e-05
5.417761e-04
3.023637e-03
1.749991e-03
5.276825e-03
4.143076e-03
6.253732e-05
6.033176e-03
4.361797e-04
8.121855e-04
1.406647e-03
4.259975e-04
4.536768e-04
7.620068e-05
6.349081e-05
1.765251e-04
1.631105e-04
2.802421e-05
4.662812e-05
9.260004e-06
1.257351e-01
5.514535e-02
4.628992e-03
3.107205e-03
6.916608e-03
7.347498e-03
3.896341e-03
7.712656e-03
2.867647e-03
3.558048e-04
4.552359e-05
8.448069e-04
2.856091e-03
6.540483e-04
3.007990e-03
1.229758e-04
1.218874e-04
6.379061e-04
1.322707e-03
3.358891e-04
1.764643e-04
9.296905e-04
6.091581e-04
6.801927e-04
2.772188e-04
6.080906e-03
1.253700e-03
4.749377e-04
4.368022e-03
4.474176e-03
6.146699e-04
1.103962e-03
1.693477e-03
1.374003e-05
1.084213e-03
4.772801e-04
3.401470e-04
1.561242e-03
6.852565e-04
4.802924e-04
6.807812e-05
6.916426e-04
1.304417e-03
1.091290e-03
8.638485e-04
2.957798e-04
2.312464e-03
1.638470e-03
2.261345e-03
5.335890e-03
6.401441e-04
3.431695e-03
2.387882e-03
4.117090e-03
1.486487e-04
1.043644e-04
1.574038e-04
7.567804e-04
1.865198e-04
9.046896e-05
7.668423e-05
6.958313e-04
3.210266e-05
1.233126e-04
3.082724e-01
1.128464e-02
2.489846e-03
5.023784e-03
1.523789e-02
1.566194e-02
5.077693e-03
1.846406e-03
3.397380e-03
6.076121e-05
7.484451e-04
4.290855e-04
1.267943e-03
3.655281e-04
4.207335e-05
2.921724e-03
3.867297e-04
5.370051e-04
1.679753e-04
4.734740e-04
9.802127e-04
1.291321e-03
2.924884e-05
2.691799e-04
1.629465e-03
2.212369e-03
2.915380e-04
9.198091e-04
2.343628e-03
6.830549e-04
9.367252e-04
6.048963e-04
3.437746e-04
5.566795e-04
1.449824e-03
2.204816e-03
2.594183e-04
1.692363e-03
2.581125e-03
4.708124e-03
3.422895e-04
2.945476e-03
4.301738e-03
4.176949e-03
3.238935e-04
7.984100e-04
1.421736e-03
3.218536e-03
1.764026e-03
3.285992e-04
5.065232e-04
8.582533e-04
1.247788e-03
4.744182e-04
1.112585e-03
4.001045e-04
9.937710e-04
4.097143e-03
5.869645e-04
2.800298e-04
1.463757e-03
7.540551e-03
1.274355e-02
5.771447e-03
1.640248e-03
4.017266e-03
1.105315e-02
8.212313e-04
2.286475e-04
1.433939e-03
5.635474e-04
4.433840e-06
1.778799e-03
1.152137e-03
1.711547e-04
3.014232e-04
7.531411e-04
8.011462e-05
5.076575e-05
1.639200e-04
3.242546e-04
3.811716e-05
5.376771e-04
1.823763e-04
7.906163e-04
5.540383e-04
2.296566e-04
2.966275e-04
1.777746e-04
1.547437e-04
1.616363e-04
1.778083e-04
9.861093e-05
1.480066e-04
1.653794e-04
6.662004e-04
3.220982e-05
2.746802e-04
2.035094e-04
4.365247e-04
6.044068e-05
1.005309e-04
5.618864e-05
8.545393e-05
1.369241e-04
1.354120e-04
3.481237e-04
1.919544e-04
3.358277e-04
1.956290e-05
3.859871e-04
2.979697e-04
1.489034e-04
6.348852e-04
9.448828e-05
4.682241e-04
1.629428e-04
3.728303e-04
8.735521e-05
1.012676e-05
4.066387e-04
1.792175e-04
3.317774e-04
2.346140e-04
2.013398e-04
2.259773e-04
2.133947e-05
1.984672e-04
2.018611e-04
1.012561e-04
4.601218e-05
2.343999e-05
1.159817e-04
7.485335e-04
8.607698e-05
6.173757e-04
7.001372e-05
3.618160e-04
1.496640e-04
5.020741e-04
6.858542e-05
2.609131e-04
4.959811e-04
1.068149e-02
1.110014e-03
5.212010e-03
2.641323e-03
3.598190e-03
1.018845e-03
1.424437e-03
1.466483e-03
1.466192e-03
2.185796e-03
2.033652e-04
1.148079e-03
4.253608e-05
5.187422e-05
9.372932e-05
2.752461e-04
7.015787e-04
1.148737e-03
4.347624e-03
4.620609e-04
3.137550e-04
9.064882e-05
7.479351e-04
2.144502e-04
4.282532e-04
1.618269e-04
3.399895e-04
4.867976e-04
7.930668e-04
1.662292e-04
1.577235e-04
7.566529e-04
5.212530e-04
8.966106e-05
1.070624e-04
2.820242e-05
1.495818e-04
2.184648e-03
1.503114e-03
6.022850e-04
4.313667e-03
8.981996e-05
2.894378e-03
8.636295e-05
1.967032e-04
4.234108e-05
9.277058e-04
9.664125e-05
9.005623e-04
7.386500e-05
5.739973e-05
6.426568e-05
5.139007e-04
9.269014e-05
1.076286e-03
1.598592e-04
1.975826e-03
4.408217e-04
1.647281e-04
5.203038e-04
1.161179e-03
1.731241e-04
1.544158e-04
1.021439e-03
5.171953e-05
3.225947e-04
6.128367e-04
6.133571e-04
3.043468e-04
2.475390e-03
2.077451e-04
3.633885e-04
2.487537e-03
7.275066e-04
1.127476e-04
3.947631e-04
5.760404e-04
1.533349e-04
2.817062e-04
9.057772e-04
2.045108e-03
1.263903e-04
3.282427e-04
3.337393e-05
3.972069e-05
2.163156e-04
1.759600e-04
1.452309e-04
1.726123e-03
1.372043e-03
4.229897e-04
4.183462e-04
1.066430e-03
1.231927e-04
1.136324e-03
5.673558e-04
6.293449e-05
5.556747e-04
7.988237e-04
1.763411e-04
6.735595e-05
7.573381e-05
6.833982e-05
6.449757e-05
8.494958e-05
4.574382e-04
6.488803e-04
1.579717e-04
5.910167e-05
1.678199e-04
1.050827e-04
1.639369e-04
4.644209e-05
2.513519e-05
4.745321e-05
1.323254e-04
5.524756e-05
2.505177e-04
5.553974e-04
3.406352e-04
4.174548e-04
9.049012e-05
4.435273e-04
1.609853e-04
2.679994e-04
1.387675e-04
3.610776e-04
1.335329e-02
6.387278e-02
1.519744e-02
1.035410e-02
4.999492e-03
1.197943e-04
1.994190e-03
9.329151e-03
1.445500e-02
4.307895e-04
5.322710e-03
8.924849e-04
3.043421e-03
8.125728e-04
1.327821e-02
9.752067e-03
1.261446e-03
5.091384e-03
3.271647e-04
2.798286e-03
8.356266e-04
2.237833e-03
6.094219e-04
3.234337e-04
1.032548e-03
1.735467e-04
7.271299e-04
1.085319e-04
1.094700e-03
6.113732e-04
1.799602e-03
1.412169e-03
4.073973e-04
4.271882e-03
6.463100e-04
4.536454e-03
8.066729e-04
1.629896e-04
1.454411e-03
3.473024e-05
9.565754e-04
6.523376e-04
4.604954e-04
1.429810e-03
2.275981e-05
7.892690e-04
2.377737e-04
1.832492e-04
1.397995e-03
5.256196e-05
8.713120e-04
1.028229e-03
7.603513e-04
1.281827e-03
3.445721e-04
9.455204e-04
1.543864e-03
6.258414e-04
3.945042e-03
4.573283e-04
3.300510e-04
8.025951e-04
7.550294e-04
2.003457e-04
1.149694e-04
2.336370e-04
6.522706e-04
6.128176e-04
5.575198e-04
6.379456e-05
3.545282e-04
5.378093e-04
8.928490e-04
4.635532e-04
1.671348e-04
1.458656e-03
2.066775e-04
8.535979e-04
4.488905e-04
1.028346e-03
1.801030e-03
7.310885e-04
7.277174e-04
8.429436e-05
5.027973e-04
2.263349e-04
1.154557e-03
2.948265e-04
7.814859e-04
8.911807e-04
4.741939e-04
7.972425e-04
2.639214e-04
1.995884e-04
9.580093e-05
2.229676e-03
1.250794e-04
1.844390e-03
2.721912e-04
1.377857e-03
4.965678e-04
2.418505e-03
6.116222e-04
1.569266e-03
2.439838e-03
1.189970e-04
1.647137e-03
1.635848e-03
7.051836e-05
8.774501e-04
1.340150e-03
1.068167e-03
1.735424e-03
4.851563e-04
7.651784e-04
1.685764e-03
3.133886e-03
3.661557e-03
2.750311e-03
3.147501e-03
6.793057e-03
1.442565e-03
8.760769e-04
4.112270e-04
6.461497e-04
3.131909e-04
1.188285e-03
2.628368e-04
8.258537e-04
2.797152e-05
2.945625e-04
3.358784e-05
2.399959e-04
2.564458e-04
2.280194e-04
8.151809e-04
1.312981e-03
7.861158e-04
3.318531e-04
2.714374e-03
1.279682e-05
6.236439e-05
2.061982e-04
1.348592e-03
9.952852e-04
1.059135e-03
9.973197e-04
2.003266e-03
3.281034e-03
7.775952e-04
3.877617e-03
9.717506e-04
3.810226e-03
1.691838e-03
5.296680e-04
3.736396e-04
2.645733e-03
1.393394e-04
2.168494e-03
2.192475e-03
1.094948e-03
2.422919e-03
4.471095e-04
9.038401e-03
2.402803e-02
1.048892e-03
2.812481e-02
7.178155e-03
2.425575e-04
6.521668e-03
9.858421e-04
1.460291e-02
8.433184e-04
2.309424e-03
2.858618e-03
6.311421e-03
4.495549e-03
4.803553e-04
1.176744e-02
1.510080e-02
3.607653e-03
1.616746e-03
1.861815e-03
4.921388e-04
1.385481e-03
1.741834e-03
5.714925e-04
3.924015e-04
2.003217e-04
5.708728e-05
9.009271e-04
5.328306e-04
1.491601e-04
3.790063e-05
3.013141e-04
5.117645e-04
2.904744e-04
1.748534e-03
2.526625e-04
3.252966e-04
1.777472e-04
7.811633e-04
9.604525e-04
1.269769e-04
4.310703e-04
8.553552e-05
8.237549e-04
1.267021e-03
9.254675e-04
1.142619e-03
3.566737e-05
1.253283e-03
5.307989e-04
1.492481e-03
9.121723e-04
3.689206e-04
6.043484e-04
6.001360e-05
4.282365e-04
9.264609e-04
1.897667e-03
2.592486e-04
2.867945e-04
6.079754e-04
1.266235e-04
1.941044e-03
6.944324e-04
1.060230e-03
9.311375e-04
1.067553e-04
1.030579e-03
3.670929e-04
1.481481e-03
5.793675e-04
4.603078e-04
2.176905e-04
4.866558e-04
2.692625e-03
4.197472e-04
4.204447e-04
2.357847e-04
3.961410e-04
1.083283e-03
1.668189e-04
1.597135e-04
1.038785e-03
4.557434e-04
3.649313e-04
1.017869e-04
2.263548e-04
8.243377e-04
5.469598e-04
3.318885e-04
2.905681e-04
3.028708e-04
1.714709e-03
1.821570e-03
2.866287e-05
1.908722e-04
7.700532e-04
9.801489e-04
8.366040e-04
3.341117e-04
2.654181e-04
5.496362e-05
3.649702e-04
1.525245e-03
2.059460e-04
8.217352e-04
5.115556e-04
6.578655e-04
1.222231e-04
4.069027e-04
1.315516e-04
9.467732e-04
1.214455e-03
8.899957e-04
3.061328e-04
4.415496e-04
3.434136e-03
1.491392e-03
7.182308e-04
8.911820e-03
4.778359e-03
3.864438e-05
2.517755e-04
4.621130e-05
9.721944e-04
4.792363e-04
1.268956e-03
1.538465e-04
8.071137e-04
4.926332e-04
7.784358e-04
6.654138e-04
3.577266e-04
1.427372e-04
5.721318e-05
5.338787e-05
3.003080e-05
5.262912e-05
2.453911e-04
3.906087e-04
6.654888e-04
6.055040e-04
1.997486e-03
5.524054e-04
4.236249e-04
3.654161e-04
4.248696e-04
1.185962e-03
1.913839e-03
7.501922e-04
5.677268e-05
1.254622e-03
8.174060e-04
1.871483e-03
2.042717e-03
3.292126e-04
3.134633e-03
1.662340e-03
9.031779e-05
3.617263e-03
8.043186e-04
1.007522e-05
4.403116e-03
8.848631e-04
3.170770e-04
1.670651e-03
9.512717e-04
1.233807e-03
1.570662e-03
6.573719e-04
7.976393e-04
2.267952e-03
9.526986e-05
2.043289e-03
4.544639e-03
2.675866e-05
4.140658e-03
1.312755e-03
1.347899e-04
1.101855e-03
1.442840e-03
9.087154e-05
5.237521e-03
4.616333e-03
2.034605e-03
3.128445e-04
3.569641e-04
2.105880e-03
7.201370e-03
8.995397e-03
8.635555e-04
1.373601e-03
1.316127e-03
2.589157e-03
2.180623e-03
3.190941e-03
1.948754e-03
5.111581e-05
4.197710e-04
3.305812e-04
2.078281e-03
9.124869e-03
1.008117e-04
1.571635e-03
3.450130e-03
7.322691e-04
2.198359e-03
2.844058e-03
4.836006e-04
8.372681e-04
1.776260e-03
7.131373e-04
5.727427e-04
5.067225e-03
4.792992e-03
4.376898e-03
1.806412e-03
1.221510e-04
5.543123e-04
2.657797e-04
4.095018e-04
1.182423e-04
1.435269e-03
8.439098e-04
1.327768e-03
1.400585e-03
3.615598e-04
1.146553e-03
5.244948e-05
7.056283e-05
1.446422e-04
1.819326e-04
1.539808e-03
1.038734e-03
8.410907e-05
3.982864e-04
4.044171e-04
1.184585e-03
4.110393e-05
3.792969e-04
2.207293e-05
2.583790e-04
3.643092e-04
6.425646e-04
1.598183e-04
1.027896e-03
3.257284e-03
1.728740e-04
9.348055e-04
2.673881e-03
1.645427e-03
3.478833e-05
7.061917e-04
2.080144e-04
4.532944e-04
1.775565e-04
2.594865e-04
6.525501e-05
1.377375e-04
3.520554e-04
2.948111e-04
5.264574e-04
3.607680e-04
8.739126e-04
2.312920e-04
3.576344e-04
1.363977e-04
2.500143e-04
1.554502e-04
5.838589e-05
1.483581e-04
2.467955e-04
1.850721e-03
1.018300e-04
2.093746e-04
3.175413e-05
1.273629e-04
3.146800e-04
2.229308e-04
2.525365e-05
6.627400e-04
2.399985e-04
1.930127e-05
1.687540e-04
1.967685e-04
2.326131e-04
8.867445e-05
1.570826e-04
2.387597e-04
6.693297e-05
2.492869e-04
1.582522e-04
3.252862e-04
3.659253e-05
1.163871e-03
7.815356e-04
1.644882e-05
4.250364e-04
5.061072e-04
1.922709e-04
4.288133e-05
2.147261e-04
2.295611e-04
1.172707e-04
2.189443e-04
1.070396e-04
3.611969e-04
4.839807e-04
8.055654e-04
9.393338e-04
4.145537e-04
1.630134e-04
3.199746e-04
7.821533e-04
3.776331e-05
8.422808e-05
1.564045e-04
2.437805e-04
1.396013e-03
2.675181e-04
3.227430e-05
2.771895e-05
1.423371e-03
1.070259e-04
5.813575e-05
1.649203e-01
1.289337e-02
1.229222e-03
2.514642e-03
2.384656e-03
1.754598e-03
3.374203e-03
6.320874e-03
2.556590e-04
4.249902e-03
3.399421e-04
1.713834e-03
1.005140e-03
4.042230e-04
8.267540e-04
1.325879e-03
8.808727e-04
3.801654e-04
7.550759e-04
4.235884e-04
1.279372e-03
6.878358e-05
2.130566e-03
3.067940e-04
2.417982e-04
3.695709e-03
3.725309e-04
9.489969e-04
7.567348e-05
1.528789e-03
5.925078e-04
6.240247e-04
1.132960e-03
3.110841e-04
3.643890e-04
2.803662e-04
1.405878e-03
1.236070e-03
3.407756e-04
3.685193e-04
2.574803e-04
1.514702e-03
1.500588e-03
4.588950e-04
2.089635e-04
2.457724e-04
2.565054e-03
1.402644e-03
4.035646e-04
2.122172e-04
4.100183e-04
2.007202e-03
1.629003e-03
5.881930e-05
3.919594e-04
8.566894e-04
1.700167e-03
1.489575e-03
1.070611e-04
3.021322e-03
6.027762e-03
6.415403e-03
7.542609e-04
1.622329e-03
1.104588e-03
1.230339e-04
3.411109e-04
3.447748e-04
1.123804e-04
3.194273e-04
1.650512e-04
1.020916e-04
1.396724e-04
4.020261e-05
9.489420e-05
4.808325e-04
2.853546e-04
1.283945e-04
2.946652e-01
1.689825e-03
6.050054e-04
1.196868e-03
1.179632e-02
2.265506e-02
1.650501e-02
1.532527e-03
1.557002e-03
1.758273e-03
2.093020e-04
2.579651e-03
3.253765e-03
2.748773e-02
3.646264e-02
4.671920e-04
1.078628e-03
6.955069e-03
2.826423e-03
1.059186e-03
3.849460e-04
7.428578e-03
8.877103e-03
8.623840e-03
2.390561e-02
3.106006e-03
9.237353e-04
6.728965e-03
3.096716e-02
4.491905e-03
1.020908e-02
4.471467e-03
1.248646e-04
8.093409e-03
1.292251e-02
1.233456e-01
3.143820e-03
8.343903e-04
2.396845e-03
8.397363e-04
3.600681e-04
3.773061e-04
2.604716e-04
8.090278e-04
2.462972e-03
4.512101e-05
4.768468e-04
3.041498e-04
2.204159e-04
1.431567e-04
7.572584e-04
2.711419e-05
1.983275e-03
9.410008e-04
2.247924e-03
2.077634e-03
6.636032e-03
5.344831e-03
1.711073e-03
4.525317e-03
1.143729e-03
1.089906e-03
5.898142e-04
3.046340e-04
1.008973e-03
2.293845e-04
7.937845e-04
3.772822e-04
1.154239e-03
9.147808e-05
3.986794e-04
1.536600e-04
4.207566e-04
3.957700e-04
1.867945e-03
1.650394e-03
2.683624e-04
7.079278e-04
1.004233e-04
1.092311e-03
6.803515e-05
6.722537e-03
2.863556e-02
8.164496e-03
2.784373e-03
2.452007e-03
1.658594e-04
7.438486e-04
4.582072e-04
3.197371e-03
6.161577e-04
8.670728e-04
5.393657e-04
1.172357e-03
9.080176e-04
9.398225e-04
1.870235e-03
5.886569e-04
1.665946e-04
3.963491e-05
5.662022e-04
3.847808e-04
1.074115e-03
1.328235e-03
1.054881e-03
3.096604e-04
1.520248e-05
1.914292e-03
4.184031e-04
1.111455e-03
1.165780e-03
4.058120e-04
8.153617e-04
3.567400e-04
1.196498e-03
1.690538e-03
2.965908e-05
5.668335e-03
4.146770e-04
1.195716e-03
7.689612e-04
6.030852e-05
3.543366e-03
2.736817e-04
3.186958e-04
1.797020e-03
9.689727e-04
9.023647e-04
4.215528e-04
7.588617e-04
1.009171e-03
1.740807e-03
1.162032e-03
7.222013e-04
2.418927e-03
1.842236e-03
8.309244e-04
2.924422e-03
6.315677e-04
2.077609e-03
1.290428e-03
1.700908e-05
3.127515e-03
1.452831e-03
1.528986e-04
3.440141e-04
2.398644e-03
9.777972e-04
2.051927e-04
7.445185e-04
3.010353e-03
1.634795e-03
6.653714e-04
6.742447e-03
3.434564e-03
1.008946e-04
2.682634e-03
3.302358e-03
1.268627e-03
7.983238e-03
3.021437e-03
1.846246e-04
1.156962e-02
9.197719e-04
5.581597e-04
3.437452e-03
1.568558e-02
1.656606e-04
5.867176e-03
4.937089e-03
3.135110e-03
4.231005e-03
5.565925e-05
5.317758e-03
2.470514e-03
4.840794e-04
3.605113e-04
1.320384e-03
2.597409e-03
4.641691e-04
6.260374e-04
3.615807e-04
8.819725e-04
1.336696e-03
9.221142e-04
1.857744e-03
6.417924e-04
4.121885e-03
7.115428e-04
5.180994e-04
8.896095e-03
1.631744e-03
4.637970e-04
1.086863e-03
1.303007e-04
3.147636e-04
1.224281e-03
2.170541e-03
3.755765e-03
1.667522e-03
1.797232e-04
7.449711e-04
1.031145e-03
3.186031e-04
4.196580e-04
6.838279e-04
2.368328e-04
8.798445e-04
3.690021e-04
3.463971e-04
1.795228e-03
2.849749e-04
5.197572e-04
2.751011e-04
3.897954e-04
1.345217e-04
2.534610e-05
1.508865e-04
2.784058e-05
5.477105e-05
1.227460e-04
2.155120e-04
3.862197e-04
1.473011e-04
1.441386e-04
4.990977e-05
1.751561e-04
1.219079e-04
1.179271e-04
7.662937e-05
1.469032e-04
2.079923e-04
5.923323e-04
4.264966e-04
6.651416e-05
2.574886e-04
1.367806e-03
1.339225e-04
5.802233e-04
1.248938e-04
5.223980e-05
9.107779e-05
1.059610e-04
8.325967e-05
3.361695e-05
1.890254e-04
7.878539e-05
2.166732e-04
5.611401e-05
1.143413e-03
8.305717e-04
1.816056e-04
8.841718e-05
5.179639e-05
2.560589e-05
1.833735e-04
6.038887e-04
1.972324e-04
2.704705e-04
7.231992e-05
1.034694e-04
7.861980e-05
1.029211e-04
1.608983e-04
1.666182e-04
3.866734e-04
5.215757e-04
3.180183e-04
2.660219e-05
1.865139e-04
1.352299e-04
2.870605e-05
1.012337e-04
5.011535e-05
1.197622e-03
4.124355e-02
1.617518e-02
2.053536e-03
2.521816e-02
2.249961e-02
5.979908e-04
1.143922e-04
1.847802e-04
1.563206e-04
1.525329e-04
4.068126e-05
3.043441e-04
4.065792e-04
8.949900e-05
7.808688e-05
4.815250e-03
4.351930e-02
5.571572e-03
4.441566e-03
1.948709e-02
2.050599e-02
5.389698e-04
3.706447e-02
2.862446e-02
5.822601e-04
3.113710e-02
2.136627e-02
1.374029e-03
4.815762e-04
2.308966e-04
1.894569e-04
3.208321e-04
5.195608e-04
6.753785e-05
9.673266e-05
1.613452e-04
7.554453e-05
3.203113e-04
5.855736e-04
4.585454e-04
2.936765e-04
1.654595e-04
2.528038e-04
2.298886e-05
7.431002e-05
1.436794e-03
7.891890e-05
1.367979e-04
2.188088e-04
6.215360e-05
3.273420e-04
9.014820e-04
5.748431e-05
3.269315e-04
6.009907e-02
5.106261e-03
4.497639e-03
1.410334e-03
1.207552e-03
1.290569e-04
3.336839e-04
4.945527e-04
7.394620e-04
1.497336e-04
6.336708e-04
2.438346e-04
5.481200e-04
2.178840e-04
8.787185e-04
1.017196e-03
5.344279e-04
6.032271e-04
6.631447e-04
4.539953e-03
1.202250e-03
1.194768e-03
3.707732e-03
7.746166e-03
2.343431e-04
7.858516e-04
4.590585e-04
2.396835e-03
2.950350e-03
2.956657e-04
8.609185e-04
4.016524e-04
2.035702e-01
3.694712e-02
1.970980e-03
2.800900e-03
2.481535e-03
5.240289e-05
1.733515e-03
1.958222e-04
2.766597e-04
5.921278e-04
5.670727e-04
2.294042e-03
2.514944e-04
9.108591e-04
4.504890e-03
2.179171e-03
4.928467e-03
3.446744e-02
8.650368e-03
5.842477e-04
1.809789e-03
1.269057e-03
1.193103e-03
1.682250e-04
9.036422e-04
3.300519e-04
8.548417e-04
8.964969e-04
8.440021e-04
6.867864e-04
4.610911e-04
6.827991e-04
4.660217e-04
3.026531e-04
1.951914e-04
1.899380e-04
8.061029e-04
3.021317e-05
1.487101e-03
1.994683e-04
1.106794e-03
3.843761e-04
3.773518e-04
1.672432e-03
4.262107e-04
4.963461e-04
8.228286e-05
4.347155e-03
3.943034e-04
4.253284e-03
6.779494e-04
1.918727e-03
1.047925e-03
3.018591e-05
3.693482e-04
4.742660e-04
8.947829e-04
7.590733e-04
1.065629e-03
1.547395e-04
7.281043e-04
4.404712e-03
3.434116e-03
2.969233e-04
3.495528e-03
1.238089e-04
1.219337e-03
1.409539e-03
4.217956e-04
4.807393e-04
3.111266e-04
1.636464e-03
1.259901e-03
5.034923e-04
3.994542e-04
1.071771e-03
1.723551e-03
7.330559e-04
1.386072e-05
3.863656e-03
9.844876e-04
5.084183e-04
2.119005e-03
3.177822e-04
1.713566e-03
1.716321e-03
1.126920e-05
2.678917e-03
1.407118e-03
3.537768e-03
8.365757e-04
3.090499e-03
1.830678e-04
2.620424e-04
8.676880e-04
1.593007e-04
4.157768e-04
6.304859e-04
5.329774e-04
9.112590e-04
6.649774e-04
2.221551e-03
1.220627e-03
2.154296e-03
4.608470e-03
1.205639e-03
3.274541e-04
8.128816e-04
2.553266e-04
1.076053e-04
4.231366e-04
6.603337e-04
4.526701e-04
4.340851e-04
5.631092e-04
1.685748e-04
1.626087e-04
1.320653e-04
7.319327e-05
3.027996e-04
1.790367e-04
2.174355e-04
1.254533e-04
1.705859e-04
2.616481e-01
2.936478e-03
2.980273e-04
4.308581e-03
1.397898e-03
7.888589e-05
1.302858e-02
9.292454e-03
5.707854e-04
2.408840e-03
1.330329e-03
5.272162e-04
1.107070e-03
5.226006e-03
2.021917e-03
4.759364e-04
1.898308e-03
4.850058e-03
1.670559e-03
2.413136e-03
1.033805e-02
1.855433e-03
7.143014e-04
1.756442e-03
9.131890e-04
1.031224e-02
8.499110e-04
2.725179e-04
7.587259e-04
1.546799e-03
7.458121e-05
2.813846e-03
8.307102e-03
1.955829e-03
1.572426e-03
1.488323e-03
7.133751e-03
2.967580e-03
1.173800e-03
4.116647e-04
3.186102e-04
3.363735e-03
2.473533e-03
1.154347e-03
1.984731e-03
4.797218e-04
4.174850e-04
8.339617e-05
1.055487e-03
1.960705e-04
4.317927e-05
2.574769e-03
4.942814e-04
5.067701e-04
6.842630e-04
9.073928e-04
2.930865e-05
7.102683e-04
1.440358e-03
1.468589e-04
7.760091e-04
2.239262e-04
4.896514e-05
1.412905e-03
5.593373e-04
4.765383e-04
4.749195e-04
4.418025e-04
3.058037e-04
3.727305e-04
1.149853e-04
1.321598e-04
1.413019e-04
3.439773e-04
8.064664e-05
3.013111e-04
7.701402e-04
1.743500e-04
2.142053e-04
2.439096e-04
3.812228e-04
3.201739e-04
5.215293e-04
1.812686e-04
5.086942e-04
3.913800e-04
3.813018e-04
3.177282e-04
6.329784e-04
1.202213e-04
3.231775e-04
2.933179e-04
1.899675e-04
3.007319e-04
3.730105e-05
7.722355e-04
1.304627e-04
2.812773e-04
1.188104e-04
3.139103e-04
2.181311e-04
9.598341e-05
1.518339e-04
1.239739e-03
2.233962e-04
5.343499e-04
3.744242e-04
6.560716e-04
1.876699e-04
1.869127e-04
2.743317e-04
8.557562e-04
2.382549e-04
6.909979e-04
2.326265e-04
2.626732e-05
3.031500e-04
1.549409e-04
4.426331e-04
1.257863e-03
3.953120e-04
9.706682e-04
9.765638e-04
3.277955e-04
7.832804e-04
2.684843e-05
1.784033e-04
4.690113e-04
1.041388e-03
1.853367e-03
1.873067e-03
3.918343e-04
1.305700e-03
2.752019e-05
8.743290e-04
4.316880e-04
7.570567e-04
1.083585e-03
1.300848e-04
3.233739e-04
8.504462e-04
5.681975e-04
2.539168e-03
2.152639e-04
2.066253e-04
9.169822e-04
6.585272e-04
1.889713e-03
3.696148e-04
2.070314e-03
9.620919e-05
6.617703e-04
8.337491e-04
4.728228e-04
9.633077e-04
2.801224e-04
1.752754e-03
1.456025e-04
1.543385e-03
4.289097e-05
7.709403e-04
2.739297e-04
1.190903e-03
3.875740e-04
6.756685e-04
7.424686e-04
2.627345e-04
1.828545e-04
2.742040e-05
2.171590e-03
2.320737e-04
4.676750e-05
7.653927e-05
3.253307e-04
1.034085e-04
2.157614e-04
2.049462e-04
3.019366e-04
2.772197e-04
4.478383e-04
1.010684e-03
5.949289e-04
6.868086e-04
8.544209e-04
2.029708e-03
1.001696e-03
6.256944e-04
2.096929e-04
1.861575e-04
6.980720e-05
2.031202e-04
6.834600e-05
6.171699e-04
4.652530e-04
1.178459e-03
1.731278e-04
6.667650e-04
8.911676e-04
4.481080e-04
3.576180e-04
7.703819e-05
1.038058e-04
3.895241e-04
1.101935e-03
4.656958e-04
3.793844e-04
9.862655e-04
6.485097e-04
1.030933e-03
1.509448e-04
8.166628e-04
4.193993e-05
3.285399e-04
6.358336e-04
7.159594e-04
9.591531e-04
1.186763e-03
1.407749e-03
2.418174e-04
7.096127e-03
2.398435e-03
8.723999e-04
6.586352e-03
3.057381e-03
1.028769e-04
5.877060e-03
7.930150e-04
2.278046e-03
7.282182e-04
1.741861e-03
9.274323e-03
1.532193e-03
7.976393e-03
7.551828e-03
1.617785e-03
8.515720e-03
1.088983e-02
9.234477e-04
5.876038e-04
1.217620e-04
1.511298e-03
9.743806e-04
2.890389e-03
4.597039e-04
9.100815e-04
5.878439e-03
4.965797e-04
3.528777e-03
2.478988e-03
4.140549e-04
1.738873e-01
3.195267e-03
2.823499e-03
1.540500e-03
3.368307e-03
5.676580e-04
7.850163e-04
2.040926e-04
1.890201e-03
1.219280e-03
1.776325e-03
7.061719e-04
1.370465e-03
1.623624e-03
1.349451e-04
2.848871e-03
1.308236e-04
1.079178e-03
5.969692e-04
1.390902e-03
3.024716e-04
2.111031e-04
1.233926e-03
2.591088e-04
5.674022e-04
7.210671e-04
1.168180e-03
4.215968e-04
1.418821e-04
6.966352e-04
2.049799e-04
1.412591e-03
4.528958e-04
5.905896e-04
1.065448e-03
5.617125e-05
8.390484e-04
4.168583e-04
6.872318e-04
1.319691e-03
1.786177e-04
1.880631e-03
8.687792e-04
1.236369e-03
1.474989e-03
2.528861e-03
3.582136e-04
2.425529e-05
1.298139e-03
1.666939e-03
1.302111e-03
2.111305e-03
5.290281e-03
3.309740e-03
2.232628e-03
1.532698e-03
2.062021e-04
2.119440e-03
2.301431e-03
1.695129e-03
1.049410e-03
7.707929e-04
3.072643e-03
1.784915e-03
1.990117e-03
4.746069e-03
2.836172e-03
9.726573e-04
1.870502e-03
1.349835e-03
4.454504e-04
7.213030e-04
2.326042e-04
1.613492e-03
8.553011e-04
8.627389e-04
3.084143e-03
9.824955e-04
6.349343e-04
3.727057e-03
3.068307e-03
7.470292e-03
5.700640e-03
1.808503e-03
8.048804e-04
4.419785e-04
1.496302e-03
2.088499e-04
5.160220e-04
4.841597e-04
1.744847e-03
1.272291e-03
8.936962e-04
7.608962e-04
3.432317e-04
1.430850e-03
4.920502e-04
5.068609e-04
8.724535e-03
1.848472e-03
1.684617e-03
6.127240e-04
7.332243e-04
1.136721e-03
6.676614e-04
2.017627e-03
5.229068e-04
1.264595e-04
4.331833e-04
3.163227e-04
1.425073e-04
5.752496e-05
2.432758e-04
1.453550e-04
2.789114e-04
5.431670e-05
6.465127e-04
9.264344e-05
2.400303e-04
3.495032e-04
7.030049e-04
1.727213e-04
1.092216e-03
6.156327e-04
2.241777e-04
4.860713e-04
3.143032e-04
8.397583e-04
3.553196e-04
4.096651e-04
7.492280e-05
7.233360e-04
1.707802e-04
1.076439e-03
1.203668e-04
1.647271e-04
3.202519e-04
1.747433e-03
1.095070e-03
3.230530e-04
3.061463e-04
5.952414e-04
1.810151e-03
1.839181e-03
3.877915e-04
1.278196e-03
2.066186e-04
2.697603e-04
3.782477e-04
8.460590e-05
4.867084e-04
8.304053e-05
3.733168e-04
1.456887e-04
2.105671e-04
2.841469e-04
1.811902e-04
1.582798e-04
1.274785e-05
6.092083e-04
5.724472e-05
5.116164e-04
3.320927e-04
7.376898e-05
5.681360e-04
2.895352e-05
2.029867e-04
7.609131e-05
1.932817e-04
5.865798e-05
1.858646e-04
6.549461e-04
5.949051e-03
8.074067e-04
5.479960e-04
1.892744e-03
5.942245e-03
6.839642e-04
1.004228e-03
2.445390e-05
3.375139e-04
8.362199e-04
5.067175e-03
5.570659e-03
1.812126e-02
2.340912e-02
3.197911e-03
7.273540e-03
6.612489e-04
6.639657e-04
1.394319e-04
1.731738e-04
2.680069e-04
1.684642e-03
3.855637e-03
2.045821e-03
5.350155e-04
3.087194e-02
2.131926e-02
7.125155e-03
1.631044e-03
2.914397e-03
4.835759e-05
2.234838e-03
1.397926e-04
1.243682e-03
6.981654e-04
2.461483e-03
1.115413e-03
7.785673e-04
1.200028e-03
4.306453e-04
1.282215e-03
1.090337e-03
1.466367e-04
6.275889e-04
6.242033e-04
2.273935e-03
9.848434e-04
1.371926e-05
1.162900e-03
2.058279e-03
4.298250e-04
1.857087e-04
8.001698e-04
1.041648e-03
3.307592e-03
3.940619e-04
1.792232e-03
2.127277e-03
9.331414e-04
5.249130e-03
2.614608e-03
3.287737e-04
5.416141e-03
2.862747e-03
3.716963e-03
1.286291e-03
4.146784e-04
1.258732e-03
3.550918e-03
1.292609e-02
3.674444e-03
6.913400e-03
5.930310e-04
7.604275e-03
4.291875e-02
1.817025e-03
3.274387e-03
7.186374e-03
1.532652e-02
7.258649e-03
1.673988e-02
2.326034e-02
4.143995e-04
2.873164e-03
1.347659e-02
5.312355e-04
2.012946e-03
4.445232e-03
1.632789e-03
1.979610e-03
8.216453e-03
1.615117e-03
3.933104e-04
5.787616e-03
2.217497e-02
1.906532e-02
5.388562e-03
3.572107e-02
7.261639e-03
1.099365e-04
1.109002e-04
1.365744e-04
1.318321e-03
1.115450e-04
1.417817e-03
3.148006e-02
6.190900e-02
5.104884e-04
2.181908e-02
5.531803e-03
2.112773e-03
9.351944e-03
1.181347e-02
1.064361e-04
2.004834e-04
2.031434e-04
1.057620e-03
1.704031e-04
9.455387e-04
3.272532e-04
2.535088e-04
4.335249e-04
2.047748e-04
1.164590e-03
2.328771e-02
6.233456e-03
1.009687e-02
1.649151e-02
3.652038e-04
6.161375e-03
4.164345e-03
9.589982e-04
7.133993e-03
2.365475e-03
3.878885e-04
1.411516e-04
3.897565e-04
3.632788e-04
1.471297e-04
4.330821e-04
1.256692e-04
2.401182e-04
5.342118e-05
6.464362e-05
8.039948e-04
8.069646e-05
3.339071e-05
2.087463e-05
1.277387e-04
6.770557e-04
1.066904e-04
1.343496e-04
3.721989e-04
1.004713e-04
6.423432e-04
1.513037e-04
2.471800e-04
8.668021e-04
3.196605e-04
4.723602e-05
3.243624e-04
4.868849e-04
1.625459e-04
1.304325e-03
3.534390e-04
1.729970e-04
4.182844e-04
2.263706e-03
1.294951e-03
4.345717e-04
5.742090e-04
5.252557e-04
6.579275e-04
2.712825e-04
6.361960e-04
1.878890e-04
1.171739e-01
6.148865e-02
4.259804e-03
1.263280e-02
9.046617e-02
4.452813e-02
2.730035e-04
7.652771e-04
1.125039e-04
1.149403e-01
7.415221e-02
1.512180e-03
2.413485e-02
1.610938e-02
2.064550e-03
5.557795e-04
1.692386e-03
3.879545e-03
1.116036e-03
4.633845e-04
1.555310e-03
4.475320e-03
1.710816e-03
7.264302e-04
3.788257e-04
1.371994e-03
4.363574e-03
1.538027e-04
4.802334e-03
1.179636e-02
9.101733e-03
9.899642e-04
1.673619e-04
1.828313e-04
3.992615e-04
3.396999e-04
5.927917e-04
8.926631e-05
4.138655e-04
9.784311e-05
7.585736e-04
7.620940e-05
1.981372e-04
4.843714e-04
2.035559e-04
5.793941e-04
3.367836e-04
3.327066e-04
2.344662e-04
5.754172e-04
2.849999e-04
6.807953e-04
7.515699e-05
2.384001e-03
6.233980e-04
1.527886e-03
8.952264e-04
6.540985e-03
3.745769e-04
1.964602e-03
2.191692e-03
2.300752e-03
6.578920e-03
5.470847e-04
1.031168e-03
6.597681e-03
1.229164e-03
8.198458e-03
3.228340e-03
1.364309e-04
1.104582e-04
1.274611e-04
3.004629e-01
2.171810e-03
4.000780e-03
1.219970e-02
3.281865e-02
1.487864e-02
3.459177e-03
5.642240e-04
6.127717e-03
8.006119e-04
1.598882e-03
3.608676e-03
1.227351e-03
1.604168e-02
2.291656e-03
4.526046e-03
1.023118e-02
4.662453e-03
1.014528e-03
2.470793e-04
2.221939e-01
2.009548e-03
3.159863e-04
7.107414e-04
9.831276e-04
1.002615e-04
4.337915e-03
8.726209e-03
3.259804e-03
2.141593e-03
3.953104e-05
2.370125e-03
7.553665e-04
3.747512e-04
1.207272e-04
1.770473e-03
4.579017e-04
1.141008e-03
7.023866e-04
7.481073e-04
1.111944e-03
2.262700e-04
1.104589e-04
4.380281e-05
7.229296e-05
9.609780e-04
1.625532e-03
6.273451e-04
3.552674e-05
1.078952e-03
8.004073e-04
1.125648e-03
1.758650e-03
1.380744e-04
1.282014e-03
1.529609e-03
4.765712e-04
6.829655e-04
4.741953e-04
2.522014e-03
3.614709e-04
7.810761e-04
6.067756e-04
5.967732e-05
3.755591e-04
1.422090e-03
7.786852e-04
5.497461e-04
8.231241e-04
3.010900e-04
2.489189e-03
1.046930e-04
6.747296e-04
5.176698e-05
1.302896e-03
1.031861e-03
6.646203e-05
7.586040e-04
1.883341e-03
8.337364e-04
2.588116e-03
1.155371e-05
1.551444e-03
1.823587e-03
5.877007e-04
4.210439e-04
1.659931e-04
1.084072e-03
1.413130e-03
5.592121e-04
1.593513e-04
7.856740e-05
2.470477e-03
5.569943e-04
5.936667e-04
9.147663e-04
2.160143e-04
1.829615e-03
1.859536e-03
1.453739e-03
1.142595e-03
1.884550e-03
3.053309e-03
2.037070e-03
1.853771e-03
1.682655e-03
2.537901e-04
9.290684e-04
1.933805e-04
1.970942e-03
1.288940e-03
2.703719e-03
1.038499e-03
1.366517e-03
8.845647e-04
1.389464e-03
2.171367e-03
8.945063e-04
2.966852e-03
1.003946e-03
1.479570e-03
3.434508e-04
8.578273e-04
1.286270e-03
1.913738e-03
6.386695e-04
5.920001e-04
4.380213e-04
2.423880e-03
1.205310e-03
1.812209e-03
4.221896e-03
9.149886e-05
2.942544e-03
3.295921e-03
4.326304e-04
3.021413e-03
9.740843e-04
9.869550e-04
2.366287e-03
2.978720e-04
1.001556e-03
3.506546e-03
8.880377e-05
2.440465e-03
1.000730e-03
2.152652e-04
3.843192e-03
1.060853e-03
3.234483e-04
4.175708e-04
8.896341e-04
3.787988e-03
6.222799e-04
7.199481e-04
5.277105e-03
1.338171e-03
4.308124e-04
2.669081e-03
1.470048e-02
2.069385e-03
2.850687e-02
3.526546e-03
1.019281e-03
4.665310e-03
2.571015e-03
3.201066e-03
3.213002e-03
6.136519e-04
3.567010e-03
2.594270e-03
2.874528e-03
9.715535e-03
5.031590e-03
1.243254e-03
7.463341e-04
2.134184e-02
1.570005e-03
1.455812e-03
1.046815e-03
1.589619e-04
6.220723e-05
5.921495e-04
3.687520e-03
3.342533e-03
8.182883e-04
7.243318e-03
1.260569e-03
2.024093e-03
8.541764e-04
1.017198e-03
3.619356e-03
6.476398e-04
4.434326e-04
1.490952e-03
2.297478e-03
6.197316e-04
3.368011e-03
1.881670e-04
3.945963e-04
1.025520e-03
3.097186e-03
9.539216e-01
1.000000e+00
1.000000e+00
1.000000e+00
1.000000e+00
1.000000e+00
1.000000e+00
1.000000e+00
1.000000e+00
1.000000e+00
1.000000e+00
1.000000e+00
1.000000e+00
1.000000e+00
1.000000e+00
1.000000e+00
1.000000e+00
1.000000e+00
1.000000e+00
1.000000e+00
1.000000e+00
1.000000e+00
1.000000e+00
1.000000e+00
1.000000e+00
