
1.000000e+00
1.000000e+00
1.000000e+00
1.000000e+00
1.000000e+00
1.000000e+00
1.000000e+00
1.000000e+00
1.000000e+00
1.000000e+00
1.000000e+00
1.000000e+00
1.000000e+00
1.000000e+00
1.000000e+00
1.000000e+00
1.000000e+00
1.000000e+00
1.000000e+00
1.000000e+00
1.000000e+00
1.000000e+00
4.335099e-03
3.398889e-03
1.003344e-02
1.417762e-03
1.006874e-04
3.614557e-04
2.986311e-04
2.676025e-03
8.192430e-02
1.399887e-03
1.163836e-03
4.158540e-03
3.950363e-03
6.772687e-04
6.502317e-04
9.040310e-05
5.283603e-04
4.480755e-04
5.872435e-04
2.338333e-04
2.004525e-04
2.156563e-04
1.984500e-04
2.529541e-04
3.261094e-04
3.550502e-04
3.536022e-04
5.801308e-04
5.571675e-04
2.291894e-04
3.946531e-04
1.541220e-04
9.231695e-05
2.475604e-04
1.019667e-04
2.219541e-04
4.024578e-04
1.823376e-04
2.553670e-04
9.054394e-05
6.155927e-05
2.664326e-04
1.618416e-04
1.540542e-04
1.866663e-04
2.134690e-04
9.974490e-04
5.202002e-04
9.914530e-04
8.907496e-04
8.662040e-04
1.787697e-04
6.485392e-04
6.214139e-05
4.385223e-04
1.730556e-05
7.327553e-04
5.121980e-05
4.972797e-04
7.031357e-04
1.194342e-03
4.602947e-04
6.926691e-04
3.480218e-04
6.419735e-04
8.996676e-04
7.752729e-04
1.981696e-04
8.898068e-05
4.328369e-06
2.786155e-04
1.696140e-03
1.331798e-03
8.414454e-04
3.411951e-04
2.818545e-04
7.488498e-05
8.182492e-05
4.603295e-05
8.358782e-05
7.304016e-05
7.456277e-05
4.757980e-05
4.045674e-04
4.194921e-04
1.067365e-03
3.062683e-03
8.458127e-05
1.466278e-03
6.849968e-05
6.984528e-04
6.221251e-04
2.015644e-04
1.284870e-04
1.297585e-04
3.494849e-04
1.703067e-03
1.104280e-03
4.675724e-04
6.149203e-04
3.248880e-04
5.067841e-05
2.897144e-04
1.396795e-04
2.073315e-03
2.671976e-04
1.430280e-04
1.743933e-03
3.241117e-04
7.266342e-04
1.666015e-05
2.187687e-04
6.514476e-05
1.613646e-04
3.659450e-04
6.826943e-05
6.218534e-04
9.250359e-04
1.157350e-03
2.703396e-03
1.082667e-03
3.253770e-04
2.054185e-04
3.433843e-04
4.907150e-04
2.059528e-03
2.801852e-04
7.368744e-04
2.415772e-04
1.722575e-04
4.436742e-04
4.767311e-04
3.367546e-04
1.241668e-03
1.713032e-03
3.550720e-03
2.701766e-05
4.241413e-04
1.724430e-04
1.046631e-03
1.216261e-03
4.202211e-04
1.165437e-03
3.760947e-04
2.481145e-04
3.289082e-04
3.603517e-04
6.782991e-04
2.077611e-04
1.230496e-03
3.206529e-04
2.101454e-04
1.217528e-04
2.923015e-04
3.016839e-04
8.339311e-04
1.144147e-03
3.776492e-04
6.903631e-04
1.892889e-05
6.931336e-04
3.324703e-05
1.695090e-03
3.898662e-04
2.219819e-03
4.759753e-04
6.549449e-04
9.127854e-04
3.394051e-04
1.945397e-03
2.099426e-03
1.194016e-02
7.035632e-04
3.164072e-03
7.531761e-05
4.960329e-03
7.364727e-03
2.846354e-04
5.615320e-03
2.224590e-03
2.242153e-03
9.261780e-04
1.935582e-03
1.383118e-04
4.163684e-01
1.330292e-03
1.584063e-03
4.712375e-03
2.750542e-03
2.975031e-03
1.668253e-03
1.854191e-03
3.259590e-03
4.227156e-03
1.270619e-03
1.379127e-03
3.158011e-03
1.389219e-03
1.884931e-02
1.382922e-02
3.909157e-03
7.245757e-04
3.059954e-04
2.259851e-03
7.493590e-04
5.257745e-04
4.097969e-04
5.380061e-04
3.526520e-04
5.471333e-04
6.047143e-04
4.088972e-03
7.698767e-04
1.472850e-03
1.312121e-03
1.821186e-03
8.867271e-04
4.052779e-04
6.667256e-04
1.940474e-05
2.772090e-04
4.118079e-04
1.828656e-03
6.233002e-04
1.541617e-03
8.220546e-04
9.503230e-04
8.622326e-05
9.996504e-05
1.042351e-03
1.160895e-03
1.944497e-03
5.185820e-04
1.085709e-04
7.724769e-05
1.791879e-03
6.145283e-04
2.316897e-04
2.186459e-04
2.431059e-03
2.534588e-03
1.249342e-03
5.376555e-03
5.642895e-04
1.583702e-03
1.521911e-03
8.464998e-04
1.974290e-03
2.512847e-03
6.138781e-04
8.443238e-04
3.264518e-03
9.370295e-05
5.757206e-03
1.329705e-03
2.057616e-03
1.501646e-03
6.695559e-03
4.509368e-03
2.120318e-03
9.241375e-04
2.702077e-03
1.028234e-02
2.310083e-03
3.820244e-04
4.198774e-04
2.678677e-02
1.274060e-02
7.488797e-04
1.143298e-03
1.829753e-03
6.420023e-03
1.221139e-03
2.602295e-03
3.433770e-03
1.111425e-04
7.213895e-04
9.293232e-04
3.073397e-03
5.053742e-04
4.128203e-03
4.201229e-03
1.640654e-03
1.378501e-03
3.030717e-03
5.155408e-04
4.557628e-04
2.451219e-04
1.189246e-04
1.795399e-04
1.534277e-03
1.195991e-03
3.834481e-03
1.435341e-03
2.089352e-03
7.024133e-04
4.427999e-04
3.043247e-04
2.190100e-04
1.084763e-04
2.028965e-04
2.777038e-04
5.473419e-04
8.869633e-04
8.281753e-04
1.307573e-03
4.738788e-04
5.835830e-04
1.717628e-04
6.237733e-05
2.559747e-04
1.346142e-04
9.197533e-04
8.159594e-05
8.121993e-04
2.338108e-04
2.016631e-03
3.702036e-04
2.702214e-04
2.291766e-03
6.389556e-05
3.689077e-04
1.401167e-04
8.388143e-05
1.459366e-04
6.862295e-04
3.063071e-04
7.249803e-04
7.230226e-04
7.010354e-05
3.216711e-05
2.867523e-04
9.544806e-04
1.567436e-04
1.701093e-04
2.896134e-04
4.590805e-05
1.948034e-04
5.811874e-04
5.941590e-04
6.020493e-04
1.913127e-04
3.165987e-04
7.888789e-04
1.746450e-04
4.542131e-05
3.669651e-04
1.556306e-04
1.393150e-04
3.640338e-04
7.367835e-04
2.727722e-04
5.844667e-04
2.600409e-04
2.139608e-04
6.889823e-04
1.296784e-04
7.271867e-05
3.968618e-04
1.404679e-04
6.659303e-05
3.039837e-04
2.204305e-03
7.587502e-04
3.754934e-04
8.779333e-04
2.006968e-04
1.858598e-04
3.138790e-04
1.312090e-04
1.694024e-04
1.350053e-04
5.843863e-04
6.752789e-04
1.966627e-04
9.073316e-04
1.688395e-04
9.139226e-05
3.426319e-04
3.099466e-04
2.701643e-04
1.223878e-03
9.825874e-05
7.496614e-04
7.552351e-04
9.321042e-05
1.842689e-05
2.314622e-04
3.767444e-05
6.348537e-04
1.527549e-04
4.328590e-04
6.105257e-05
4.984283e-04
2.309980e-04
2.433459e-04
1.767580e-03
4.459198e-05
1.890482e-04
1.842055e-04
2.889373e-03
3.233460e-04
4.681060e-04
6.082891e-04
5.310926e-05
1.433896e-03
6.199007e-05
1.099687e-03
4.394775e-04
6.088599e-04
1.228997e-03
4.741065e-04
3.803956e-04
1.149451e-03
5.739840e-04
3.859397e-04
4.936574e-04
3.320953e-04
3.622246e-04
1.391280e-03
2.718966e-04
1.267992e-04
2.073040e-03
1.397778e-03
4.579001e-04
9.926157e-05
2.215307e-05
2.899361e-04
1.708621e-04
2.001155e-04
7.837053e-04
1.590604e-04
2.786501e-03
1.476870e-04
1.381902e-03
1.435809e-04
6.690099e-03
1.826683e-01
3.007804e-02
1.165298e-04
1.614542e-03
1.076984e-02
1.283090e-02
2.080045e-03
1.360102e-03
2.355727e-03
3.193183e-03
2.554550e-03
1.853519e-02
9.089407e-03
4.228915e-03
5.423087e-04
4.199981e-04
2.016710e-03
7.313107e-04
4.721365e-04
7.342084e-04
2.928539e-04
2.373471e-04
8.216413e-04
9.232087e-05
6.417856e-04
3.096312e-05
4.060227e-04
3.041579e-04
8.224493e-04
7.347886e-04
2.566583e-04
1.993802e-03
2.457689e-03
2.549472e-03
7.592721e-04
3.234023e-03
6.896695e-04
4.000063e-04
7.528605e-03
1.033683e-04
5.653681e-03
5.496966e-03
1.118176e-04
4.691385e-04
8.423683e-04
5.246833e-05
1.880354e-04
3.019045e-04
1.794853e-05
6.632091e-05
1.074164e-04
8.695669e-05
3.187870e-04
1.346770e-04
1.579815e-04
7.357998e-04
8.972640e-04
1.048557e-04
7.077192e-05
1.240440e-05
1.501629e-04
2.067474e-04
6.249540e-04
9.661535e-05
7.989314e-05
1.594898e-04
5.892085e-04
8.641494e-04
5.885127e-04
7.280624e-02
1.501435e-02
2.650672e-04
5.612143e-03
2.292739e-03
5.218037e-03
1.372678e-03
4.363373e-04
1.047725e-03
6.683220e-04
1.332187e-04
1.265328e-04
1.509748e-04
2.086451e-04
8.339442e-04
2.865003e-05
7.843574e-04
3.687759e-04
7.282970e-04
3.963307e-04
5.143806e-04
8.073560e-04
6.140144e-04
1.224972e-03
2.186694e-04
1.517813e-03
4.633138e-05
4.725824e-04
7.171660e-05
2.888387e-04
1.993812e-04
3.374901e-05
5.963179e-04
8.740494e-04
7.256182e-04
1.719150e-04
6.238237e-04
6.539843e-04
5.395847e-04
8.045966e-04
2.075325e-04
5.273241e-04
1.691157e-04
3.238691e-04
2.179103e-04
6.743024e-04
2.334572e-04
3.318555e-03
3.137649e-04
5.147516e-04
2.102013e-04
2.963328e-03
2.353010e-03
2.179563e-03
1.605907e-03
3.507494e-04
6.966154e-03
5.055133e-03
3.284436e-04
1.358706e-03
4.039700e-04
7.407399e-04
2.929265e-04
8.752236e-05
4.460690e-04
6.820309e-04
7.576245e-04
1.362527e-03
9.015615e-04
8.324809e-05
5.864057e-04
1.225871e-04
1.891807e-03
1.309030e-04
1.625924e-03
1.538794e-05
3.131925e-04
8.094249e-05
6.463666e-05
1.569395e-04
2.861543e-04
4.824476e-04
2.300250e-04
1.551257e-04
6.354452e-05
7.214030e-04
4.551258e-05
1.264840e-04
5.630882e-05
2.887772e-04
5.740641e-04
2.077996e-03
1.027404e-03
1.363047e-04
1.595807e-03
1.152226e-03
2.359830e-03
5.477209e-04
1.793750e-03
9.349125e-04
2.135088e-04
4.785269e-04
4.300212e-04
6.951104e-05
8.535410e-05
2.088313e-05
1.170314e-04
2.765071e-05
4.177933e-04
5.179890e-04
6.690263e-04
7.803635e-04
1.870974e-04
1.765095e-05
7.486594e-04
3.212336e-03
2.576024e-03
2.072814e-03
1.272091e-03
3.861075e-03
2.953672e-04
3.178969e-04
1.121022e-03
7.252790e-04
3.168405e-03
6.406480e-04
2.060943e-04
2.781425e-04
1.047183e-03
2.900931e-03
8.142688e-04
4.095184e-04
2.358038e-04
2.002941e-03
1.321240e-03
9.823798e-04
4.051228e-04
1.325258e-04
1.127978e-03
2.363440e-03
4.853560e-04
3.614323e-04
3.250942e-05
1.358881e-03
6.182957e-04
3.501631e-03
3.268720e-03
2.362859e-04
3.578770e-03
8.251732e-04
2.695985e-04
6.380198e-04
3.427546e-03
5.957467e-03
2.549390e-03
3.453132e-03
1.852868e-03
1.232431e-03
3.066954e-04
6.190878e-04
4.019442e-03
6.701175e-03
1.365995e-03
2.635941e-03
2.039115e-03
2.999967e-04
1.544625e-03
4.469825e-04
1.938634e-03
4.928010e-04
3.557624e-04
4.591648e-03
4.608117e-04
8.812408e-04
3.176932e-04
2.615678e-04
1.952307e-05
8.491985e-04
6.884825e-04
1.339777e-03
1.560308e-03
4.111573e-05
8.557238e-04
1.286141e-03
2.332745e-03
2.172498e-03
4.443783e-05
4.509190e-03
3.319660e-04
9.179042e-04
2.829152e-03
1.733017e-04
6.253574e-04
1.186228e-03
1.437685e-04
3.089165e-04
1.036518e-03
2.376641e-03
5.325055e-04
1.913796e-03
6.695181e-04
4.720376e-03
8.708386e-04
4.557463e-04
7.034892e-04
1.276957e-03
2.184955e-03
4.814283e-04
2.416209e-03
1.699727e-03
2.703750e-04
2.794947e-03
1.192468e-03
1.362130e-04
1.839176e-03
3.713655e-03
5.958568e-04
3.813093e-03
9.914407e-05
2.896287e-03
1.424578e-03
1.777857e-03
3.562170e-04
2.202294e-05
1.388563e-04
1.922898e-03
1.092180e-03
1.512821e-04
5.608712e-05
2.729823e-03
1.037235e-03
3.077505e-04
1.795308e-03
1.956864e-04
1.559072e-03
5.798426e-03
3.778924e-03
2.867663e-03
5.648428e-04
1.495109e-03
2.375396e-04
2.226693e-03
3.459530e-04
1.095916e-03
4.974027e-04
5.326833e-05
1.765914e-05
1.796585e-05
4.505297e-04
1.782888e-04
6.922238e-05
1.900471e-04
2.955842e-01
1.101852e-02
1.476587e-03
2.910879e-03
2.136806e-02
1.369634e-02
4.375819e-03
1.151947e-04
7.401115e-04
6.898414e-04
1.230170e-03
1.889815e-03
4.721630e-04
3.068289e-03
9.744177e-04
3.197454e-03
2.720571e-05
2.056796e-03
3.918502e-04
3.070288e-03
8.756794e-04
5.227880e-04
1.111226e-03
4.103738e-05
2.853608e-03
3.440223e-04
1.378736e-03
4.429009e-04
5.228580e-04
4.792138e-03
9.971969e-05
6.827944e-04
3.820679e-03
1.423488e-03
2.638631e-03
4.000337e-03
5.332035e-04
3.410252e-03
1.498209e-03
2.711626e-04
2.930287e-03
1.704561e-04
1.845956e-04
5.332491e-05
1.883555e-04
8.739595e-05
3.124400e-04
2.953905e-04
1.116909e-04
3.066085e-03
1.306047e-03
1.577403e-02
1.715335e-02
6.481913e-02
3.510709e-04
4.518221e-04
1.659125e-03
3.935145e-04
3.599872e-03
5.133484e-03
9.337336e-04
8.837408e-03
1.526031e-03
2.932023e-04
1.177720e-03
8.071554e-04
5.513862e-05
1.473025e-03
5.233904e-04
2.415179e-04
5.291445e-04
1.838284e-04
1.172879e-04
6.991739e-04
2.718111e-04
2.007185e-03
6.084940e-04
8.366850e-05
4.004094e-04
3.325300e-04
6.393142e-04
1.763308e-04
1.192490e-04
1.219746e-03
1.191513e-04
9.597563e-04
1.232326e-04
1.490133e-03
1.936697e-04
1.310053e-03
9.083708e-04
6.800084e-04
9.094076e-04
3.347880e-04
3.642378e-04
1.885488e-04
1.252871e-03
2.689154e-04
7.153036e-04
1.382603e-04
9.694867e-05
5.196074e-03
2.230672e-03
7.839309e-04
1.508354e-03
1.523990e-03
3.990389e-04
6.761981e-04
1.798568e-04
1.057880e-03
4.815598e-04
2.472578e-03
1.678071e-03
1.591920e-03
1.814064e-03
1.583363e-04
1.074199e-03
9.126231e-04
2.553653e-03
1.926320e-03
6.655629e-04
1.098242e-03
8.463399e-04
2.954973e-03
5.776132e-04
1.835925e-05
2.955133e-03
2.138588e-03
1.204413e-04
6.950591e-04
1.773007e-03
7.749140e-04
2.234231e-03
9.110749e-04
1.897128e-03
1.072436e-04
2.998478e-03
9.336073e-04
5.307391e-03
2.175302e-04
4.791535e-03
1.498961e-03
6.213051e-03
7.677373e-04
3.489032e-03
1.588883e-04
1.009217e-02
1.088344e-02
1.104218e-03
1.517465e-03
1.034199e-03
1.166872e-03
3.992655e-05
4.249850e-02
1.692537e-03
1.180081e-03
5.568757e-03
6.023940e-03
3.925046e-03
3.759424e-03
1.471377e-02
7.697169e-04
9.130632e-04
1.287738e-03
5.457568e-05
1.045654e-03
4.917881e-03
2.429490e-03
1.915321e-03
6.255690e-03
1.878166e-03
3.677293e-03
1.082484e-02
8.693076e-04
1.793397e-04
2.815585e-04
2.054466e-04
1.800159e-04
1.036012e-03
1.360087e-03
3.445602e-04
4.300362e-04
1.196922e-03
1.428026e-02
5.035840e-02
6.703715e-04
2.616885e-02
5.362662e-02
1.812646e-03
2.693140e-04
1.710426e-04
2.553336e-04
5.273931e-04
2.375090e-04
3.008891e-04
9.557766e-05
2.172255e-04
2.533729e-04
3.414660e-04
3.886248e-03
1.074175e-03
2.374988e-03
3.179118e-03
3.374294e-04
2.652185e-04
1.127166e-04
5.318841e-04
7.556861e-04
1.037634e-04
1.489784e-04
2.366524e-04
1.365911e-04
4.445721e-04
4.312974e-05
6.785792e-04
1.980798e-04
4.168416e-04
2.079933e-04
1.832923e-02
2.607027e-02
4.210566e-03
3.283893e-02
3.175564e-03
4.063818e-04
5.079174e-03
1.098662e-03
6.240110e-04
3.654843e-04
1.397573e-04
1.562928e-04
3.143519e-04
4.478366e-05
5.255515e-04
1.366384e-03
7.388843e-04
1.158801e-03
2.436759e-04
1.372735e-04
2.922093e-04
1.160964e-04
3.133756e-04
2.052068e-04
7.184765e-04
5.205848e-04
9.208570e-05
8.352138e-04
3.779864e-06
1.837317e-04
1.783682e-03
9.938390e-04
7.109072e-05
1.708072e-02
3.086884e-02
1.811715e-04
2.266334e-02
2.302788e-02
3.545031e-04
1.043522e-03
2.323633e-04
2.473986e-05
2.392360e-04
3.431946e-04
9.762833e-05
1.939691e-04
4.401511e-05
7.715092e-05
1.463029e-04
3.555394e-04
5.775438e-04
2.248033e-04
8.846330e-05
6.115491e-04
3.585905e-04
9.438080e-05
5.571091e-04
3.445113e-04
7.784624e-05
2.897908e-04
3.515801e-05
3.225933e-04
9.657184e-04
7.231345e-05
5.809729e-04
2.386281e-03
1.258004e-03
6.083278e-04
2.397835e-03
6.884304e-05
6.673898e-05
2.625184e-04
4.563215e-05
7.102652e-05
7.139157e-05
6.185184e-04
1.386096e-04
6.840844e-05
3.932231e-05
9.660170e-05
1.823917e-05
1.095920e-04
3.104418e-04
2.735076e-05
1.780041e-04
1.465186e-04
2.434226e-04
4.827256e-05
8.196493e-05
2.814416e-04
4.371187e-05
2.416195e-05
4.973180e-04
2.785584e-04
1.120925e-04
9.006831e-04
1.758720e-04
1.050778e-03
1.293653e-04
3.145214e-04
2.103651e-04
8.883548e-04
1.473245e-02
1.606841e-02
2.272218e-02
2.429987e-02
4.118343e-03
8.801474e-03
4.960650e-04
1.402419e-03
7.623280e-04
5.805176e-04
1.307662e-03
1.444697e-03
1.279561e-03
8.299248e-04
1.928804e-03
1.039253e-03
9.216912e-04
4.530807e-04
1.640265e-04
4.858844e-04
5.786612e-04
5.154213e-05
7.204553e-04
5.906611e-04
1.792953e-03
1.424795e-04
7.391462e-04
1.742581e-04
5.500383e-04
4.601844e-04
5.328712e-04
3.264349e-04
5.240692e-04
9.565726e-04
2.066615e-04
9.199160e-04
1.881820e-03
4.196205e-04
8.853925e-04
6.810630e-04
2.745657e-04
9.618566e-04
1.787120e-03
1.465478e-02
2.221714e-02
6.544314e-03
8.572420e-04
4.197890e-04
4.867033e-04
1.326486e-04
3.016042e-04
2.246888e-04
3.926143e-04
1.682364e-04
3.080831e-04
1.135637e-04
1.140122e-03
8.195947e-04
9.663193e-04
3.733035e-04
7.309257e-04
2.623803e-04
4.354200e-04
2.754150e-04
6.911517e-04
5.347821e-04
1.525908e-04
2.697995e-04
2.627951e-04
2.952783e-03
1.314837e-03
5.210796e-04
1.640221e-04
1.317228e-03
1.477389e-03
1.016826e-03
6.721323e-04
1.094585e-03
6.589986e-04
5.187513e-04
6.135170e-05
4.959858e-04
2.563043e-04
8.984377e-04
8.883342e-04
9.869591e-04
4.673772e-04
4.239006e-04
4.695352e-05
4.967037e-05
6.009618e-04
1.168205e-03
5.188794e-04
7.556144e-04
1.625834e-04
8.093189e-06
1.636824e-04
6.656976e-04
1.068779e-03
1.086926e-03
1.866566e-04
7.587529e-04
3.030470e-05
1.577094e-03
8.277246e-04
2.142578e-03
2.162993e-04
1.127535e-03
2.939606e-03
1.587023e-03
4.040510e-03
3.450032e-04
2.623494e-03
5.970383e-03
6.854199e-04
1.888948e-03
6.225509e-03
3.036173e-03
1.070026e-03
1.196707e-03
1.696372e-04
1.582749e-03
1.278269e-03
2.870540e-04
3.748023e-04
2.315123e-03
6.818038e-04
3.550365e-04
3.236631e-04
6.644638e-04
1.110187e-03
3.889530e-03
3.620790e-03
4.358840e-02
2.467288e-02
6.738326e-03
9.053226e-04
4.234822e-03
3.160297e-03
1.472281e-03
1.379857e-03
5.504593e-04
1.349507e-04
4.872076e-04
1.656972e-03
1.506273e-01
3.019727e-02
4.512428e-04
2.281724e-03
1.662056e-02
2.064827e-02
1.537471e-03
2.712941e-03
1.743154e-03
5.153292e-03
1.257454e-03
1.042108e-03
8.106645e-03
1.486490e-03
7.713453e-04
9.510955e-04
1.105823e-03
7.834089e-03
1.166449e-03
4.274350e-04
5.320094e-03
1.291691e-03
2.530421e-03
1.855570e-03
1.148457e-03
2.899363e-04
2.891446e-04
9.404864e-04
8.278158e-05
9.456442e-05
1.231495e-03
3.980028e-04
1.423306e-03
6.637175e-06
1.818647e-03
8.806806e-04
1.088073e-03
2.315018e-03
3.504258e-04
6.989569e-05
8.288753e-04
2.605517e-03
1.367005e-03
6.189907e-05
2.399669e-03
1.165299e-03
1.586049e-03
4.050410e-04
1.608974e-04
4.152405e-03
9.031321e-04
2.482694e-04
4.302987e-03
1.496258e-03
1.796991e-02
5.133162e-03
6.743969e-03
8.910101e-04
2.768069e-05
1.071512e-03
5.777584e-04
4.284789e-05
1.468368e-04
6.021758e-05
1.283582e-04
1.981739e-04
7.226834e-05
2.526023e-04
2.231344e-01
9.627294e-03
7.754905e-04
7.997716e-04
2.924286e-03
3.614915e-03
9.665728e-04
2.445389e-03
3.209993e-03
7.270366e-04
8.455755e-04
3.868267e-04
4.135334e-04
7.688908e-04
4.357314e-04
1.301961e-03
2.501826e-04
4.351041e-03
7.671608e-04
2.947130e-04
2.084337e-04
3.159839e-04
4.436342e-04
4.278839e-04
2.441233e-03
2.667089e-03
1.673440e-03
4.437812e-03
5.248507e-03
8.802260e-04
7.231955e-03
1.021742e-03
1.083003e-03
7.936869e-04
2.900269e-04
8.037952e-04
3.981577e-04
6.334328e-04
2.413093e-03
6.618213e-04
5.512114e-04
2.771465e-04
1.612763e-03
1.044100e-03
3.739975e-04
3.699842e-03
4.345863e-04
2.732078e-03
3.792405e-03
5.944795e-03
1.902233e-03
5.738777e-04
2.989408e-03
9.825546e-03
3.082641e-05
5.840464e-04
5.649105e-04
3.917445e-04
1.582863e-03
1.431837e-03
6.472987e-05
6.152635e-04
4.779993e-04
1.941227e-03
5.404546e-04
1.986495e-03
3.874430e-01
1.716150e-02
2.022606e-03
7.742178e-03
1.322710e-02
1.848288e-02
6.091643e-03
2.674462e-03
5.057603e-03
3.977021e-04
1.664842e-03
1.179487e-03
1.419385e-03
2.161677e-04
1.378996e-04
1.340252e-03
1.469625e-03
8.462124e-04
6.335356e-04
1.249424e-03
3.265172e-03
5.575845e-03
7.532657e-05
5.014356e-03
7.076739e-03
5.863287e-04
2.954304e-03
1.053771e-03
5.989812e-04
4.374173e-03
3.507842e-03
1.789706e-03
1.496648e-03
6.904074e-03
8.483466e-03
2.795907e-03
1.309247e-03
9.588944e-03
8.870956e-03
3.187852e-02
1.377916e-04
4.058191e-03
4.555593e-03
2.029325e-02
5.629678e-03
8.868128e-03
6.157650e-04
7.104610e-04
2.150166e-03
8.328037e-03
6.049778e-03
1.029095e-03
1.316876e-03
2.287758e-03
9.919588e-04
2.659458e-03
2.495519e-03
3.208881e-02
1.809983e-02
3.271383e-04
2.685374e-02
1.427935e-02
1.676177e-03
2.546662e-03
4.671596e-03
4.100866e-04
1.645981e-03
7.241152e-04
3.120220e-03
7.604134e-04
1.109396e-04
4.715447e-04
9.262298e-04
1.854636e-03
6.960477e-04
3.816531e-04
1.437306e-04
1.563818e-03
1.160222e-03
1.191924e-04
1.520242e-03
7.741909e-02
5.867025e-01
1.000000e+00
1.000000e+00
1.000000e+00
1.000000e+00
1.000000e+00
1.000000e+00
1.000000e+00
1.000000e+00
1.000000e+00
1.000000e+00
1.000000e+00
1.000000e+00
1.000000e+00
1.000000e+00
1.000000e+00
1.000000e+00
1.000000e+00
1.000000e+00
1.000000e+00
1.000000e+00
1.000000e+00
1.000000e+00
1.000000e+00
1.000000e+00
