
9.928556e-01
9.929261e-01
9.931656e-01
9.933347e-01
9.933770e-01
9.931375e-01
9.927852e-01
9.927147e-01
9.931234e-01
9.938420e-01
9.941239e-01
9.934193e-01
9.919820e-01
9.914465e-01
9.935743e-01
9.980413e-01
1.000000e+00
9.896428e-01
9.550764e-01
8.876488e-01
7.873177e-01
6.646093e-01
5.377440e-01
4.258015e-01
3.412245e-01
2.858451e-01
2.517579e-01
2.269710e-01
2.015782e-01
1.718735e-01
1.403368e-01
1.124921e-01
9.322906e-02
8.450645e-02
8.546467e-02
9.379271e-02
1.069400e-01
1.225393e-01
1.377862e-01
1.490171e-01
1.518354e-01
1.428310e-01
1.211020e-01
8.962164e-02
5.484394e-02
2.525188e-02
8.271683e-03
7.665751e-03
2.194039e-02
4.459945e-02
6.662439e-02
7.984218e-02
7.995491e-02
6.724442e-02
4.581132e-02
2.092581e-02
-3.466498e-03
-2.522370e-02
-4.344395e-02
-5.677447e-02
-6.303107e-02
-5.991686e-02
-4.676953e-02
-2.580145e-02
-1.465511e-03
2.140492e-02
4.030156e-02
5.578806e-02
7.064046e-02
8.667653e-02
1.024308e-01
1.120834e-01
1.076446e-01
8.260410e-02
3.572183e-02
-2.681604e-02
-9.251039e-02
-1.460579e-01
-1.744663e-01
-1.717607e-01
-1.411400e-01
-9.407454e-02
-4.630452e-02
-1.224547e-02
-1.550060e-04
-9.723103e-03
-3.329810e-02
-5.943775e-02
-7.760163e-02
-8.143451e-02
-7.024590e-02
-4.802367e-02
-2.148947e-02
2.254633e-03
1.727612e-02
2.017896e-02
1.082224e-02
-7.806665e-03
-3.001480e-02
-4.924963e-02
-5.981822e-02
-5.890228e-02
-4.712182e-02
-2.791517e-02
-6.298880e-03
1.265413e-02
2.495596e-02
2.812654e-02
2.154583e-02
6.594800e-03
-1.340097e-02
-3.383358e-02
-5.003875e-02
-5.900092e-02
-6.031142e-02
-5.614035e-02
-4.981329e-02
-4.388079e-02
-3.873741e-02
-3.235398e-02
-2.133446e-02
-2.747833e-03
2.444867e-02
5.873318e-02
9.592052e-02
1.301487e-01
1.553442e-01
1.665892e-01
1.621222e-01
1.441838e-01
1.192560e-01
9.583598e-02
8.108222e-02
7.744663e-02
8.092722e-02
8.270274e-02
7.340238e-02
4.864370e-02
1.207638e-02
-2.543507e-02
-5.087015e-02
-5.567533e-02
-4.063975e-02
-1.559924e-02
5.833862e-03
1.395054e-02
8.750793e-03
4.791094e-04
4.452899e-03
3.283309e-02
8.784612e-02
1.601212e-01
2.328754e-01
2.893116e-01
3.194814e-01
3.227929e-01
3.061227e-01
2.789262e-01
2.486860e-01
2.190657e-01
1.908687e-01
1.640104e-01
1.391954e-01
1.176214e-01
9.989431e-02
8.523920e-02
7.213415e-02
5.976185e-02
4.917917e-02
4.306348e-02
4.402170e-02
5.261749e-02
6.641302e-02
8.133587e-02
9.373635e-02
1.023885e-01
1.084760e-01
1.138449e-01
1.190023e-01
1.222997e-01
1.212147e-01
1.144649e-01
1.036145e-01
9.308814e-02
8.749383e-02
8.953710e-02
9.854153e-02
1.117030e-01
1.263299e-01
1.414923e-01
1.581061e-01
1.767209e-01
1.956176e-01
2.099767e-01
2.137674e-01
2.027056e-01
1.771578e-01
1.426196e-01
1.080674e-01
8.299866e-02
7.443106e-02
8.569013e-02
1.161418e-01
1.620658e-01
2.173748e-01
2.749665e-01
3.277249e-01
3.698020e-01
3.976890e-01
4.101599e-01
4.073839e-01
3.896287e-01
3.572043e-01
3.113225e-01
2.563517e-01
2.011978e-01
1.583034e-01
1.399281e-01
1.527373e-01
1.940252e-01
2.510252e-01
3.046572e-01
3.363912e-01
3.348975e-01
2.997957e-01
2.408370e-01
1.737476e-01
1.137321e-01
7.064046e-02
4.682590e-02
3.834285e-02
3.832875e-02
4.056929e-02
4.186571e-02
4.209117e-02
4.269710e-02
4.486719e-02
4.848869e-02
5.242021e-02
5.544987e-02
5.756359e-02
6.004368e-02
6.531389e-02
7.589657e-02
9.352498e-02
1.187910e-01
1.504826e-01
1.855985e-01
2.190657e-01
2.450081e-01
2.583809e-01
2.575354e-01
2.460086e-01
2.321567e-01
2.264074e-01
2.368773e-01
2.655675e-01
3.068555e-01
3.497922e-01
3.822166e-01
3.954907e-01
3.868527e-01
3.591207e-01
3.186641e-01
2.727824e-01
2.284366e-01
1.919115e-01
1.692384e-01
1.653068e-01
1.822025e-01
2.174593e-01
2.631720e-01
3.073346e-01
3.371521e-01
3.429860e-01
3.211442e-01
2.748679e-01
2.129078e-01
1.469034e-01
8.840978e-02
4.652998e-02
2.657648e-02
2.911294e-02
5.023603e-02
8.230818e-02
1.160713e-01
1.431410e-01
1.584302e-01
1.615585e-01
1.559783e-01
1.470302e-01
1.392236e-01
1.344466e-01
1.320651e-01
1.305150e-01
1.290636e-01
1.285986e-01
1.310505e-01
1.375608e-01
1.473684e-01
1.579934e-01
1.668851e-01
1.732403e-01
1.787219e-01
1.864722e-01
1.985204e-01
2.138378e-01
2.280138e-01
2.353555e-01
2.320440e-01
2.186712e-01
2.008173e-01
1.864863e-01
1.828366e-01
1.926724e-01
2.131755e-01
2.368492e-01
2.545762e-01
2.591559e-01
2.478687e-01
2.236455e-01
1.936025e-01
1.668287e-01
1.508349e-01
1.492708e-01
1.608399e-01
1.802015e-01
2.001832e-01
2.144156e-01
2.192630e-01
2.141337e-01
2.010146e-01
1.827943e-01
1.625026e-01
1.425773e-01
1.251321e-01
1.125907e-01
1.080533e-01
1.150285e-01
1.362784e-01
1.721976e-01
2.188262e-01
2.667371e-01
3.021630e-01
3.099838e-01
2.786585e-01
2.049884e-01
9.641373e-02
0.000000e+00
0.000000e+00
0.000000e+00
0.000000e+00
0.000000e+00
0.000000e+00
0.000000e+00
0.000000e+00
0.000000e+00
0.000000e+00
0.000000e+00
0.000000e+00
0.000000e+00
0.000000e+00
0.000000e+00
0.000000e+00
0.000000e+00
0.000000e+00
0.000000e+00
0.000000e+00
0.000000e+00
0.000000e+00
0.000000e+00
0.000000e+00
0.000000e+00
0.000000e+00
0.000000e+00
0.000000e+00
0.000000e+00
0.000000e+00
0.000000e+00
0.000000e+00
0.000000e+00
0.000000e+00
0.000000e+00
0.000000e+00
0.000000e+00
0.000000e+00
0.000000e+00
0.000000e+00
0.000000e+00
0.000000e+00
0.000000e+00
0.000000e+00
0.000000e+00
0.000000e+00
0.000000e+00
0.000000e+00
0.000000e+00
0.000000e+00
0.000000e+00
0.000000e+00
0.000000e+00
0.000000e+00
0.000000e+00
0.000000e+00
0.000000e+00
0.000000e+00
0.000000e+00
0.000000e+00
0.000000e+00
0.000000e+00
0.000000e+00
0.000000e+00
0.000000e+00
0.000000e+00
0.000000e+00
0.000000e+00
0.000000e+00
0.000000e+00
0.000000e+00
0.000000e+00
0.000000e+00
0.000000e+00
0.000000e+00
0.000000e+00
0.000000e+00
0.000000e+00
0.000000e+00
0.000000e+00
0.000000e+00
0.000000e+00
0.000000e+00
0.000000e+00
7.539254e-01
7.438314e-01
7.154187e-01
6.736007e-01
6.242790e-01
5.731948e-01
5.250481e-01
4.840045e-01
4.544702e-01
4.399167e-01
4.415723e-01
4.564463e-01
4.773553e-01
4.951666e-01
5.032846e-01
5.005074e-01
4.924429e-01
4.882504e-01
4.955138e-01
5.152211e-01
5.403493e-01
5.580805e-01
5.553835e-01
5.244606e-01
4.657926e-01
3.873905e-01
3.009774e-01
2.178488e-01
1.456153e-01
8.737449e-02
4.309977e-02
1.126896e-02
-9.319590e-03
-1.928007e-02
-1.885281e-02
-8.945738e-03
8.919034e-03
3.183081e-02
5.639821e-02
7.912305e-02
9.722816e-02
1.100192e-01
1.193388e-01
1.296999e-01
1.476714e-01
1.797426e-01
2.300256e-01
2.982536e-01
3.787385e-01
4.616001e-01
5.348483e-01
5.877483e-01
6.137310e-01
6.115680e-01
5.859325e-01
5.455565e-01
5.012551e-01
4.636830e-01
4.417859e-01
4.418126e-01
4.671010e-01
5.173307e-01
5.886830e-01
6.734138e-01
7.599605e-01
8.340365e-01
8.804209e-01
8.863758e-01
8.443175e-01
7.542192e-01
6.243858e-01
4.697180e-01
3.090953e-01
1.618511e-01
4.352702e-02
-3.613010e-02
-7.506409e-02
-7.829524e-02
-5.677206e-02
-2.408673e-02
6.248665e-03
2.438047e-02
2.584918e-02
1.239051e-02
-9.853664e-03
-3.295236e-02
-5.041658e-02
-5.904187e-02
-5.973617e-02
-5.586413e-02
-5.116428e-02
-4.734565e-02
-4.248558e-02
-3.161718e-02
-7.396924e-03
3.645054e-02
1.030229e-01
1.902905e-01
2.901624e-01
3.909688e-01
4.797853e-01
5.471854e-01
5.902051e-01
6.131703e-01
6.259613e-01
6.397938e-01
6.626522e-01
6.960318e-01
7.348857e-01
7.700278e-01
7.924856e-01
7.968116e-01
7.826586e-01
7.542192e-01
7.176084e-01
6.785676e-01
6.402745e-01
6.035569e-01
5.679876e-01
5.330325e-01
4.997864e-01
4.706793e-01
4.493698e-01
4.391156e-01
4.417592e-01
4.564196e-01
4.797052e-01
5.065424e-01
5.310564e-01
5.485206e-01
5.562113e-01
5.534341e-01
5.415777e-01
5.227248e-01
4.985046e-01
4.688902e-01
4.321726e-01
3.850139e-01
3.240493e-01
2.480506e-01
1.596881e-01
6.718650e-02
-1.636937e-02
-7.661290e-02
-1.016343e-01
-8.702734e-02
-3.767891e-02
3.271203e-02
1.064142e-01
1.671918e-01
2.060991e-01
2.238571e-01
2.294916e-01
2.366749e-01
2.575304e-01
2.983337e-01
3.574557e-01
4.252564e-01
4.875294e-01
5.296411e-01
5.406163e-01
5.161557e-01
4.593837e-01
3.798067e-01
2.912305e-01
2.089030e-01
1.473510e-01
1.184843e-01
1.304743e-01
1.860714e-01
2.808428e-01
4.022912e-01
5.298814e-01
6.386723e-01
7.051111e-01
7.138165e-01
6.627857e-01
5.647832e-01
4.438688e-01
3.279481e-01
2.404668e-01
1.939222e-01
1.876736e-01
2.101848e-01
2.442053e-01
2.733123e-01
2.863437e-01
2.803621e-01
2.602809e-01
2.359539e-01
2.183828e-01
2.154187e-01
2.288507e-01
2.538720e-01
2.808962e-01
3.000427e-01
3.049562e-01
2.959037e-01
2.793207e-01
2.648206e-01
2.610820e-01
2.724845e-01
2.977729e-01
3.316065e-01
3.673360e-01
3.993805e-01
4.248558e-01
4.428274e-01
4.535089e-01
4.570070e-01
4.533753e-01
4.424268e-01
4.242950e-01
3.988998e-01
3.663213e-01
3.264260e-01
2.802553e-01
2.312006e-01
1.855106e-01
1.519707e-01
1.389927e-01
1.521043e-01
1.913587e-01
2.510949e-01
3.225539e-01
3.971374e-01
4.687033e-01
5.346080e-01
5.931158e-01
6.408353e-01
6.710639e-01
6.745621e-01
6.437727e-01
5.775208e-01
4.835505e-01
3.785249e-01
2.834597e-01
2.166204e-01
1.884480e-01
1.979278e-01
2.348056e-01
2.838870e-01
3.308054e-01
3.662145e-01
3.868831e-01
3.939863e-01
3.903546e-01
3.779107e-01
3.567614e-01
3.262123e-01
2.871715e-01
2.432173e-01
2.014527e-01
1.701292e-01
1.555223e-01
1.600352e-01
1.805704e-01
2.097842e-01
2.390515e-01
2.619633e-01
2.759293e-01
2.830859e-01
2.874920e-01
2.932333e-01
3.018853e-01
3.125134e-01
3.224738e-01
3.295503e-01
3.332354e-01
3.348910e-01
3.368938e-01
3.412732e-01
3.492042e-01
3.609004e-01
3.762818e-01
3.947874e-01
4.150555e-01
4.339618e-01
4.468329e-01
4.483551e-01
4.349498e-01
4.071780e-01
3.708342e-01
3.362262e-01
3.155843e-01
3.188688e-01
3.511803e-01
4.111034e-01
4.905202e-01
5.772004e-01
6.563234e-01
7.134960e-01
7.376095e-01
7.236702e-01
6.750961e-01
6.041444e-01
5.297746e-01
4.727622e-01
4.488891e-01
4.630421e-01
5.069964e-01
5.614452e-01
6.033967e-01
6.142651e-01
5.871876e-01
5.290269e-01
4.567934e-01
3.901410e-01
3.432226e-01
3.196432e-01
3.126469e-01
3.100299e-01
3.009239e-01
2.812967e-01
2.548601e-01
2.303461e-01
2.159528e-01
2.149648e-01
2.243377e-01
2.370754e-01
2.460479e-01
2.478103e-01
2.429235e-01
2.347255e-01
2.264206e-01
2.192106e-01
2.125347e-01
2.058588e-01
2.004112e-01
1.999039e-01
2.085559e-01
2.290643e-01
2.604946e-01
2.987609e-01
3.382023e-01
3.743057e-01
4.054422e-01
4.324931e-01
4.575411e-01
4.818148e-01
5.049135e-01
5.249413e-01
5.397885e-01
5.476928e-01
5.473991e-01
5.378658e-01
5.180517e-01
4.884106e-01
4.526811e-01
4.187140e-01
3.980453e-01
4.020508e-01
4.369526e-01
4.997597e-01
5.772538e-01
6.499413e-01
6.986488e-01
7.122677e-01
6.919462e-01
6.504219e-01
6.066546e-01
5.780816e-01
5.734352e-01
5.906056e-01
6.179502e-01
6.400609e-01
6.439596e-01
6.232376e-01
5.797105e-01
5.212294e-01
4.584223e-01
4.009827e-01
3.555063e-01
3.242630e-01
3.065584e-01
2.994819e-01
2.994285e-01
3.029000e-01
3.067988e-01
3.087481e-01
3.071192e-01
3.004700e-01
2.886937e-01
2.729652e-01
2.562220e-01
2.428968e-01
2.379566e-01
2.456740e-01
2.675176e-01
3.015648e-01
3.423948e-01
3.825304e-01
4.147885e-01
4.342822e-01
4.401303e-01
4.348964e-01
4.232803e-01
4.098750e-01
3.980186e-01
3.882183e-01
3.792993e-01
3.690985e-01
3.558000e-01
3.386830e-01
3.186285e-01
2.974792e-01
2.782525e-01
2.639393e-01
2.573702e-01
2.598537e-01
2.706153e-01
2.865841e-01
3.029000e-01
3.142758e-01
3.168394e-01
3.094958e-01
2.941145e-01
2.749413e-01
2.561419e-01
2.406537e-01
2.292245e-01
2.210265e-01
2.152051e-01
2.122410e-01
2.144040e-01
2.249519e-01
2.463149e-01
2.784394e-01
3.179876e-01
3.585772e-01
3.930784e-01
4.165777e-01
4.281137e-01
4.318255e-01
4.351367e-01
4.457381e-01
4.670743e-01
4.960211e-01
5.226180e-01
5.335398e-01
5.176778e-01
4.726020e-01
4.070444e-01
3.401784e-01
2.955298e-01
2.933134e-01
3.433561e-01
4.424535e-01
5.750641e-01
7.189970e-01
8.503258e-01
9.487823e-01
1.000000e+00
9.970626e-01
9.406377e-01
8.394040e-01
7.102115e-01
5.762391e-01
4.628819e-01
3.919301e-01
3.759079e-01
4.141743e-01
4.933775e-01
5.911931e-01
6.826533e-01
7.463950e-01
7.693869e-01
7.485046e-01
6.903172e-01
6.083903e-01
5.196539e-01
4.405576e-01
3.828776e-01
3.515275e-01
3.433027e-01
3.497650e-01
3.601260e-01
3.657071e-01
3.624493e-01
3.509934e-01
3.349712e-01
3.186819e-01
3.057306e-01
2.989479e-01
3.014313e-01
3.165456e-01
3.465606e-01
3.900609e-01
4.399167e-01
4.841647e-01
5.088923e-01
5.040590e-01
4.676351e-01
4.064035e-01
3.332354e-01
2.614559e-01
1.998772e-01
1.510361e-01
1.132771e-01
8.467742e-02
6.697287e-02
6.563768e-02
8.745460e-02
1.363491e-01
2.091968e-01
2.960639e-01
3.824503e-01
4.543367e-01
5.023499e-01
5.237663e-01
5.214965e-01
5.017090e-01
4.701987e-01
4.308107e-01
3.856548e-01
3.369205e-01
2.893345e-01
2.512017e-01
2.334170e-01
2.456740e-01
2.925123e-01
3.694723e-01
4.630955e-01
5.539682e-01
6.226768e-01
6.561098e-01
6.515969e-01
6.161611e-01
5.632611e-01
5.067560e-01
4.562593e-01
4.146550e-01
3.794595e-01
3.459731e-01
3.108844e-01
2.740066e-01
2.384106e-01
2.090365e-01
1.899701e-01
1.830538e-01
1.871395e-01
1.981681e-01
2.106120e-01
2.184629e-01
2.173147e-01
2.049509e-01
1.819056e-01
1.511696e-01
1.172559e-01
8.526490e-02
5.997650e-02
4.539628e-02
4.384747e-02
5.573061e-02
7.861568e-02
1.078295e-01
1.372837e-01
1.617710e-01
1.786477e-01
1.888218e-01
1.958716e-01
2.034822e-01
2.132557e-01
2.228690e-01
2.279962e-01
2.246048e-01
2.129620e-01
1.984619e-01
1.907979e-01
1.999573e-01
2.321886e-01
2.877056e-01
3.612743e-01
4.440023e-01
5.268372e-01
6.026223e-01
6.657498e-01
7.113865e-01
7.341914e-01
7.291978e-01
6.935484e-01
6.291391e-01
5.438742e-01
4.508652e-01
3.652532e-01
3.000961e-01
2.624973e-01
2.520829e-01
2.614025e-01
2.787065e-01
2.914708e-01
2.901891e-01
2.708556e-01
2.361408e-01
1.948302e-01
1.592608e-01
1.412626e-01
1.483924e-01
1.810778e-01
2.320284e-01
2.888005e-01
3.383625e-01
3.712882e-01
3.848804e-01
3.827975e-01
3.720626e-01
3.601794e-01
3.516343e-01
3.477088e-01
3.473884e-01
3.489639e-01
3.513939e-01
3.538774e-01
3.552126e-01
3.536103e-01
3.475486e-01
3.371342e-01
3.256516e-01
3.184950e-01
3.215125e-01
3.379887e-01
3.666150e-01
4.021577e-01
4.372730e-01
4.658193e-01
4.845653e-01
4.940451e-01
4.973830e-01
4.988517e-01
5.026437e-01
5.124439e-01
5.307360e-01
5.570124e-01
5.864399e-01
6.097789e-01
6.156270e-01
5.958129e-01
5.503899e-01
4.905736e-01
4.363651e-01
4.087268e-01
4.207434e-01
4.706526e-01
5.418447e-01
6.094584e-01
6.502350e-01
6.511162e-01
6.112209e-01
5.388272e-01
4.445364e-01
3.349178e-01
2.112529e-01
7.263405e-02
-7.917646e-02
0.000000e+00
0.000000e+00
0.000000e+00
0.000000e+00
0.000000e+00
0.000000e+00
0.000000e+00
0.000000e+00
0.000000e+00
0.000000e+00
0.000000e+00
0.000000e+00
0.000000e+00
0.000000e+00
0.000000e+00
0.000000e+00
0.000000e+00
0.000000e+00
0.000000e+00
0.000000e+00
0.000000e+00
0.000000e+00
0.000000e+00
0.000000e+00
0.000000e+00
0.000000e+00
0.000000e+00
0.000000e+00
0.000000e+00
0.000000e+00
0.000000e+00
0.000000e+00
0.000000e+00
0.000000e+00
0.000000e+00
0.000000e+00
0.000000e+00
0.000000e+00
0.000000e+00
0.000000e+00
0.000000e+00
0.000000e+00
0.000000e+00
0.000000e+00
0.000000e+00
0.000000e+00
0.000000e+00
0.000000e+00
0.000000e+00
0.000000e+00
0.000000e+00
0.000000e+00
0.000000e+00
0.000000e+00
0.000000e+00
0.000000e+00
0.000000e+00
0.000000e+00
0.000000e+00
0.000000e+00
0.000000e+00
0.000000e+00
0.000000e+00
0.000000e+00
0.000000e+00
0.000000e+00
0.000000e+00
0.000000e+00
0.000000e+00
0.000000e+00
0.000000e+00
0.000000e+00
0.000000e+00
0.000000e+00
0.000000e+00
0.000000e+00
0.000000e+00
0.000000e+00
0.000000e+00
0.000000e+00
0.000000e+00
0.000000e+00
0.000000e+00
0.000000e+00
0.000000e+00
0.000000e+00
0.000000e+00
0.000000e+00
0.000000e+00
0.000000e+00
0.000000e+00
0.000000e+00
0.000000e+00
0.000000e+00
0.000000e+00
0.000000e+00
0.000000e+00
0.000000e+00
0.000000e+00
0.000000e+00
0.000000e+00
0.000000e+00
0.000000e+00
0.000000e+00
0.000000e+00
0.000000e+00
0.000000e+00
0.000000e+00
0.000000e+00
0.000000e+00
0.000000e+00
0.000000e+00
0.000000e+00
0.000000e+00
0.000000e+00
0.000000e+00
0.000000e+00
0.000000e+00
0.000000e+00
0.000000e+00
0.000000e+00
4.745419e-01
4.605450e-01
4.158496e-01
3.395993e-01
2.436946e-01
1.513062e-01
8.055537e-02
3.153245e-02
-8.722699e-03
-4.920324e-02
-8.492799e-02
-1.048752e-01
-1.071292e-01
-1.049429e-01
-1.171591e-01
-1.534023e-01
-2.076994e-01
-2.633038e-01
-3.014403e-01
-3.076386e-01
-2.728379e-01
-1.959339e-01
-8.598733e-02
3.761805e-02
1.512836e-01
2.356481e-01
2.811549e-01
2.863615e-01
2.546036e-01
1.940181e-01
1.196835e-01
5.159240e-02
5.093876e-03
-1.830189e-02
-3.038294e-02
-4.523632e-02
-6.791083e-02
-9.225325e-02
-1.081434e-01
-1.080307e-01
-8.959362e-02
-5.582978e-02
-1.638605e-02
1.379404e-02
2.416210e-02
2.044312e-02
2.542430e-02
6.317759e-02
1.392026e-01
2.363018e-01
3.282845e-01
3.961954e-01
4.303875e-01
4.228368e-01
3.657223e-01
2.616359e-01
1.327789e-01
1.456037e-02
-6.155476e-02
-8.181757e-02
-5.062321e-02
1.480830e-02
8.875966e-02
1.417044e-01
1.499313e-01
1.076476e-01
3.166768e-02
-4.537156e-02
-8.927807e-02
-7.712940e-02
-5.702436e-03
1.072419e-01
2.306895e-01
3.337616e-01
3.968941e-01
4.130773e-01
3.826042e-01
3.095319e-01
2.036649e-01
8.114139e-02
-4.147227e-02
-1.536953e-01
-2.499155e-01
-3.222440e-01
-3.593211e-01
-3.560755e-01
-3.239119e-01
-2.877138e-01
-2.688485e-01
-2.706741e-01
-2.789686e-01
-2.757004e-01
-2.519666e-01
-2.100435e-01
-1.593978e-01
-1.105777e-01
-7.237361e-02
-4.888769e-02
-3.597268e-02
-2.226880e-02
4.395159e-03
4.785088e-02
1.003674e-01
1.485564e-01
1.831541e-01
2.027408e-01
2.092321e-01
1.997431e-01
1.651227e-01
9.847409e-02
6.919557e-03
-8.531115e-02
-1.475196e-01
-1.615390e-01
-1.342214e-01
-9.227579e-02
-6.331282e-02
-5.729484e-02
-6.297473e-02
-5.954876e-02
-3.272703e-02
1.613812e-02
7.320756e-02
1.220953e-01
1.533347e-01
1.679627e-01
1.724480e-01
1.718169e-01
1.673541e-01
1.612460e-01
1.600289e-01
1.701490e-01
1.883382e-01
2.007573e-01
1.963847e-01
1.825681e-01
1.831541e-01
2.156783e-01
2.689837e-01
3.066919e-01
2.966619e-01
2.384430e-01
1.603444e-01
9.108121e-02
3.622061e-02
-1.284739e-02
-5.039782e-02
-4.532648e-02
3.385399e-02
1.807199e-01
3.440846e-01
4.632723e-01
5.111682e-01
5.015214e-01
4.598463e-01
3.929948e-01
2.913201e-01
1.530642e-01
-1.352356e-04
-1.335677e-01
-2.225303e-01
-2.646111e-01
-2.748665e-01
-2.730633e-01
-2.727928e-01
-2.762864e-01
-2.770753e-01
-2.682624e-01
-2.498479e-01
-2.267226e-01
-1.967003e-01
-1.460320e-01
-6.114905e-02
4.945117e-02
1.489846e-01
1.931390e-01
1.621250e-01
7.503325e-02
-2.810648e-02
-1.202245e-01
-2.047693e-01
-2.986003e-01
-3.979985e-01
-4.606577e-01
-4.272094e-01
-2.681047e-01
-1.625082e-02
2.437397e-01
4.241666e-01
4.831068e-01
4.377353e-01
3.369622e-01
2.217865e-01
1.087745e-01
3.538666e-03
-7.818874e-02
-1.131246e-01
-9.592715e-02
-5.664120e-02
-4.208083e-02
-7.280186e-02
-1.211486e-01
-1.364077e-01
-9.419163e-02
-1.891045e-02
4.196813e-02
6.128429e-02
4.945117e-02
3.425970e-02
3.446255e-02
5.386887e-02
9.268150e-02
1.514414e-01
2.210201e-01
2.743481e-01
2.789235e-01
2.225077e-01
1.274821e-01
3.962404e-02
-2.569477e-03
7.753510e-03
4.467284e-02
7.066063e-02
6.401154e-02
3.074357e-02
-5.116415e-03
-2.244912e-02
-1.706223e-02
1.758063e-03
2.283229e-02
3.901548e-02
4.521379e-02
3.946627e-02
3.083373e-02
4.442491e-02
1.069038e-01
2.192170e-01
3.424843e-01
4.163680e-01
3.982239e-01
2.903960e-01
1.338157e-01
-2.055582e-02
-1.361147e-01
-1.965876e-01
-2.001713e-01
-1.562197e-01
-8.641558e-02
-2.258435e-02
4.755787e-03
-1.724255e-02
-7.532626e-02
-1.369036e-01
-1.696531e-01
-1.602092e-01
-1.188271e-01
-6.696419e-02
-1.879776e-02
2.679920e-02
7.749003e-02
1.308405e-01
1.673541e-01
1.613361e-01
1.044470e-01
1.954155e-02
-5.057813e-02
-7.528118e-02
-6.211824e-02
-4.949625e-02
-6.930827e-02
-1.144319e-01
-1.431019e-01
-1.179480e-01
-4.070593e-02
4.854960e-02
1.029369e-01
9.987153e-02
4.879753e-02
-2.154755e-02
-8.046521e-02
-1.082111e-01
-1.028242e-01
-7.697162e-02
-4.699439e-02
-2.064598e-02
4.102148e-03
2.939121e-02
5.111907e-02
6.385377e-02
6.969144e-02
7.769288e-02
9.232087e-02
1.054387e-01
1.035680e-01
8.184011e-02
5.091622e-02
2.851218e-02
2.537922e-02
3.912818e-02
5.875989e-02
7.510086e-02
8.389118e-02
7.969888e-02
5.017243e-02
-1.823427e-02
-1.227264e-01
-2.320418e-01
-2.983073e-01
-2.883224e-01
-2.073839e-01
-9.308720e-02
1.444768e-02
9.676111e-02
1.564000e-01
2.004643e-01
2.294498e-01
2.392319e-01
2.271959e-01
1.941533e-01
1.439358e-01
8.551401e-02
3.450763e-02
6.739243e-03
7.054793e-03
2.501859e-02
4.546172e-02
6.297473e-02
8.465752e-02
1.180156e-01
1.584060e-01
1.902315e-01
2.003516e-01
1.887890e-01
1.660468e-01
1.413438e-01
1.163477e-01
8.871459e-02
5.966146e-02
3.628823e-02
2.679920e-02
3.448509e-02
5.492821e-02
7.796335e-02
9.182501e-02
8.950346e-02
7.307233e-02
5.314761e-02
4.032276e-02
3.617554e-02
3.205085e-02
1.841459e-02
-3.764059e-03
-2.206595e-02
-2.391417e-02
-9.827124e-03
4.417698e-03
-1.600289e-03
-3.725742e-02
-9.365069e-02
-1.480380e-01
-1.764825e-01
-1.677147e-01
-1.303221e-01
-9.069804e-02
-7.895508e-02
-1.096536e-01
-1.694052e-01
-2.238826e-01
-2.427029e-01
-2.225979e-01
-1.877747e-01
-1.655961e-01
-1.613136e-01
-1.568057e-01
-1.341087e-01
-9.743728e-02
-7.068317e-02
-7.419929e-02
-1.050105e-01
-1.388194e-01
-1.488719e-01
-1.234251e-01
-7.117903e-02
-1.480830e-02
2.105168e-02
2.348592e-02
-1.126964e-03
-3.063087e-02
-4.262177e-02
-2.979692e-02
-3.764059e-03
1.548448e-02
1.399689e-02
-7.528118e-03
-3.365114e-02
-4.163004e-02
-1.255438e-02
5.677643e-02
1.477224e-01
2.270607e-01
2.647238e-01
2.506593e-01
1.988415e-01
1.340861e-01
7.124665e-02
4.237384e-03
-8.314738e-02
-1.912908e-01
-2.895395e-01
-3.333784e-01
-3.029729e-01
-2.248743e-01
-1.479027e-01
-9.495796e-02
-4.144973e-02
5.353078e-02
1.971285e-01
3.477359e-01
4.498163e-01
4.790047e-01
4.518223e-01
3.998017e-01
3.412672e-01
2.786305e-01
2.122974e-01
1.500665e-01
1.035003e-01
7.888746e-02
7.347804e-02
7.672369e-02
7.611513e-02
6.507089e-02
4.827913e-02
3.978182e-02
5.339554e-02
9.223071e-02
1.466405e-01
2.001488e-01
2.367751e-01
2.466247e-01
2.285482e-01
1.910204e-01
1.497509e-01
1.208331e-01
1.130570e-01
1.233349e-01
1.400365e-01
1.522753e-01
1.598260e-01
1.753330e-01
2.133117e-01
2.739649e-01
3.367368e-01
3.742421e-01
3.749634e-01
3.528523e-01
3.327473e-01
3.276084e-01
3.313950e-01
3.318232e-01
3.255347e-01
3.193139e-01
3.204634e-01
3.315978e-01
3.529425e-01
3.832804e-01
4.134605e-01
4.249104e-01
4.027092e-01
3.529200e-01
2.995695e-01
2.587058e-01
2.191494e-01
1.585413e-01
8.226835e-02
3.635585e-02
7.147204e-02
1.921924e-01
3.463610e-01
4.684337e-01
5.241508e-01
5.106723e-01
4.228819e-01
2.392995e-01
-4.661122e-02
0.000000e+00
0.000000e+00
0.000000e+00
0.000000e+00
0.000000e+00
0.000000e+00
0.000000e+00
0.000000e+00
0.000000e+00
0.000000e+00
0.000000e+00
0.000000e+00
0.000000e+00
0.000000e+00
0.000000e+00
0.000000e+00
0.000000e+00
0.000000e+00
0.000000e+00
0.000000e+00
0.000000e+00
0.000000e+00
0.000000e+00
0.000000e+00
0.000000e+00
0.000000e+00
0.000000e+00
0.000000e+00
0.000000e+00
0.000000e+00
