
9.435802e-01
9.435802e-01
9.435802e-01
9.435802e-01
9.435802e-01
9.435802e-01
9.435802e-01
9.435802e-01
9.435802e-01
9.435802e-01
9.435802e-01
9.435802e-01
9.435802e-01
9.435802e-01
9.435802e-01
9.435802e-01
9.435802e-01
9.435802e-01
9.435802e-01
9.435802e-01
9.435802e-01
9.435802e-01
4.973270e-03
1.666356e-03
5.358075e-03
5.447452e-04
5.854417e-05
1.272441e-04
4.319463e-02
1.043263e-02
1.178974e-03
1.595359e-03
8.656165e-05
1.474859e-03
1.561187e-03
2.321885e-04
1.243382e-03
1.686512e-03
1.325705e-03
1.079848e-03
1.266923e-03
9.624318e-04
7.534758e-04
1.470591e-03
2.120273e-05
1.083530e-04
5.913384e-04
9.774030e-04
1.908675e-04
1.100505e-03
1.273790e-03
2.073782e-03
1.857577e-03
1.162971e-03
2.309873e-04
1.855679e-04
1.005219e-03
1.104785e-03
1.529470e-03
2.042179e-04
6.544117e-05
2.407251e-04
6.120788e-04
1.768311e-04
2.244461e-04
2.799853e-03
2.727017e-03
1.023236e-03
2.353260e-03
5.547768e-05
4.732046e-04
1.746595e-04
1.723322e-05
7.654574e-05
2.993429e-04
3.266661e-04
4.755362e-04
5.321806e-04
8.720055e-04
3.932974e-04
1.594716e-04
2.768883e-04
3.843800e-04
3.755016e-04
1.222727e-04
9.100160e-04
1.153918e-04
2.333944e-04
2.319590e-05
1.543046e-04
1.839019e-05
5.461714e-04
1.469165e-04
1.828890e-04
3.100395e-04
1.306047e-04
3.259660e-04
2.468367e-04
5.563693e-04
1.001361e-04
1.406730e-04
2.016482e-05
4.688422e-04
1.004574e-04
2.099824e-04
8.584452e-04
3.639549e-04
2.087237e-04
1.256442e-04
6.586440e-04
1.155563e-03
1.029878e-03
5.963572e-05
6.972516e-04
2.634959e-04
6.972870e-04
8.436249e-05
4.380105e-05
3.905343e-04
4.584441e-04
3.671049e-04
1.491828e-04
1.389484e-04
5.936916e-05
4.714293e-04
7.110274e-04
4.298627e-04
1.034996e-03
8.233686e-04
2.478699e-03
3.529205e-03
3.866549e-03
5.693540e-03
4.640495e-03
6.231738e-04
1.844376e-03
2.981975e-04
2.316994e-03
1.677218e-04
6.072893e-04
9.687963e-04
1.062559e-04
3.749173e-04
6.253054e-04
4.998425e-05
5.569499e-04
4.511843e-04
1.478058e-03
1.810539e-04
1.190406e-04
3.016133e-04
1.075431e-03
2.537649e-04
5.123994e-04
1.367018e-03
4.435778e-04
2.412204e-04
2.152014e-04
2.131740e-04
3.960410e-04
3.916612e-04
1.383255e-03
2.070023e-04
4.824376e-03
9.507196e-04
7.058963e-04
1.786533e-03
4.711772e-04
1.279817e-03
1.896312e-04
6.086051e-03
1.557003e-02
5.806787e-03
2.310418e-03
1.368601e-03
5.520818e-04
1.403126e-03
4.616455e-04
9.937361e-04
3.441867e-04
9.144434e-05
1.542831e-03
1.667855e-04
1.523923e-03
1.013885e-03
1.043241e-03
4.459339e-04
6.561385e-05
1.864860e-03
2.900450e-04
1.214033e-03
1.609594e-04
2.664419e-04
1.387237e-04
3.158571e-04
1.307370e-03
2.238346e-04
4.085414e-04
7.060761e-04
4.304217e-04
3.380019e-04
3.494933e-04
1.658584e-03
1.354843e-03
1.089411e-04
1.318439e-04
6.884871e-04
4.160047e-04
1.796545e-03
4.888767e-04
1.047184e-03
1.264580e-04
3.299959e-04
1.651261e-04
8.765945e-04
1.312840e-03
3.176937e-04
8.798306e-04
6.013823e-05
1.641587e-04
5.420901e-04
9.433882e-04
2.425885e-03
1.347780e-03
3.339533e-04
9.785423e-05
2.967270e-04
1.210178e-03
1.653348e-03
1.218683e-03
1.023898e-03
1.288014e-04
6.295997e-06
3.777935e-03
2.426000e-03
1.628065e-03
1.445405e-03
3.968276e-05
1.396983e-03
2.278887e-05
2.770372e-03
2.770411e-03
1.605609e-03
5.946522e-06
3.677653e-04
5.537369e-03
1.634831e-02
2.128177e-03
1.230273e-02
1.816899e-03
1.845252e-03
1.499958e-03
9.486623e-04
2.658935e-03
3.875148e-03
9.498849e-03
1.099577e-03
1.420503e-03
6.935680e-04
1.054770e-03
3.525353e-04
8.753356e-05
1.329254e-04
2.213091e-04
7.914217e-04
1.351512e-03
1.068501e-03
2.541901e-05
7.573726e-04
6.902683e-04
2.532780e-04
7.199764e-04
9.916462e-05
7.184475e-04
3.293202e-04
2.200857e-04
2.213919e-03
9.537578e-05
5.993008e-04
2.639809e-03
3.435700e-04
3.466973e-03
4.323606e-04
6.441516e-04
2.758172e-04
2.558915e-03
4.256852e-04
3.120639e-05
1.036743e-03
1.065509e-03
1.388185e-03
1.191141e-03
9.977497e-05
1.072541e-03
3.406635e-04
1.709709e-03
6.025673e-04
3.005704e-04
3.084186e-04
5.906834e-04
1.280380e-04
5.010463e-04
8.185836e-04
5.956780e-04
8.982125e-05
8.765875e-04
6.339931e-04
4.565187e-04
3.971944e-04
4.921835e-04
5.267001e-04
5.256832e-04
2.897553e-04
8.583071e-04
1.978612e-04
8.382773e-04
7.163421e-04
1.047843e-04
2.773836e-04
1.080184e-03
2.071699e-04
3.502796e-04
1.623705e-03
6.441672e-04
1.036132e-03
6.389775e-04
1.662556e-03
1.569943e-03
1.997268e-04
2.420373e-03
1.511625e-03
1.307476e-04
2.054382e-03
2.831517e-03
2.375525e-04
8.312655e-04
1.410059e-03
8.499908e-04
4.342220e-04
6.714626e-04
1.933299e-03
8.738742e-04
1.666907e-04
1.109896e-03
1.655824e-03
4.049768e-04
5.641036e-03
8.910461e-04
7.214299e-05
1.098096e-03
2.452573e-03
7.429786e-03
4.357443e-03
5.172574e-03
1.633083e-04
2.675510e-03
1.094214e-02
6.960197e-04
1.107163e-02
1.576675e-03
1.191020e-03
3.097110e-03
1.907794e-03
3.672773e-03
2.597366e-04
2.728457e-03
4.385644e-03
5.684121e-05
1.405656e-02
1.700253e-03
2.128054e-04
1.511969e-03
9.835792e-04
7.911868e-04
9.754090e-04
2.734405e-03
1.007696e-03
3.187978e-04
6.960019e-04
1.854297e-03
6.542954e-04
1.072819e-03
1.523775e-03
2.552621e-04
2.139555e-03
7.779071e-04
9.660751e-05
2.894479e-04
8.434534e-05
6.534167e-04
2.316065e-04
2.843265e-04
2.454519e-04
8.386195e-05
3.233217e-04
1.044708e-04
5.580890e-04
1.874733e-04
2.889325e-04
4.203251e-04
2.639733e-04
3.321773e-05
1.208101e-04
4.524833e-04
1.910115e-04
1.016025e-04
1.322727e-05
1.052208e-03
1.867230e-03
1.091962e-04
2.845023e-04
4.190578e-04
1.450612e-04
6.757129e-05
6.810800e-04
1.934814e-04
7.517815e-05
1.936664e-04
1.002448e-04
5.714192e-05
9.319101e-06
9.923941e-05
2.193150e-05
1.235142e-04
7.706741e-05
1.076460e-04
3.254041e-04
1.513901e-04
3.127272e-04
3.060153e-04
7.433165e-05
1.020244e-04
2.837835e-04
1.409394e-04
4.150031e-05
4.551801e-04
7.974163e-04
2.990511e-04
6.956853e-05
2.608988e-04
2.901633e-04
1.124346e-04
9.848826e-05
2.528738e-04
3.527477e-05
2.585732e-04
1.392137e-03
7.356716e-04
1.762018e-03
8.853921e-04
3.746131e-04
9.805713e-05
8.668158e-05
1.507006e-04
7.072122e-05
6.167984e-04
4.540711e-05
4.563089e-04
4.073578e-04
4.535176e-05
4.393611e-04
2.997579e-05
2.254700e-05
7.325393e-04
3.245813e-05
2.690896e-05
1.269960e-04
2.334276e-04
4.579418e-04
2.370493e-04
1.071454e-04
4.875384e-04
1.304729e-04
2.440611e-04
8.136266e-05
2.870148e-04
2.653581e-05
3.064113e-04
4.516659e-04
3.954547e-04
8.096240e-05
2.883965e-04
7.396713e-04
4.470124e-03
1.327949e-02
8.866413e-05
1.106365e-02
5.588009e-03
1.347888e-04
1.674484e-04
2.108066e-04
3.861930e-04
1.279679e-04
1.206336e-04
2.047458e-04
2.315898e-04
1.197010e-04
2.969205e-04
1.043827e-04
2.506908e-04
2.822971e-04
4.652432e-05
4.898382e-05
5.105412e-05
5.772117e-04
4.669751e-05
1.297992e-04
2.094488e-05
3.302857e-04
4.832563e-05
1.363791e-04
4.672076e-05
4.456315e-05
1.225245e-04
8.011695e-05
2.374512e-04
8.146949e-06
1.934074e-04
3.039537e-05
6.154897e-04
8.477012e-05
4.989796e-05
1.011460e-04
2.081689e-05
4.537089e-05
1.896644e-04
1.564756e-04
1.743944e-04
1.831604e-04
2.996582e-04
2.518192e-04
3.324395e-05
6.630017e-04
1.152075e-04
1.442149e-03
4.095892e-04
6.967398e-04
3.900149e-05
4.314580e-05
6.817154e-06
7.106390e-04
1.851759e-04
3.056414e-04
4.529883e-04
4.900626e-05
4.619209e-05
6.122624e-05
9.086822e-05
3.617990e-05
3.260406e-05
4.024461e-05
2.492484e-06
3.939043e-05
5.293186e-05
8.002125e-05
7.556306e-05
1.023353e-04
3.774227e-04
2.928011e-04
2.615520e-04
8.803928e-05
2.092249e-04
3.275021e-04
6.290497e-04
6.950077e-04
2.171552e-04
6.006659e-05
4.063786e-05
7.962804e-05
2.247009e-04
6.747724e-05
8.197908e-05
1.225773e-04
1.711636e-04
6.177276e-05
2.395504e-04
5.839622e-04
2.434902e-04
8.423820e-04
3.302939e-04
3.601674e-05
3.805284e-05
7.432409e-05
6.682450e-04
8.994214e-05
3.629814e-04
3.003292e-05
7.691495e-04
1.254142e-03
1.125014e-04
4.493579e-05
2.647440e-05
3.234330e-04
2.549407e-04
3.080075e-04
4.715118e-04
1.252165e-03
8.119529e-04
2.780183e-05
2.943131e-05
9.996626e-06
8.709590e-05
1.259704e-04
2.386001e-04
9.735363e-05
5.092403e-04
4.825306e-05
6.110099e-05
1.263140e-04
1.934678e-04
1.971003e-04
1.093005e-04
2.963828e-04
2.734206e-04
9.654739e-05
1.551359e-04
3.115408e-04
1.634353e-04
7.973215e-05
1.120669e-04
7.464435e-05
1.328813e-04
5.108581e-05
1.730184e-04
2.115376e-04
3.259472e-04
2.757525e-04
7.846146e-05
1.542622e-01
5.239299e-03
5.168768e-04
7.329604e-05
8.720361e-04
2.229304e-03
5.247340e-04
3.058978e-04
4.172473e-04
8.613820e-05
3.650624e-04
1.412814e-03
2.938269e-04
3.893258e-04
3.439532e-04
6.087654e-05
2.453668e-04
4.833481e-04
7.295297e-05
4.494918e-04
4.723713e-04
1.110823e-03
2.394950e-04
1.558088e-04
2.750234e-04
5.489595e-05
9.724806e-05
3.003878e-04
2.658613e-04
2.766802e-04
2.578404e-04
2.370617e-04
1.206899e-05
4.421646e-05
2.934650e-05
6.509548e-04
7.401721e-05
7.539923e-04
4.379406e-04
1.637156e-03
1.073475e-04
4.571066e-04
2.527196e-03
2.292106e-03
1.654792e-03
2.110329e-03
5.325628e-04
3.397445e-04
2.351729e-03
1.993646e-02
1.092517e-02
4.825570e-04
2.832976e-02
1.909109e-02
6.948197e-04
7.781717e-04
1.466454e-03
3.058768e-03
4.810348e-03
1.061207e-01
7.654038e-03
2.625181e-04
1.656132e-03
2.738740e-03
3.073284e-04
1.715589e-03
4.934962e-03
9.944005e-03
1.080098e-03
1.070856e-03
8.967789e-05
9.933175e-04
1.431235e-03
8.932211e-04
9.771553e-04
8.214931e-04
2.605890e-04
1.475857e-04
1.074057e-03
2.790634e-04
2.818120e-04
6.784493e-04
4.770086e-05
4.190393e-04
4.165393e-04
2.216467e-04
1.437995e-03
6.283069e-05
4.237160e-04
4.423416e-04
2.041116e-04
1.688082e-03
1.603147e-04
4.258745e-04
4.954751e-04
3.279238e-04
1.775334e-03
1.821476e-04
4.897050e-04
6.820383e-04
1.387760e-03
7.234206e-04
4.216133e-04
1.375010e-03
4.107186e-04
1.063289e-03
2.511636e-04
5.290018e-04
1.214727e-03
2.847184e-04
6.354285e-04
1.180250e-03
7.110987e-04
1.401899e-03
6.779842e-05
1.070989e-04
6.109757e-04
1.317439e-03
1.217095e-03
4.119191e-04
7.049717e-04
1.409802e-04
1.003665e-03
8.929477e-04
5.777300e-04
1.644877e-03
4.552201e-04
2.136887e-04
3.412418e-05
9.821306e-04
5.912957e-04
7.795210e-04
3.728534e-04
2.501585e-04
8.879288e-05
7.106863e-05
1.151418e-03
1.265699e-03
1.016696e-03
7.071688e-03
3.774507e-03
2.534607e-03
9.033708e-04
8.560590e-04
1.531878e-03
1.109442e-03
1.313525e-04
7.295396e-04
1.139793e-03
1.154342e-03
1.396178e-03
2.676277e-04
9.477916e-04
4.775344e-04
2.250080e-03
2.018338e-03
6.784670e-03
5.754762e-04
7.788276e-04
2.064647e-03
2.716452e-04
1.125696e-03
7.442312e-04
1.687433e-03
7.133007e-04
4.904448e-05
1.599471e-03
2.311888e-03
4.063841e-04
3.143152e-03
6.242878e-04
2.029055e-03
5.547310e-04
8.417832e-04
1.428549e-03
2.456022e-03
1.494371e-04
5.159470e-03
2.176642e-03
4.331714e-04
2.117626e-03
8.746712e-04
4.585651e-03
1.328159e-03
7.397704e-04
2.331844e-04
7.033278e-04
9.320251e-04
2.165446e-03
1.649400e-03
3.652874e-04
7.114647e-04
1.707381e-02
4.904615e-05
2.299932e-03
5.058126e-03
5.723061e-04
1.150772e-03
3.543279e-04
2.655034e-03
4.409518e-03
1.135712e-04
1.688194e-05
2.858344e-02
1.247561e-03
1.040072e-03
2.097258e-03
3.965450e-03
1.813023e-03
8.802877e-03
6.673523e-04
7.935854e-05
3.798103e-03
3.864983e-03
1.080587e-03
5.843012e-04
1.204640e-03
1.866172e-03
8.425028e-04
3.673188e-04
4.569941e-04
9.172970e-04
3.285399e-04
1.080592e-03
1.792731e-04
9.937370e-04
7.711360e-05
5.255825e-03
1.652440e-03
5.661735e-04
2.331351e-03
2.683421e-03
2.738608e-03
2.614442e-03
2.393427e-03
2.706568e-04
9.518574e-04
9.023792e-04
2.160433e-04
2.646577e-04
1.475201e-05
1.548657e-04
7.673858e-04
6.611220e-04
4.174451e-04
9.687080e-04
4.871789e-04
6.338652e-04
8.444698e-04
5.350633e-04
4.798206e-05
3.628229e-05
1.284798e-04
1.022598e-03
8.309822e-04
9.491833e-04
1.151711e-03
6.261898e-05
1.148365e-04
1.301174e-04
2.279547e-04
5.671180e-04
6.229722e-05
7.404940e-04
1.794350e-04
2.605178e-04
9.758356e-05
1.711023e-04
2.810520e-04
4.058345e-03
1.895113e-03
1.788251e-04
2.429587e-03
1.171672e-03
3.502088e-04
3.974775e-05
4.240113e-04
1.497179e-04
5.959725e-04
6.833200e-05
6.543268e-04
1.079720e-04
4.387356e-04
2.965389e-04
3.034000e-03
9.261135e-04
2.188277e-03
4.809008e-03
1.672497e-04
7.447028e-05
5.155641e-05
3.241719e-05
9.341902e-05
3.335250e-03
8.507415e-04
1.621310e-03
5.356345e-04
2.921421e-04
1.979530e-04
1.431717e-04
4.810299e-05
1.500494e-04
2.915363e-04
4.035580e-04
1.331250e-05
1.156389e-04
9.512513e-04
4.022551e-04
2.860911e-04
5.905487e-05
2.854472e-05
7.083609e-04
5.644016e-04
1.691335e-05
2.104870e-04
1.044736e-04
2.736326e-04
4.320290e-04
2.212894e-05
1.100441e-03
1.267024e-04
7.077837e-05
2.502490e-04
2.482316e-03
3.852436e-03
1.240399e-03
1.784262e-03
8.858372e-04
2.360252e-03
1.008791e-04
2.165899e-04
9.060629e-04
1.259147e-04
1.089231e-03
1.111895e-04
4.443652e-04
5.622554e-04
1.906628e-04
3.273182e-04
5.712729e-04
1.852586e-04
5.879092e-06
5.334298e-04
2.127372e-04
1.014973e-04
2.582672e-04
1.644044e-05
1.490928e-04
4.859348e-06
3.053244e-04
5.873896e-04
6.077750e-04
2.093535e-04
9.393897e-05
4.400064e-04
6.614422e-05
4.725300e-04
1.156229e-04
5.948122e-05
5.906815e-04
1.280769e-04
1.248125e-04
6.071699e-04
4.613081e-04
8.443678e-05
1.509833e-04
6.831503e-05
2.823952e-04
1.140565e-04
4.949958e-05
1.820988e-04
1.435376e-04
7.581990e-05
1.372019e-04
1.152154e-03
2.800660e-05
3.288848e-04
4.295096e-04
9.595961e-05
5.042017e-04
6.836826e-05
6.774541e-04
2.626612e-04
3.493028e-05
1.355926e-04
2.689078e-05
2.485070e-04
1.393083e-04
5.125049e-05
2.005566e-04
1.157660e-05
6.108154e-05
1.101973e-04
3.269111e-05
1.087662e-04
1.707781e-03
2.916835e-04
1.506597e-03
5.539891e-04
8.350346e-05
4.406424e-05
1.534632e-04
1.118058e-04
3.337773e-04
4.254729e-04
6.190601e-05
1.421156e-05
7.743006e-05
3.062804e-04
3.861188e-04
2.089602e-04
5.580329e-04
2.687207e-04
8.376897e-04
4.980043e-05
1.115643e-03
1.368253e-03
1.969202e-04
5.591013e-04
1.085150e-03
3.365192e-04
8.941106e-05
9.882409e-05
2.908530e-04
3.724402e-04
1.060122e-04
9.771334e-04
1.359356e-04
2.207798e-04
1.118513e-04
9.514980e-05
9.291512e-05
1.637115e-04
1.145420e-04
3.207960e-05
2.060540e-05
2.815916e-05
7.780649e-05
8.226160e-04
3.066226e-04
5.461741e-04
2.093203e-04
2.226644e-04
1.991085e-05
5.317994e-05
3.447451e-04
8.891920e-04
6.073858e-04
3.675123e-04
3.956209e-05
5.172074e-05
8.477661e-05
1.287194e-05
1.499955e-04
6.279688e-04
1.312912e-04
3.316263e-05
2.172950e-04
5.136477e-03
5.198558e-03
3.996531e-05
8.942206e-03
2.914300e-02
7.127542e-03
2.635757e-03
9.836031e-04
1.791685e-03
1.875457e-03
1.351865e-03
2.436375e-03
1.476111e-04
1.541301e-03
4.568813e-05
5.192760e-04
1.769012e-04
1.002889e-03
2.405231e-04
1.512122e-03
3.974316e-04
4.876017e-04
4.246042e-04
7.454903e-04
1.999046e-03
2.411322e-04
8.920286e-04
1.045204e-04
7.692206e-04
2.617374e-04
5.395031e-04
4.231110e-04
4.685319e-04
8.647221e-04
1.857475e-04
2.190505e-04
9.115326e-04
1.435693e-04
2.601946e-03
1.603242e-04
8.719006e-04
2.721747e-04
5.783906e-05
2.070023e-04
1.187755e-04
3.515399e-04
5.252794e-04
1.328231e-05
4.199676e-04
6.257384e-04
4.891256e-04
1.632415e-03
2.493202e-04
1.028302e-04
8.145979e-04
1.787025e-04
9.152538e-05
2.385564e-04
1.491151e-04
8.249116e-04
2.349868e-04
7.406042e-04
4.507031e-04
3.803181e-04
6.306666e-04
7.907112e-05
1.909036e-04
1.094351e-04
8.263182e-04
3.897440e-04
3.516277e-04
1.946458e-03
2.672190e-04
4.637500e-04
2.868472e-04
2.662329e-03
3.485509e-04
1.237432e-03
7.346644e-04
1.120555e-03
3.634117e-03
9.507982e-04
5.647896e-03
5.767772e-03
7.080465e-03
1.040394e-03
2.259791e-04
3.677915e-04
5.908784e-04
2.176338e-03
1.250818e-04
1.785972e-03
3.509314e-04
8.081278e-04
3.356399e-05
2.504499e-03
4.302622e-04
1.467252e-03
6.073049e-05
3.956465e-03
1.423949e-03
3.963751e-04
2.760463e-04
2.629656e-03
3.605645e-04
2.838744e-04
2.326046e-04
5.794546e-05
9.250013e-04
2.835164e-04
7.220123e-04
2.805870e-03
4.171426e-04
1.476051e-03
2.067548e-03
4.626076e-04
8.129768e-03
2.560495e-02
5.531040e-03
1.995633e-03
2.078799e-03
2.434196e-04
4.351738e-04
6.196664e-05
5.721340e-04
2.792035e-05
4.466164e-04
7.185745e-04
6.893512e-04
1.685097e-04
4.675747e-04
5.074539e-04
6.926230e-04
2.883098e-04
6.158662e-05
2.071721e-03
2.824763e-05
5.622091e-04
3.273122e-04
1.006866e-03
8.262527e-04
6.843643e-04
1.286828e-03
9.233850e-05
7.925799e-04
7.783623e-04
3.115433e-03
1.879950e-03
1.690588e-04
4.901741e-04
2.836675e-04
2.650686e-04
1.282144e-03
2.144696e-03
8.035315e-05
8.148440e-04
3.294761e-04
1.074973e-04
6.280720e-04
1.712828e-04
5.608802e-04
9.046211e-04
2.805220e-04
1.177824e-03
8.222322e-05
1.618520e-04
4.752954e-04
5.704747e-05
6.115516e-04
1.949652e-04
2.746191e-04
8.231614e-04
2.475517e-04
6.280603e-04
2.113567e-03
9.383152e-04
1.230703e-03
5.289094e-04
7.328910e-04
6.591360e-05
2.921831e-04
1.263810e-04
1.632798e-03
1.026853e-04
1.581283e-03
5.092939e-04
1.331478e-03
2.547829e-03
4.911454e-03
1.408099e-03
8.744574e-04
7.056914e-03
1.137503e-03
2.064899e-03
1.187042e-04
1.923617e-04
4.700058e-04
1.308987e-04
3.012063e-05
9.402803e-04
3.896823e-04
1.095588e-04
1.192513e-03
5.898888e-04
4.689365e-04
5.698849e-03
1.372017e-03
7.644332e-04
5.575784e-03
8.980872e-03
7.804954e-03
2.691847e-03
6.725690e-03
1.565086e-02
5.569629e-03
1.222366e-03
3.666434e-04
3.070857e-04
1.414026e-04
1.230781e-04
3.735736e-04
1.555133e-03
1.137292e-03
1.276407e-04
1.057000e-04
2.593834e-04
4.794556e-04
7.267282e-04
1.431849e-03
3.596032e-01
2.116499e-03
3.553636e-03
2.412969e-02
2.309881e-02
2.102864e-03
1.766918e-03
4.290772e-04
2.343897e-04
3.123853e-04
8.593941e-04
1.787661e-04
1.912484e-04
8.926720e-05
1.540494e-04
3.930705e-05
2.182452e-04
2.295537e-05
2.319752e-04
1.193077e-04
1.349559e-04
1.682645e-04
3.502726e-05
3.906889e-04
7.965909e-04
6.101095e-04
3.514368e-04
2.155680e-04
1.038305e-04
2.484064e-04
5.507088e-04
2.106843e-04
1.323545e-03
3.330832e-04
1.581577e-04
1.398806e-04
7.868708e-05
1.974457e-04
1.470649e-04
2.126638e-04
1.248762e-05
1.484650e-04
2.571466e-04
3.658542e-04
2.249300e-04
2.898692e-04
7.647040e-05
1.135719e-04
8.503607e-04
4.099256e-04
1.836772e-03
3.071385e-04
1.362479e-05
1.662499e-03
5.050071e-05
1.885031e-03
1.485185e-03
8.902407e-04
4.401739e-04
2.813595e-04
1.713970e-04
3.917623e-04
6.758059e-05
1.998401e-04
8.829162e-04
3.375176e-04
2.559466e-04
1.616215e-04
1.289007e-04
2.000038e-04
2.595842e-04
3.837106e-05
6.324478e-04
7.541867e-05
3.133593e-03
7.021308e-04
2.598502e-03
2.598054e-03
3.787224e-04
7.582670e-05
7.296576e-04
5.896068e-04
1.139685e-04
5.355353e-04
1.901719e-03
4.528901e-04
3.067143e-03
1.012665e-03
2.269157e-04
2.407864e-03
1.198302e-03
3.502225e-05
1.206208e-04
1.747118e-01
2.255621e-02
7.603616e-04
1.055029e-03
5.114956e-03
5.314333e-03
1.515000e-03
5.223228e-04
3.544082e-03
2.646284e-04
2.689945e-03
1.114619e-02
9.715695e-03
2.061646e-03
6.023666e-03
1.711032e-03
2.552425e-04
1.676547e-03
7.948375e-04
2.656135e-03
2.395898e-04
1.567396e-04
1.313763e-05
6.554500e-04
6.082384e-04
1.172484e-03
1.794226e-03
1.143112e-03
9.142613e-04
1.577869e-04
4.669879e-04
3.574997e-04
2.163722e-03
1.211646e-03
4.703401e-04
6.900569e-03
2.443847e-03
2.001165e-03
2.044281e-04
4.334095e-04
5.072791e-04
7.988531e-05
3.674801e-04
2.042504e-04
4.121359e-04
1.119300e-03
1.241995e-04
3.234731e-04
1.137327e-04
9.828289e-04
2.083910e-03
3.943619e-04
3.089098e-03
3.287444e-05
5.065536e-04
1.027527e-04
8.507201e-04
8.994956e-04
8.114806e-04
1.751793e-03
3.552670e-04
9.008959e-04
7.063701e-05
1.001517e-03
5.690990e-04
1.778275e-03
9.864388e-04
5.459355e-04
2.307478e-04
2.858212e-05
2.881267e-04
1.315101e-03
1.094896e-03
1.945647e-03
2.696660e-03
3.556266e-04
4.445645e-05
3.585957e-04
4.172762e-04
9.952132e-04
9.020863e-04
4.920088e-04
1.248540e-03
7.682521e-05
1.172471e-03
1.573915e-03
3.357316e-03
1.480214e-03
1.119160e-03
2.057312e-03
4.381706e-04
3.746095e-04
1.695945e-04
6.102393e-04
5.621296e-04
5.002309e-04
6.851390e-04
1.629861e-03
2.838788e-04
2.810269e-04
5.629762e-04
2.109937e-04
9.927307e-04
8.334640e-04
7.369827e-04
4.538707e-04
4.087274e-05
6.920631e-04
3.160473e-04
1.801445e-03
1.862779e-04
3.444319e-04
3.832509e-04
5.188214e-04
1.084163e-03
5.615854e-04
7.284774e-04
2.561859e-03
3.760909e-04
2.679879e-03
1.156879e-03
2.448947e-04
3.050184e-03
5.069452e-04
3.566894e-03
2.595747e-04
1.180173e-03
5.344943e-03
6.382423e-04
6.617384e-04
3.857071e-03
2.627399e-04
3.873388e-04
4.334163e-05
1.469601e-04
1.733216e-01
1.462165e-02
1.081288e-03
1.316496e-02
1.008591e-02
1.744334e-03
6.715042e-04
2.461566e-04
3.353539e-04
3.125658e-04
1.859093e-04
2.872848e-04
9.776303e-04
1.375873e-03
4.787521e-04
7.505906e-05
9.011654e-05
5.318049e-04
2.309654e-05
6.364863e-04
2.905934e-04
1.432459e-04
6.983412e-05
1.536567e-04
3.016542e-04
4.675578e-04
2.399456e-04
9.946171e-05
9.991731e-05
1.761381e-04
7.851973e-04
3.809670e-04
4.453663e-04
3.309637e-05
2.428520e-04
8.218213e-04
7.994254e-04
5.124385e-04
6.428414e-05
6.876438e-04
3.191941e-04
4.042166e-04
1.680576e-04
8.020794e-05
7.408909e-04
2.237260e-04
8.328321e-05
8.638522e-04
2.899921e-04
5.956986e-04
7.459601e-04
4.697671e-04
1.511109e-03
4.058653e-03
3.399707e-03
5.032095e-04
1.354233e-03
4.111149e-04
9.348556e-04
1.111508e-03
1.782803e-03
8.874466e-04
4.410896e-03
1.929127e-04
1.645863e-03
1.571346e-04
5.829102e-05
3.473301e-04
2.374265e-03
6.458125e-04
1.576950e-03
1.255267e-03
2.340239e-04
2.202164e-03
2.695994e-03
1.145261e-03
6.212033e-03
2.473830e-03
2.033589e-03
5.121875e-05
9.439521e-04
3.486066e-04
3.392576e-04
9.006112e-04
2.482867e-04
2.056385e-03
6.684358e-04
9.441153e-04
2.600467e-04
2.930929e-04
3.935202e-05
8.162595e-04
2.388775e-04
1.743699e-03
6.370108e-04
1.023737e-03
1.779245e-04
2.995830e-04
2.657187e-04
6.074278e-05
3.593329e-03
2.258352e-03
3.734736e-03
2.391767e-03
1.434700e-03
4.060101e-04
5.179338e-03
4.220938e-03
4.341182e-03
8.657892e-04
4.925232e-04
9.797451e-04
1.406044e-05
5.234689e-04
6.916656e-05
2.233122e-04
1.435326e-04
4.892229e-04
2.840138e-04
8.540105e-04
5.635570e-04
6.808902e-04
9.293346e-04
7.463111e-04
7.582175e-04
6.329127e-04
2.582306e-04
2.253108e-04
6.442695e-04
1.417392e-04
1.172201e-03
8.482178e-04
1.392547e-03
8.828031e-04
4.929999e-04
4.153099e-04
4.356276e-05
2.535033e-03
1.576700e-04
2.039093e-03
3.334057e-03
1.054485e-03
7.456251e-04
2.795912e-04
4.562783e-04
1.763230e-03
2.042922e-05
9.713866e-04
3.621298e-04
1.003068e-03
1.037783e-03
3.711853e-04
1.277159e-03
2.476040e-03
2.029434e-03
3.223795e-03
5.627979e-04
4.828286e-04
3.642642e-03
3.931924e-05
5.519744e-04
1.439745e-03
1.298793e-03
1.335370e-03
3.767043e-05
8.977330e-04
1.922412e-03
8.000921e-04
2.815570e-04
1.428731e-04
2.730094e-03
6.237257e-04
5.303435e-04
6.207568e-03
9.530145e-04
3.208097e-03
3.327371e-04
9.916098e-04
8.345885e-04
3.813119e-04
2.422023e-03
9.375765e-04
1.676811e-03
2.042318e-03
2.484225e-04
6.698303e-05
3.269615e-04
2.510851e-03
1.244643e-03
1.172164e-03
1.177487e-03
1.005455e-04
1.694376e-03
2.269472e-04
9.709612e-04
1.403489e-03
1.826269e-03
7.251026e-04
1.602801e-04
4.418890e-03
7.229586e-05
2.098054e-04
3.096475e-03
2.793208e-04
3.840738e-04
8.039277e-04
6.996166e-05
7.965707e-04
2.903155e-06
4.772880e-05
5.697131e-04
7.141724e-05
6.542459e-05
1.643710e-04
3.357394e-05
2.838380e-05
3.156173e-05
2.618856e-01
2.030189e-02
1.294507e-03
1.896922e-03
2.108775e-03
1.243799e-02
8.732351e-03
5.162166e-03
6.331705e-04
4.329075e-04
4.666721e-04
1.111813e-03
4.123856e-03
6.721016e-04
3.376506e-04
5.306799e-06
1.396636e-03
1.181157e-03
1.014729e-03
1.274717e-03
4.694890e-05
2.890730e-03
5.489340e-04
2.020814e-03
8.641407e-04
3.745321e-04
9.387023e-04
4.961971e-04
7.103943e-04
9.435794e-05
1.161878e-04
1.168314e-03
1.626990e-03
8.190945e-04
4.581081e-04
8.041877e-04
5.605391e-04
2.189551e-03
6.064437e-06
2.565322e-03
1.024898e-03
1.418757e-04
3.316372e-03
1.928034e-04
5.749780e-04
5.128940e-04
1.165386e-03
3.416080e-03
2.700527e-03
3.444823e-03
1.564894e-03
5.080521e-03
3.299219e-03
4.380141e-03
1.274603e-03
1.201141e-03
7.202561e-03
4.415730e-03
1.489053e-03
2.079731e-02
8.398240e-03
8.386687e-04
2.596842e-03
6.609323e-03
1.226180e-02
2.789306e-04
8.361154e-03
9.594634e-04
2.131451e-04
3.917042e-04
6.169746e-03
1.167429e-03
1.143934e-03
1.490977e-03
4.647395e-04
2.268160e-03
4.410704e-03
2.561943e-03
9.498121e-04
1.928733e-03
3.351393e-03
2.886463e-03
5.064240e-04
5.443688e-04
4.366754e-03
8.660444e-04
3.305662e-04
3.113385e-05
4.998299e-04
3.217625e-04
1.656935e-03
1.586964e-03
9.388142e-04
5.755225e-04
2.089532e-04
3.745093e-04
1.709723e-03
7.849043e-04
7.933340e-04
2.099053e-03
6.598497e-04
2.763454e-03
1.406715e-03
4.410954e-05
7.136428e-05
1.015664e-04
7.552658e-04
2.444257e-03
1.313489e-04
1.581078e-04
4.676612e-04
3.998741e-04
4.257066e-04
6.629113e-04
1.310742e-03
8.506607e-05
1.243632e-04
2.720153e-04
3.410739e-04
1.453479e-04
5.613073e-05
8.221881e-05
1.443947e-04
1.899137e-04
6.734284e-04
5.192214e-04
1.532295e-03
4.303906e-04
6.851081e-04
3.261082e-03
4.979100e-05
7.313787e-04
8.123203e-04
8.464098e-04
2.943151e-03
3.432601e-04
1.370226e-04
1.208134e-04
2.447103e-04
4.656616e-05
5.712632e-04
4.185417e-04
8.343034e-05
2.531280e-03
1.138071e-04
3.899691e-05
1.872806e-03
8.041409e-05
8.166903e-05
1.302651e-04
1.675571e-04
2.357668e-04
4.369376e-04
3.997145e-04
1.430976e-04
4.284738e-04
2.869900e-05
4.400974e-04
1.345827e-04
9.546137e-05
3.167968e-05
2.664373e-05
6.284769e-05
8.187408e-05
2.602568e-04
1.342631e-03
1.580116e-05
7.338367e-04
1.995618e-04
5.447791e-04
2.953270e-04
2.891047e-03
4.843815e-04
1.223197e-03
1.464555e-04
9.016597e-04
1.384218e-03
4.308328e-04
1.738639e-05
1.152798e-04
3.718134e-05
4.202855e-04
4.057773e-04
9.187827e-04
3.491850e-04
2.368149e-04
9.035190e-04
8.721008e-04
1.889850e-04
1.467175e-04
1.348814e-04
7.116697e-04
7.419120e-05
4.786244e-04
3.052964e-04
6.665661e-04
3.019631e-05
6.341052e-05
5.143516e-04
9.543168e-05
3.513592e-04
2.612539e-04
5.916938e-05
1.288551e-04
6.424022e-05
2.511748e-04
2.292093e-03
2.131168e-05
2.121619e-03
4.617435e-04
2.931751e-04
1.716085e-04
1.666919e-04
7.250329e-04
5.452793e-06
5.856462e-04
1.672283e-04
9.596706e-05
8.349168e-05
8.580657e-04
7.920497e-03
8.471379e-05
4.687803e-04
4.845241e-04
6.213945e-04
4.325604e-04
7.778491e-04
1.859357e-04
8.423899e-05
3.916581e-05
1.641439e-04
1.233835e-04
4.332963e-04
9.998011e-04
1.379516e-03
2.892472e-03
6.202864e-04
4.199707e-04
2.546373e-05
9.452449e-04
5.429330e-04
4.636635e-04
8.542333e-04
1.963652e-04
1.747826e-03
1.049413e-04
3.738779e-04
7.468044e-04
3.555620e-04
1.745663e-03
1.700455e-03
6.335896e-03
7.446749e-03
4.881678e-03
1.433455e-03
8.504767e-04
3.945240e-04
6.794663e-04
1.181198e-04
8.582902e-04
8.123752e-04
9.233437e-04
1.238119e-03
4.965938e-04
7.545852e-03
8.301289e-03
3.354717e-03
3.130771e-03
6.156099e-03
2.938831e-03
4.227854e-04
2.696916e-03
4.755924e-04
9.802874e-04
2.301986e-04
2.710183e-04
7.900722e-04
2.282992e-04
2.227052e-04
1.046775e-05
2.632115e-04
1.326890e-04
1.083010e-03
2.025914e-04
3.373101e-04
4.058928e-04
4.882331e-05
6.308835e-04
5.602707e-04
1.801937e-03
4.816723e-04
1.164450e-04
2.477711e-04
1.852308e-03
6.466659e-04
6.672293e-04
7.711840e-04
3.395621e-04
3.738835e-05
1.672907e-03
2.792124e-03
1.732975e-03
1.030195e-03
7.156502e-04
7.306559e-04
1.094715e-03
1.175277e-03
8.382445e-04
1.042832e-03
1.238041e-03
1.852192e-04
5.162343e-04
5.061316e-05
1.806501e-05
6.247975e-04
3.330361e-04
4.156582e-04
4.627360e-04
1.134323e-04
2.099133e-05
1.514919e-04
5.180812e-04
6.209140e-04
7.392019e-04
7.183207e-04
8.437962e-04
1.247362e-04
6.202251e-04
2.996517e-04
5.777672e-04
7.731130e-04
7.103892e-04
2.214589e-04
7.638090e-04
5.816289e-05
2.738216e-04
2.982309e-04
3.472384e-04
1.733527e-03
5.818082e-04
2.444613e-04
2.693302e-03
2.409697e-05
3.693184e-03
4.843652e-03
9.039663e-03
2.260471e-04
9.697158e-04
4.599018e-03
3.098175e-03
3.373481e-05
5.552815e-03
2.493229e-03
1.345648e-03
1.076838e-03
5.084585e-04
2.252610e-03
1.182870e-02
7.130931e-03
4.166657e-03
4.338632e-04
2.004259e-04
1.446460e-03
1.804851e-04
8.333480e-04
9.487773e-06
3.233862e-04
8.132953e-05
7.479737e-04
7.399478e-04
2.235956e-04
3.149025e-04
1.316450e-04
2.952158e-04
4.998178e-04
6.453637e-04
6.370162e-04
2.548125e-04
7.071364e-05
1.092501e-04
2.230166e-04
8.204079e-04
6.054126e-04
6.704565e-04
1.786824e-04
1.371991e-04
1.928851e-04
1.344112e-04
7.713757e-04
8.992533e-04
5.623031e-04
1.357385e-04
1.323122e-04
2.212365e-04
9.834976e-04
1.074324e-03
9.027633e-04
6.999493e-04
5.683418e-05
7.746930e-04
4.151888e-04
7.869485e-04
1.377440e-03
5.660578e-04
6.109404e-04
2.217140e-05
9.370277e-04
1.635899e-03
4.683324e-04
8.015520e-04
4.034626e-05
7.888494e-03
2.966780e-03
2.132691e-03
1.399754e-03
7.005026e-04
4.797145e-03
1.694560e-03
5.845048e-04
1.480968e-03
1.566271e-04
8.266270e-04
6.453434e-04
5.616546e-05
6.333554e-05
9.907770e-05
7.428683e-04
1.030583e-04
8.070273e-06
9.113355e-06
1.103405e-04
1.571218e-03
6.011123e-04
6.202576e-05
9.887122e-05
5.625094e-04
2.029272e-04
3.034144e-01
8.196693e-04
6.875265e-04
6.214572e-04
3.187013e-03
6.371267e-03
1.067339e-02
8.788512e-03
1.964948e-03
1.912662e-03
4.216301e-04
6.455150e-04
3.330166e-04
3.710342e-04
1.668695e-03
8.455091e-04
2.313854e-04
2.009695e-03
1.756022e-04
2.499702e-04
5.199974e-03
2.854489e-03
5.998051e-04
6.116879e-03
7.222294e-04
3.037050e-04
8.490704e-06
1.986736e-04
2.048441e-04
6.882525e-04
3.753840e-04
4.600598e-04
5.080704e-04
1.901088e-05
1.541480e-04
2.846366e-04
1.175553e-04
6.158575e-04
9.882657e-05
6.778556e-04
1.448356e-04
4.854736e-04
9.920087e-05
1.293177e-05
2.315581e-04
4.276093e-04
2.003549e-04
8.884421e-05
9.825592e-05
1.989770e-04
2.941330e-05
1.029415e-04
7.902669e-04
2.376309e-04
9.538607e-05
2.746378e-04
2.247594e-04
1.690427e-04
5.099388e-04
7.892090e-04
6.550139e-05
9.987799e-05
2.020633e-04
5.235659e-04
2.469271e-04
1.364832e-04
2.492253e-04
2.727079e-04
1.337514e-04
1.415439e-04
3.472295e-05
8.854864e-05
1.401105e-04
8.546751e-05
1.896960e-04
7.896856e-05
1.798293e-05
3.297344e-05
1.417520e-04
2.278902e-04
9.748466e-05
4.428466e-05
2.760512e-04
7.782404e-04
3.889971e-04
1.292024e-04
1.235685e-04
1.076901e-04
1.449196e-05
1.442412e-04
8.026970e-05
4.386153e-04
3.506467e-04
8.354949e-05
6.282384e-04
6.932459e-05
4.018982e-05
1.755699e-05
8.323694e-04
3.160286e-06
1.352347e-04
1.107727e-04
1.018866e-04
6.021133e-05
2.794879e-04
1.201294e-04
2.577585e-04
9.255561e-02
8.746860e-03
6.286310e-04
1.844748e-03
9.980628e-04
2.886446e-03
2.134204e-03
4.151033e-04
6.795281e-05
2.076251e-03
1.056147e-04
9.372143e-05
2.639915e-05
3.709129e-04
1.757423e-04
3.494281e-04
9.674860e-05
7.992368e-05
2.372892e-04
1.221161e-04
3.719277e-04
2.287761e-04
2.771806e-05
2.902234e-05
2.165715e-04
1.145263e-04
1.288102e-04
5.270004e-05
6.160278e-05
4.712300e-04
6.461553e-04
7.891672e-05
9.709031e-05
1.239360e-04
3.181167e-05
2.422400e-04
4.308160e-04
1.067342e-03
3.608241e-04
2.794235e-04
8.094579e-04
9.539222e-04
5.527970e-04
6.017125e-05
2.182832e-04
2.123708e-05
3.177779e-04
2.218967e-04
2.117607e-04
8.371177e-05
1.697021e-04
8.289859e-05
1.880537e-04
9.658718e-05
4.522533e-04
4.893198e-04
7.450415e-04
6.939469e-04
1.313942e-04
1.036548e-04
3.314500e-04
1.381529e-03
4.288057e-04
1.582969e-04
1.729665e-04
6.514224e-04
2.400314e-03
2.987561e-04
1.376695e-03
4.635302e-04
6.873385e-04
3.723655e-04
5.307581e-04
2.100128e-04
6.065032e-04
2.533466e-04
1.212582e-04
3.028223e-04
1.670567e-05
2.052284e-04
9.475782e-05
1.336465e-04
2.219503e-04
8.814633e-05
6.320150e-04
4.107457e-05
7.589503e-04
5.579539e-06
6.642065e-04
1.642520e-03
6.355861e-04
2.494832e-03
1.850474e-03
9.011675e-04
2.466639e-03
2.910078e-03
5.094630e-03
6.093860e-03
2.219736e-04
8.822065e-04
1.662702e-04
3.343349e-04
9.209863e-04
8.831829e-04
7.088260e-05
1.206906e-03
2.218782e-03
3.444976e-04
1.566710e-03
9.017658e-04
4.151579e-03
7.323397e-04
2.723178e-04
2.327145e-04
5.586051e-04
3.904015e-04
2.033793e-03
1.161411e-03
1.214090e-03
4.597469e-04
4.016718e-03
9.792657e-04
1.697994e-02
8.828353e-03
1.111272e-03
2.248315e-03
5.349059e-04
6.080744e-04
2.361169e-03
8.647758e-04
1.102419e-03
1.842386e-04
1.632814e-03
6.021830e-04
2.007210e-03
1.445053e-03
8.182699e-04
3.903146e-04
3.610034e-04
1.915031e-03
3.097311e-03
3.154529e-04
6.984445e-04
4.314525e-04
2.502510e-03
7.208443e-04
3.271206e-04
6.347175e-04
1.093218e-03
1.658090e-03
7.011988e-04
1.123098e-04
4.416578e-03
4.515836e-04
1.053271e-03
3.447665e-05
5.174250e-04
1.900576e-03
1.854002e-04
5.297601e-04
1.945834e-04
4.471511e-04
1.808472e-03
1.510108e-03
2.723977e-04
6.211241e-04
9.805241e-05
1.098743e-04
8.877746e-04
4.044007e-04
8.074453e-04
6.645572e-04
4.067940e-03
2.005319e-03
8.474955e-05
8.074766e-03
6.171667e-03
1.080495e-03
1.687293e-04
4.709791e-04
1.007589e-04
1.225317e-04
3.848455e-06
2.441425e-04
5.393019e-05
2.610153e-04
2.577360e-04
1.700172e-04
3.110492e-01
1.961505e-03
2.409932e-04
2.773444e-03
2.027963e-02
1.303571e-02
9.146618e-04
2.996655e-03
8.587384e-03
4.307207e-04
2.168129e-03
1.323585e-03
1.527277e-04
9.841669e-04
5.849602e-04
1.078492e-03
2.436140e-03
2.983919e-04
2.319156e-03
5.523352e-04
2.104092e-03
1.365878e-03
4.710503e-05
6.519464e-03
7.471319e-03
5.741516e-03
1.693816e-03
9.743774e-05
1.287482e-03
2.289712e-04
1.068063e-03
9.211085e-04
1.303510e-03
4.669952e-04
1.960870e-04
1.372501e-03
4.419913e-04
1.542177e-01
1.811300e-02
1.179428e-03
1.574964e-03
1.483553e-03
1.613037e-02
8.479565e-03
8.505244e-05
7.854264e-04
6.999679e-03
7.783423e-04
9.086573e-04
7.994054e-04
2.382535e-03
4.922508e-03
1.615250e-04
8.891749e-04
1.394635e-03
6.993102e-04
6.295425e-04
2.789736e-04
1.110586e-03
1.712172e-03
3.043691e-04
1.026677e-03
1.896341e-03
2.452616e-03
1.709562e-03
3.771759e-05
1.470249e-03
2.695969e-03
1.986391e-03
1.239380e-04
4.699438e-04
2.046046e-03
1.036969e-03
1.965028e-04
3.075930e-03
1.908990e-03
2.761536e-04
1.109422e-03
1.797696e-03
1.401714e-03
2.573386e-03
3.302612e-04
4.379857e-04
1.334512e-03
2.908198e-04
6.343119e-04
9.944572e-04
3.418521e-04
2.239995e-04
9.505156e-04
5.625432e-04
5.138753e-04
3.707914e-04
4.593141e-05
9.448342e-05
1.304906e-04
5.313644e-05
4.209834e-04
5.887231e-05
7.598729e-05
1.212225e-03
5.214003e-04
3.351833e-05
1.622860e-04
7.309866e-04
3.316202e-04
1.283476e-03
6.620998e-05
3.632228e-04
1.183587e-03
4.825466e-04
1.760460e-03
3.943096e-05
1.121219e-04
9.550295e-04
7.845329e-04
6.196169e-04
2.941366e-05
9.828085e-04
8.464259e-04
3.061438e-04
3.180573e-03
7.073354e-03
3.933015e-03
1.276756e-03
1.637119e-03
1.538957e-03
2.674984e-04
4.076206e-04
1.145239e-03
1.252571e-04
3.652328e-04
1.230616e-04
3.932411e-05
1.006386e-04
1.775131e-04
5.052164e-04
3.672756e-03
2.170006e-04
1.454642e-01
2.285084e-02
9.373183e-04
4.691625e-03
8.249260e-03
1.341438e-02
3.507441e-03
1.334163e-03
2.014726e-03
1.259137e-03
7.304289e-03
1.169774e-03
2.790285e-03
1.210267e-03
5.978732e-05
3.092909e-03
7.269622e-04
6.016965e-04
6.245942e-04
3.653099e-04
1.339272e-03
1.757549e-03
2.638965e-04
8.175266e-04
2.734187e-03
5.560296e-04
7.034878e-04
1.643227e-03
3.180958e-03
6.558283e-03
3.317832e-04
1.578043e-03
7.552259e-03
2.667272e-04
3.504690e-03
7.489745e-03
7.986384e-04
2.062520e-03
6.689827e-04
6.337017e-03
1.140804e-03
5.412254e-03
8.259211e-04
9.746393e-03
4.335774e-04
1.933687e-03
2.902753e-03
2.956069e-03
4.446207e-03
1.518884e-03
1.332485e-03
3.891209e-03
7.962504e-03
7.647980e-05
2.294457e-02
2.644160e-04
1.194620e-03
1.032902e-03
7.320683e-04
3.269725e-04
4.762979e-04
6.268853e-04
2.552795e-03
3.382759e-03
1.304034e-02
8.564223e-03
5.039410e-04
6.417513e-03
1.721223e-02
1.337639e-02
8.865285e-04
1.826430e-04
1.922718e-04
6.849934e-04
8.077132e-04
4.971290e-04
6.733210e-05
1.947539e-05
1.320100e-04
4.474300e-05
2.350849e-04
3.482359e-04
2.882164e-04
1.399917e-03
1.235526e-03
1.537842e-03
1.207486e-03
6.878480e-03
1.000000e+00
9.435802e-01
9.435802e-01
9.435802e-01
9.435802e-01
9.435802e-01
9.435802e-01
9.435802e-01
9.435802e-01
9.435802e-01
9.435802e-01
9.435802e-01
9.435802e-01
9.435802e-01
9.435802e-01
9.435802e-01
9.435802e-01
9.435802e-01
9.435802e-01
9.435802e-01
9.435802e-01
9.435802e-01
9.435802e-01
9.435802e-01
9.435802e-01
