
9.817564e-01
9.817564e-01
9.817564e-01
9.817564e-01
9.817564e-01
9.817564e-01
9.817564e-01
9.817564e-01
9.817564e-01
9.817564e-01
9.817564e-01
9.817564e-01
9.817564e-01
9.817564e-01
9.817564e-01
9.817564e-01
9.817564e-01
9.817564e-01
9.817564e-01
9.817564e-01
9.817564e-01
9.817564e-01
5.428120e-03
1.086594e-03
3.057667e-03
7.496983e-04
3.355800e-02
1.046865e-02
8.844021e-04
4.907309e-03
2.251111e-04
1.057257e-03
1.398459e-03
7.079826e-04
3.119069e-03
9.598885e-04
5.621489e-04
1.434507e-04
6.610638e-04
2.425327e-03
3.091768e-05
1.333547e-03
7.399840e-04
1.973162e-04
2.485074e-03
7.105349e-05
2.391455e-03
1.093973e-04
2.601418e-04
1.707937e-03
2.507805e-05
4.226959e-03
1.478710e-05
7.830166e-04
4.893853e-04
3.415697e-04
2.149115e-05
3.761891e-05
1.947481e-03
3.198371e-03
1.199313e-03
2.491505e-03
9.877554e-04
2.333106e-05
5.313244e-04
7.144749e-04
1.785787e-03
1.439764e-03
1.641374e-01
4.632329e-02
3.127212e-03
8.791585e-03
1.940718e-02
4.058011e-03
9.107997e-04
1.918595e-03
3.643373e-04
4.067482e-04
9.292076e-04
7.525855e-04
1.132642e-04
5.807678e-04
1.360595e-04
1.033909e-03
1.016979e-04
9.249707e-05
3.381112e-05
8.435901e-04
2.789639e-05
7.217759e-04
2.446396e-05
1.102604e-03
6.069702e-04
7.908083e-04
1.572821e-03
6.691428e-03
4.559983e-03
4.144045e-03
8.903295e-04
7.772715e-04
9.613063e-04
2.940126e-04
1.114877e-03
8.459825e-04
9.911774e-04
1.535903e-03
1.067549e-03
6.548007e-04
2.265314e-04
1.326972e-03
5.529847e-04
2.386697e-03
1.844702e-04
1.116540e-03
2.954151e-03
6.333633e-04
5.748657e-03
4.738172e-05
1.062512e-04
8.758112e-04
9.653803e-04
7.446052e-03
1.531224e-05
1.956464e-05
2.089238e-03
2.704113e-02
1.718746e-02
1.206885e-03
2.206657e-03
2.875251e-03
4.356861e-04
2.997719e-04
2.613477e-04
6.669285e-04
1.647251e-04
3.649299e-04
4.841787e-04
4.317989e-05
1.684968e-04
5.228479e-04
1.258352e-04
8.368064e-04
2.284479e-05
1.213395e-03
2.643898e-05
1.063964e-03
2.539971e-05
3.661849e-04
1.367659e-04
5.573014e-05
9.525509e-04
1.154863e-04
3.186979e-04
2.575036e-04
6.978191e-04
9.077418e-04
3.828017e-04
4.824595e-05
1.185892e-04
8.713754e-04
3.624330e-05
6.054612e-04
1.162286e-04
1.347998e-04
5.061292e-04
5.840506e-04
6.524054e-04
1.714596e-04
1.372128e-03
2.533283e-04
2.855970e-03
2.186033e-03
4.083524e-03
1.104790e-03
2.223376e-03
6.171631e-04
1.829551e-04
7.069449e-05
1.720237e-03
2.861476e-03
4.275583e-05
2.106802e-03
5.902168e-03
4.118838e-04
9.005148e-04
6.629128e-03
3.204315e-03
1.135094e-03
4.333657e-03
3.246830e-03
5.597614e-04
9.979751e-04
8.175073e-02
4.648970e-02
5.423944e-03
2.683239e-03
7.086200e-03
4.755466e-03
3.783068e-03
5.506702e-04
5.523489e-04
1.792904e-02
5.468215e-03
2.417020e-03
2.631341e-03
2.355792e-04
3.273331e-03
4.729404e-04
4.656158e-04
4.779614e-04
1.934408e-03
1.298442e-03
5.873468e-04
1.828913e-03
5.448131e-04
5.165415e-04
1.167237e-04
2.218547e-04
2.164326e-04
5.441877e-04
1.329737e-03
1.511102e-03
1.107610e-03
4.019871e-04
6.507391e-04
6.697932e-05
2.026382e-03
9.930269e-04
1.848009e-03
5.445876e-04
1.616621e-04
6.624420e-04
5.185059e-04
3.133568e-03
5.222552e-04
7.395096e-04
1.622679e-03
1.927340e-04
3.679991e-03
2.299608e-03
1.608926e-03
3.543325e-04
4.075438e-04
1.124431e-03
1.557557e-03
1.420483e-04
5.961538e-04
6.403644e-04
1.644748e-03
6.635176e-03
3.415241e-04
1.874321e-03
1.805854e-03
2.386434e-04
3.294010e-04
1.297988e-03
1.346716e-03
1.046763e-03
4.159946e-04
2.544482e-03
1.298004e-03
2.614670e-04
2.144966e-03
3.232711e-03
1.259337e-04
4.897135e-03
1.987875e-03
1.472256e-04
3.526519e-03
1.705782e-03
8.528124e-05
2.944455e-03
7.688818e-04
7.206301e-04
1.238872e-03
2.619369e-03
3.420106e-05
6.322789e-04
2.110660e-03
1.115306e-03
8.524829e-03
1.013637e-03
9.571178e-03
1.134724e-02
5.837122e-04
9.829761e-04
4.642762e-04
2.024066e-03
1.708093e-03
3.490247e-04
1.234054e-03
5.725053e-03
3.161066e-04
1.107563e-03
8.607573e-04
3.074762e-03
1.466815e-03
6.193675e-03
5.996258e-04
1.481142e-03
6.413925e-04
8.287245e-04
1.407991e-03
4.642739e-04
1.316302e-03
1.575008e-03
2.926061e-03
6.219725e-04
2.984204e-04
4.905028e-04
2.965867e-03
4.242984e-03
3.096070e-03
1.119541e-03
5.141746e-04
8.474078e-04
5.674309e-03
1.949239e-03
2.211147e-04
4.649413e-04
2.840786e-04
8.154086e-05
8.904641e-04
2.169284e-03
1.907782e-04
1.375428e-04
8.669620e-04
1.723920e-03
3.490128e-04
9.403103e-05
2.565626e-04
1.184319e-04
1.620883e-04
4.722714e-05
2.375656e-04
4.813185e-05
2.485883e-04
6.847551e-05
7.047676e-05
3.085337e-05
2.074285e-04
6.089586e-04
5.234949e-04
4.838760e-04
7.202235e-05
5.669933e-04
7.944953e-04
5.749906e-04
2.822954e-04
1.201442e-04
3.164303e-04
7.633831e-04
2.552404e-05
8.238166e-04
1.310213e-04
1.338187e-04
1.172794e-03
1.119867e-04
4.751075e-04
2.629138e-04
2.768850e-04
2.700099e-04
4.515445e-04
4.146350e-04
5.332123e-04
1.482976e-05
1.650565e-03
9.691567e-05
2.839848e-04
6.316960e-04
2.472880e-04
4.535372e-05
4.374748e-05
1.240281e-04
2.042010e-04
1.635839e-04
2.596011e-04
1.493398e-04
1.322308e-04
7.361965e-05
3.418096e-05
2.851233e-04
7.075547e-04
8.105789e-05
5.441245e-04
2.258866e-04
1.675750e-04
5.879921e-04
4.331593e-05
1.885905e-03
7.153491e-04
6.381917e-04
1.578213e-04
2.159587e-04
2.285828e-04
4.089274e-04
1.590182e-04
2.748743e-04
4.305675e-04
1.402374e-04
3.133032e-05
1.223762e-04
8.742479e-05
2.647201e-05
7.519266e-04
3.415562e-04
2.802762e-04
6.062235e-04
5.348803e-04
1.386023e-03
8.277873e-04
4.512843e-05
4.478159e-04
9.790664e-05
3.189507e-04
1.940804e-04
9.932697e-04
1.022930e-04
4.454681e-05
1.554683e-04
2.274880e-04
1.456632e-04
3.876600e-04
5.600295e-05
1.347757e-04
3.707893e-05
2.565362e-04
1.410494e-03
1.617474e-04
9.037250e-04
4.631982e-04
1.122408e-04
3.769747e-04
5.668041e-04
1.841263e-04
1.989293e-04
3.670385e-04
3.529736e-04
6.851794e-04
8.125369e-04
1.311976e-04
1.339506e-04
7.570597e-04
8.844103e-04
7.817155e-05
5.506761e-04
9.543612e-04
8.438188e-04
1.060707e-04
3.537737e-04
1.759060e-03
3.383290e-03
1.144243e-02
4.181984e-03
1.171320e-04
1.292150e-02
8.497444e-03
7.162948e-04
5.123056e-03
1.298243e-03
1.329139e-03
5.412818e-04
1.715574e-04
1.534312e-03
6.525377e-04
1.025681e-04
7.856270e-05
1.978099e-04
6.333655e-04
4.314877e-04
1.269161e-03
2.491845e-03
1.649071e-03
9.786668e-04
6.656767e-04
3.874680e-04
6.883101e-04
3.395147e-04
8.532011e-04
3.255876e-04
2.749801e-04
6.387290e-04
8.561405e-04
3.627070e-04
3.547372e-04
1.137631e-03
5.078674e-05
6.447138e-04
2.500542e-03
7.464015e-04
2.121850e-04
1.368046e-03
7.462446e-04
7.713102e-04
8.881799e-04
2.978316e-04
1.809358e-03
1.642692e-04
5.058408e-05
1.038899e-03
3.125298e-04
6.586303e-04
7.098874e-04
5.134925e-04
3.424533e-04
3.319328e-04
3.153873e-04
4.824685e-04
1.120659e-03
1.104295e-03
1.772128e-04
1.235784e-04
3.796871e-04
1.545999e-04
5.348269e-04
8.467887e-04
2.168500e-04
1.955245e-03
7.204385e-04
7.098728e-04
2.595829e-04
1.796795e-04
1.878645e-04
4.977587e-04
7.838022e-05
9.107096e-04
1.738013e-04
7.979190e-04
8.430619e-04
7.704698e-04
6.853716e-04
1.104634e-03
1.716515e-04
8.028051e-04
7.334127e-04
8.485141e-04
5.954695e-04
6.704145e-04
1.475764e-04
1.933797e-04
4.653096e-05
2.241774e-04
1.116200e-03
2.716066e-04
2.492884e-04
2.130925e-04
6.024029e-04
2.719393e-04
3.120987e-04
3.571732e-04
5.449018e-04
1.874837e-04
1.064680e-03
4.064917e-03
7.294151e-04
1.324419e-02
6.008709e-04
3.152851e-05
1.063361e-03
4.021480e-04
7.361888e-03
1.757445e-04
2.289778e-04
5.793638e-04
2.434149e-03
9.888012e-04
3.832302e-03
1.317589e-03
3.409316e-04
7.652683e-05
2.538311e-04
4.579968e-05
2.327872e-03
2.719302e-01
2.436152e-03
3.583194e-03
1.056800e-02
7.344588e-03
2.632146e-03
3.387266e-04
9.703322e-04
4.834131e-04
1.876776e-03
9.420433e-04
5.566311e-04
4.848505e-04
1.204093e-03
1.085477e-03
1.297588e-04
9.795453e-06
2.408157e-04
3.100505e-04
1.195954e-03
1.064051e-03
8.966458e-04
7.067741e-04
1.139142e-04
2.345385e-04
4.036809e-04
1.374524e-03
5.834697e-04
7.533300e-04
1.389598e-03
5.058910e-05
4.712045e-04
9.650286e-04
2.928057e-03
7.482491e-04
1.117994e-03
4.558284e-03
9.984965e-04
1.267079e-03
5.491922e-04
6.069387e-03
5.438405e-03
1.728224e-03
4.448091e-04
9.422282e-04
3.482830e-04
1.748369e-03
1.147108e-03
1.590282e-03
1.445505e-03
2.649548e-02
2.921437e-02
2.045104e-02
3.862340e-03
7.767380e-03
1.750948e-03
3.797516e-03
1.059860e-03
6.667419e-04
1.029968e-03
4.754080e-04
2.321677e-03
1.770654e-03
8.238616e-04
1.938668e-04
1.464689e-03
5.287304e-03
1.982664e-03
9.477608e-03
2.259316e-02
6.699066e-03
2.235011e-03
1.342514e-03
4.852378e-04
3.737726e-03
7.173688e-05
5.815473e-04
1.263767e-04
8.276466e-04
9.677095e-04
1.555884e-03
1.461198e-03
7.153318e-04
1.923555e-04
2.394405e-06
2.987400e-04
5.497719e-04
2.423114e-03
7.341409e-04
9.350304e-04
5.624690e-04
4.047123e-05
3.137351e-04
1.622386e-03
2.037713e-03
5.194645e-04
1.601159e-04
4.929180e-04
6.736117e-04
2.057210e-03
1.809086e-03
3.646558e-04
4.853448e-04
5.715493e-04
7.138061e-04
3.438952e-03
5.122976e-04
2.979869e-03
1.064251e-05
1.511909e-03
3.496725e-04
8.156301e-04
7.217948e-04
5.795968e-04
3.099745e-03
4.018229e-04
1.806097e-02
4.111242e-03
3.167483e-04
2.359322e-03
2.251833e-03
7.171473e-04
2.892425e-03
9.025028e-03
4.135577e-03
4.196234e-04
3.948292e-03
1.273071e-03
8.612286e-04
1.264486e-03
1.506734e-03
6.523411e-05
2.876043e-03
9.134795e-03
1.187477e-02
4.609488e-03
4.451399e-04
2.202322e-02
2.047217e-02
4.377216e-04
6.204501e-03
2.009733e-04
3.572562e-03
5.089913e-03
2.781458e-04
6.482013e-04
2.537592e-03
9.945784e-04
9.473304e-04
2.422199e-03
3.927957e-04
1.589061e-03
1.731278e-04
7.967385e-02
8.284844e-03
6.548135e-04
1.372420e-03
4.574557e-04
3.387475e-03
5.862981e-04
3.547733e-03
3.410418e-04
3.301373e-03
7.340141e-04
8.799569e-04
1.673439e-04
7.633016e-04
8.635725e-04
3.035441e-05
1.309481e-03
3.481607e-04
4.619945e-04
1.534631e-04
4.966566e-04
2.236585e-04
3.347363e-03
3.452955e-03
1.143079e-03
1.158491e-04
1.507852e-03
1.534798e-03
2.053024e-03
2.472560e-03
6.816973e-04
1.709652e-03
1.646866e-04
6.900728e-05
5.298068e-05
3.330186e-05
6.429377e-05
1.512041e-04
1.880876e-05
2.232127e-04
2.484208e-05
9.954333e-04
4.934676e-03
2.107764e-03
3.054124e-04
7.118690e-04
2.589125e-04
8.555730e-04
5.720972e-04
2.045686e-04
4.987346e-04
2.597464e-04
5.276621e-04
2.469289e-04
8.598944e-04
2.096367e-04
1.188704e-03
2.977901e-05
7.307710e-04
1.480108e-05
2.959089e-04
6.596812e-05
4.561144e-04
2.108088e-04
4.572558e-04
5.446131e-04
3.168179e-04
7.125194e-04
1.264341e-04
4.715190e-04
2.257080e-04
1.082557e-03
2.783948e-04
1.690598e-03
7.597018e-04
1.923978e-03
5.873138e-04
2.860260e-03
5.129783e-04
2.828680e-04
1.493795e-03
8.690567e-04
4.613677e-04
3.417880e-04
3.485683e-04
1.318101e-03
5.374219e-05
4.196544e-04
2.205028e-04
2.300795e-04
2.603854e-04
2.400106e-01
2.366470e-03
5.236143e-04
5.058026e-03
5.112903e-03
1.723413e-03
2.560361e-04
8.790030e-03
7.097432e-03
1.203861e-03
1.285936e-03
9.374524e-04
6.556326e-04
3.425060e-04
1.595646e-03
1.474766e-03
8.304968e-03
1.369438e-03
1.030439e-03
2.287952e-03
1.212529e-03
1.766227e-03
1.024709e-03
1.597070e-03
9.812595e-04
1.049671e-03
2.069437e-03
7.249007e-05
6.321279e-04
7.631400e-04
2.073242e-03
1.233006e-03
9.013001e-04
1.517222e-03
4.211033e-05
2.157860e-03
1.348594e-03
1.816906e-03
1.480238e-03
3.239104e-04
2.061027e-04
4.235157e-04
2.843393e-03
1.170745e-03
2.125626e-03
5.182907e-04
6.586099e-05
5.070412e-04
9.097141e-04
1.760000e-03
2.071986e-04
1.776506e-03
2.955727e-03
1.683582e-03
5.777370e-03
2.495114e-03
6.808036e-05
3.453590e-03
9.797149e-05
1.468551e-04
8.394871e-04
6.828437e-05
2.438621e-04
1.306604e-04
6.090426e-04
5.237872e-04
2.242797e-04
2.737221e-01
3.462667e-04
7.117943e-04
9.241972e-03
2.126911e-02
4.671262e-03
8.529164e-04
4.411699e-04
3.890524e-03
3.263771e-04
4.181236e-03
1.321867e-03
8.618973e-04
3.305214e-04
2.849364e-04
1.009940e-03
7.510232e-04
1.330004e-04
2.927288e-05
9.178002e-04
7.988109e-04
8.488206e-04
1.881992e-05
2.079383e-03
3.450541e-04
6.376792e-04
2.638468e-03
1.823823e-03
6.029896e-03
4.488927e-03
2.720855e-03
8.757929e-03
1.673178e-02
4.340746e-03
4.352566e-04
1.178723e-03
1.434356e-03
4.307625e-04
1.938488e-03
1.826156e-04
2.354556e-03
2.680655e-03
7.660933e-04
1.162966e-03
1.224269e-04
1.008698e-03
5.712358e-04
6.575920e-04
1.220439e-03
6.879877e-04
5.105985e-04
9.165660e-04
2.019486e-04
1.700430e-04
1.551307e-03
3.039101e-04
2.505619e-04
3.376453e-03
2.891074e-03
1.558005e-02
2.456269e-02
1.850330e-02
6.114206e-03
3.975019e-04
4.795370e-04
1.280212e-03
2.199764e-03
6.368706e-03
5.024491e-02
5.214150e-02
5.164004e-03
3.452749e-03
3.339078e-04
2.329023e-03
1.749186e-02
1.744385e-02
4.003115e-03
6.124534e-03
9.763842e-04
3.292713e-04
1.394948e-03
3.389351e-04
1.170226e-03
5.463986e-04
4.890392e-04
7.481982e-04
1.859763e-03
1.201776e-03
8.167026e-05
1.918272e-03
1.129294e-03
3.989258e-04
3.405422e-04
3.617573e-04
1.977272e-04
1.539179e-03
5.272682e-04
1.497516e-03
1.192750e-04
9.675865e-04
1.772652e-03
9.457044e-04
1.970385e-03
4.555422e-04
3.989167e-03
3.907270e-03
2.330345e-04
2.905654e-03
2.820212e-03
5.187521e-04
4.074629e-03
8.316032e-04
4.251685e-04
2.164037e-03
1.336980e-03
1.051593e-02
7.243766e-04
3.603864e-03
1.270666e-02
1.066434e-02
7.146263e-03
2.036330e-02
2.367209e-02
9.323777e-05
2.118043e-03
1.725070e-03
6.060926e-03
5.128925e-03
4.424508e-03
4.844169e-03
2.680128e-03
3.565220e-03
3.809217e-03
6.644211e-03
2.803404e-03
2.274301e-03
3.613413e-03
3.390191e-03
5.742819e-04
3.531158e-04
2.100436e-04
2.895149e-04
6.059496e-04
1.891770e-04
2.699946e-04
1.962169e-04
1.173218e-03
7.246326e-05
1.796279e-05
4.896972e-04
1.435678e-05
2.007334e-04
3.468650e-05
1.259324e-04
3.745794e-04
1.924665e-04
2.147253e-04
5.888712e-04
1.521877e-04
2.522631e-04
5.805395e-04
5.877506e-04
1.010114e-03
1.251815e-04
2.600646e-04
2.499136e-04
2.929930e-04
9.880611e-05
1.932146e-01
3.573621e-03
2.797195e-04
5.556259e-03
1.281576e-02
7.161809e-04
1.643242e-03
2.949903e-03
1.045149e-02
4.049318e-03
1.981449e-04
1.379007e-04
2.962184e-04
4.740566e-03
6.841838e-03
2.515099e-04
1.685154e-02
5.344755e-03
1.018106e-03
5.960960e-04
6.281032e-04
5.334932e-04
6.373748e-05
1.550720e-03
2.287161e-03
3.903214e-04
3.061255e-03
3.877808e-04
3.379880e-04
9.468428e-05
2.833932e-05
2.090704e-05
1.066054e-03
7.014924e-04
5.535336e-05
2.019795e-03
5.114357e-02
1.833965e-02
3.098045e-03
3.647918e-02
8.456117e-03
9.311357e-04
6.025239e-05
7.486411e-04
1.487159e-03
4.614486e-04
1.673232e-03
4.874396e-04
1.003021e-03
4.748151e-04
1.010713e-03
8.117060e-04
4.834058e-04
1.127855e-04
1.539243e-03
3.166848e-04
4.568266e-05
2.529544e-04
6.334224e-04
1.626791e-04
2.161243e-04
2.336338e-04
2.064583e-03
2.774421e-04
1.886581e-04
5.726453e-04
3.091886e-04
9.911144e-04
9.161284e-04
6.843645e-04
4.345259e-04
1.201872e-05
2.632670e-04
7.447551e-05
9.060787e-05
1.306347e-04
1.603225e-04
1.236817e-04
7.751459e-06
7.944746e-04
1.207078e-04
9.909867e-04
1.130019e-04
4.177564e-04
2.401838e-04
2.557645e-04
1.073420e-04
7.554703e-05
9.187348e-05
2.281431e-04
1.461412e-04
6.209737e-04
1.124222e-04
5.343654e-04
4.167533e-04
5.857318e-04
5.056896e-04
1.345826e-04
3.685279e-04
1.786843e-04
1.327302e-04
6.555728e-04
1.543279e-04
2.548296e-04
1.718454e-04
7.665252e-05
7.760152e-05
2.056592e-04
1.460449e-04
8.709264e-04
1.173964e-02
9.362265e-03
1.233112e-03
1.574945e-02
6.439770e-03
4.891444e-04
3.949175e-04
1.321196e-04
8.297119e-05
2.399806e-04
1.232949e-04
4.640432e-04
1.551255e-02
3.347080e-03
8.189133e-04
2.989064e-03
7.228091e-03
3.337293e-03
8.805030e-05
8.492573e-05
4.536852e-04
4.012472e-04
3.342878e-04
7.931247e-05
4.070753e-04
1.500302e-04
5.532134e-04
8.238784e-04
2.449888e-04
1.940745e-04
5.788222e-05
3.963998e-04
3.005491e-04
3.978267e-04
1.671191e-04
7.424502e-04
2.750370e-02
2.003638e-02
6.651667e-04
2.528504e-02
4.006547e-03
3.505329e-03
4.978174e-04
1.516877e-02
5.227342e-03
6.725953e-05
1.388641e-04
6.468177e-04
1.039994e-04
3.644657e-04
1.305708e-04
5.079503e-04
1.230690e-03
7.366041e-05
1.048713e-03
2.875568e-04
4.445350e-04
2.659821e-04
1.504494e-04
2.949110e-03
7.482411e-02
2.990682e-02
2.748819e-04
1.378089e-03
1.083448e-02
5.030113e-02
2.734367e-03
1.778805e-03
4.929262e-04
4.038085e-03
2.722290e-04
1.857216e-03
6.277867e-04
4.074393e-04
4.939652e-04
5.865259e-04
1.952711e-03
2.740711e-04
1.911461e-03
4.494283e-05
1.698996e-03
2.496120e-04
4.531590e-04
2.491882e-04
1.410938e-03
2.235101e-04
6.662578e-04
1.680153e-03
9.483618e-04
5.408995e-04
5.535624e-04
1.218858e-03
2.366805e-04
4.229189e-03
3.630371e-03
9.314232e-04
2.141038e-03
5.777702e-03
1.834147e-03
1.328198e-04
1.260321e-03
2.000629e-04
6.754371e-04
1.143082e-04
1.303135e-03
4.744049e-04
1.093707e-03
1.290020e-03
2.724246e-04
3.725984e-04
1.154726e-04
1.873346e-03
4.515316e-04
4.908086e-04
5.970669e-04
2.862794e-05
2.337192e-03
1.927230e-04
5.493067e-04
7.210569e-04
1.963126e-05
1.693475e-03
7.442417e-05
3.681184e-04
5.513936e-04
3.254818e-04
9.368842e-04
7.241877e-04
1.379648e-04
4.583905e-04
8.452547e-04
3.261589e-04
3.145163e-04
8.984784e-04
5.298524e-05
4.256390e-04
3.389431e-04
2.006534e-04
1.615492e-04
7.928402e-04
3.924863e-04
9.665908e-04
1.706910e-04
1.357587e-04
3.755777e-04
1.153291e-04
1.386883e-03
1.493811e-05
1.663625e-03
1.579065e-04
1.283800e-03
8.504632e-04
7.114485e-04
1.122610e-03
6.037855e-04
2.033145e-03
1.250449e-03
1.939088e-03
3.871538e-04
7.324603e-04
9.277256e-05
4.210555e-04
6.101091e-05
1.700276e-04
3.802600e-04
4.366899e-04
8.728066e-04
9.948594e-04
1.014868e-03
1.144783e-03
8.049468e-04
1.847509e-04
7.167572e-04
9.559793e-05
9.851033e-04
1.248832e-03
1.558180e-03
8.573151e-04
7.649098e-04
3.395826e-04
1.781649e-04
3.453330e-03
1.923639e-04
6.072377e-04
2.733620e-03
4.712873e-04
1.400774e-03
9.436292e-04
4.725273e-03
8.980220e-04
3.175941e-04
4.002572e-04
6.475015e-04
4.161385e-05
4.539444e-04
6.165001e-04
1.330926e-04
2.979334e-04
4.630630e-04
7.842312e-05
2.354365e-05
6.670249e-05
6.039530e-05
5.038313e-05
1.282789e-05
2.237075e-05
6.035399e-05
1.052980e-04
6.160581e-05
1.621230e-05
1.710926e-04
5.296851e-03
3.190655e-03
3.418889e-03
3.135255e-04
1.172539e-03
6.487139e-04
4.202253e-04
1.851329e-04
2.175227e-03
4.640353e-03
1.300236e-03
3.417958e-04
2.686576e-04
1.676442e-03
1.995750e-03
9.913910e-04
7.200344e-04
1.322604e-03
1.024224e-04
9.686748e-05
6.242933e-04
8.506599e-04
1.325835e-03
1.151890e-04
5.034077e-04
2.826507e-04
1.420564e-03
6.183147e-04
9.270893e-05
8.700327e-04
1.663465e-03
1.209733e-03
7.193631e-04
5.916627e-04
3.800239e-04
1.041848e-03
5.210442e-04
7.798774e-04
5.195419e-04
5.127674e-04
4.735396e-04
9.722549e-04
4.493397e-04
4.525072e-04
7.890637e-04
1.510794e-03
1.992445e-03
1.365977e-04
6.494835e-04
5.963776e-05
5.734584e-04
6.045065e-04
1.637435e-03
7.900312e-04
3.112302e-04
3.459085e-04
1.849013e-04
8.138547e-04
8.817847e-04
8.584695e-04
7.270335e-04
2.073524e-05
1.880842e-03
2.702651e-04
2.548979e-03
3.638006e-03
9.598280e-04
3.301204e-03
8.339323e-04
2.530803e-03
6.579743e-04
2.069469e-04
3.086014e-03
1.174563e-04
9.187862e-04
5.903748e-03
7.753328e-05
1.212243e-03
6.818010e-04
8.736908e-04
1.197300e-03
1.282889e-04
5.972238e-02
3.158162e-02
1.627484e-03
8.984745e-03
1.251296e-02
2.329617e-03
2.377723e-03
2.725195e-03
1.788524e-03
6.072784e-03
1.402117e-03
6.224778e-04
7.460894e-03
2.052777e-03
6.996419e-06
1.083989e-05
1.464603e-03
3.924762e-03
8.495480e-04
6.897659e-04
3.507108e-03
6.916387e-04
8.878649e-04
1.446504e-03
5.281143e-03
1.712941e-02
3.053888e-03
1.570316e-03
2.198749e-03
6.143360e-04
7.546489e-04
1.173170e-04
4.241724e-04
1.896877e-03
1.178579e-03
3.223847e-05
1.481777e-04
1.259491e-03
1.821452e-03
3.740139e-04
4.139712e-05
2.880198e-04
8.826496e-04
1.314010e-03
1.068755e-03
1.047393e-04
1.223146e-03
6.169140e-05
2.803856e-04
5.892111e-04
5.772677e-04
9.273380e-04
2.260779e-04
5.720432e-04
9.798072e-04
2.805571e-03
1.532683e-03
1.625955e-03
3.539052e-04
4.053854e-04
1.597022e-04
2.704723e-04
5.278311e-05
5.440051e-04
2.127724e-03
1.687162e-03
3.564087e-04
1.794992e-03
1.129072e-03
1.519015e-03
7.239292e-05
9.141080e-04
6.681096e-04
3.592355e-04
3.752389e-03
2.219021e-04
1.079662e-03
1.847957e-04
5.932872e-04
4.542006e-04
1.987511e-03
1.273468e-03
5.243005e-04
9.231963e-04
5.984114e-04
6.320750e-04
1.229370e-03
1.066120e-03
9.144193e-04
4.126732e-04
2.311360e-03
6.746165e-04
1.004961e-04
3.198965e-03
4.200249e-04
3.474020e-04
8.553534e-05
2.682787e-04
6.116263e-04
4.881476e-04
1.097679e-03
2.787393e-03
1.804993e-03
1.797857e-03
2.003855e-03
1.875294e-03
4.618801e-04
5.265105e-04
3.658886e-04
3.182069e-03
4.359830e-04
4.321248e-04
2.075851e-03
3.762296e-04
8.038187e-04
2.036013e-03
8.099564e-03
1.110633e-03
2.269161e-03
1.509324e-03
1.188936e-03
1.910593e-04
4.757680e-04
1.204407e-03
5.835777e-05
5.655146e-04
1.036860e-03
1.243348e-03
1.845743e-04
2.505535e-04
1.768087e-05
1.976727e-04
3.882208e-04
3.233726e-04
5.359753e-04
3.197528e-04
1.435597e-04
6.529847e-04
7.030332e-05
3.619670e-05
3.466404e-04
3.824864e-04
9.830255e-05
7.956336e-05
1.565260e-04
8.560970e-06
3.701022e-01
6.774213e-04
6.203526e-04
6.937073e-03
2.179194e-02
5.757896e-03
3.714631e-04
3.959900e-03
7.165005e-03
8.626150e-04
4.814427e-04
5.754810e-04
1.571136e-03
1.125296e-03
4.627377e-04
1.173627e-03
1.836471e-03
1.611668e-03
1.181133e-04
1.621912e-04
4.235279e-04
1.163373e-04
1.469800e-04
8.688821e-05
1.125682e-04
6.296380e-04
1.914843e-04
3.285289e-04
9.669644e-05
1.632723e-03
2.719929e-03
5.505231e-04
2.385264e-03
5.823997e-04
7.064152e-03
2.688789e-03
1.326247e-03
9.510331e-05
1.070283e-03
3.647830e-04
2.246720e-04
2.768623e-04
6.817121e-04
1.641984e-04
1.462123e-03
2.562098e-04
6.080992e-05
1.936108e-03
8.157472e-04
1.132091e-03
9.339791e-05
1.959279e-04
2.998788e-04
4.307847e-04
9.201688e-04
9.359333e-04
3.886978e-04
2.252478e-04
5.788246e-04
9.433654e-04
4.159593e-03
6.465958e-03
1.069334e-02
6.771392e-03
1.615999e-04
1.364780e-04
5.561098e-05
1.090014e-04
2.751831e-05
8.189255e-05
1.750030e-04
8.836708e-04
9.215584e-05
8.190073e-04
8.179880e-04
4.540814e-06
8.680062e-05
7.188876e-05
2.349413e-05
1.190095e-04
1.275292e-04
1.023205e-04
3.273122e-04
1.053371e-04
1.163498e-04
4.830242e-04
3.910307e-04
3.177864e-04
8.844967e-04
3.122739e-05
3.779444e-04
1.853388e-03
1.398242e-04
2.489956e-05
9.701788e-04
4.543127e-04
9.675054e-04
2.358426e-05
1.012218e-04
7.623294e-06
4.270329e-04
1.899192e-04
5.702934e-04
5.025473e-04
3.234554e-04
2.029213e-03
8.050751e-04
1.571867e-04
1.274874e-03
3.716046e-04
6.260164e-03
4.421320e-03
1.163919e-03
6.913822e-03
4.102444e-04
3.229740e-05
1.094358e-04
1.925548e-04
1.579934e-04
8.095635e-03
1.145674e-02
1.597043e-03
1.864163e-02
9.012916e-03
4.953266e-05
1.392685e-04
4.165615e-05
7.491661e-04
9.804297e-05
6.646279e-05
1.208209e-04
1.698578e-04
2.246856e-02
4.319592e-02
2.049544e-04
3.503208e-02
1.585877e-02
7.458826e-05
6.229927e-04
1.822446e-04
6.976220e-05
9.672986e-05
9.912567e-05
3.264543e-01
5.904139e-04
1.917504e-03
1.782970e-03
3.615984e-03
1.038456e-02
1.844746e-03
2.617052e-03
3.135334e-04
2.242358e-04
1.262749e-03
2.557129e-03
4.541740e-03
1.776463e-03
3.889494e-04
1.196175e-03
1.260308e-03
2.751409e-03
2.149232e-02
8.945935e-03
3.065919e-03
1.339795e-03
2.094785e-04
1.164572e-03
4.163219e-05
3.107596e-04
2.657034e-05
3.904219e-04
6.151375e-05
4.805837e-04
3.209751e-04
4.434486e-04
4.649979e-04
1.587446e-03
2.877905e-04
7.478640e-04
1.008244e-03
8.555790e-04
7.397099e-04
2.871318e-04
1.371586e-03
1.855508e-04
2.837079e-03
4.168023e-05
6.469652e-04
1.366522e-03
5.065985e-03
1.439176e-03
6.162430e-03
6.612864e-03
2.300859e-03
5.388183e-05
4.253620e-03
2.676745e-04
2.275437e-04
1.325371e-04
6.762906e-05
1.985476e-04
4.661253e-05
1.868697e-04
5.967265e-04
2.563675e-04
4.957033e-05
2.350469e-04
2.997941e-05
5.090637e-05
3.782509e-04
2.102531e-01
7.294471e-03
3.041890e-03
3.884464e-03
7.884286e-04
8.075699e-04
1.613906e-03
2.563247e-03
1.163519e-04
1.372701e-03
6.296795e-04
5.603870e-04
1.378493e-03
5.491712e-05
9.886876e-04
6.050473e-04
2.350625e-04
1.692485e-04
1.128423e-04
1.531196e-03
3.466221e-04
5.728762e-04
4.674231e-04
8.079196e-04
1.104088e-04
4.939643e-04
5.457840e-04
3.919116e-04
6.405742e-04
3.609244e-04
4.793378e-04
2.772965e-03
1.693689e-03
1.453087e-03
3.059011e-03
9.620614e-04
2.195945e-03
8.971301e-05
1.435125e-03
1.603926e-04
3.916601e-04
7.423504e-04
1.506922e-03
5.200669e-04
6.013955e-04
4.273067e-04
1.249679e-04
4.210178e-04
2.529567e-04
5.628373e-04
4.065255e-04
3.203471e-04
3.688100e-04
3.516644e-04
4.691099e-04
3.711709e-04
3.463952e-04
3.816422e-04
5.118358e-05
6.379873e-05
1.328956e-04
3.689489e-05
1.647479e-04
6.765043e-04
2.494404e-04
1.389063e-04
2.685515e-04
5.534253e-04
1.292695e-03
1.055382e-03
6.951479e-04
6.682863e-04
4.945832e-04
7.085737e-04
7.255952e-05
1.561347e-04
3.687578e-04
1.145609e-03
1.218829e-03
5.670009e-04
1.117200e-03
4.605647e-05
4.777817e-04
1.510890e-03
8.433949e-04
6.102924e-04
2.345003e-04
1.908053e-03
1.446554e-03
2.117533e-04
4.887637e-03
1.323385e-03
1.804192e-04
6.895744e-04
5.394285e-04
8.774949e-04
1.201633e-03
6.921074e-04
7.937716e-04
2.377415e-03
5.363346e-05
2.562988e-03
8.586127e-04
1.183829e-04
5.825242e-04
1.791589e-03
8.518407e-05
3.888492e-03
3.594688e-04
7.832756e-04
1.575521e-03
1.134073e-03
5.921864e-04
1.245206e-03
3.005365e-03
2.185809e-03
2.284436e-03
1.921680e-03
2.508066e-04
9.913507e-04
7.841905e-04
4.868095e-03
5.141782e-05
7.874458e-04
1.433536e-03
3.178807e-03
3.943386e-03
3.520904e-04
4.203229e-05
8.351002e-05
4.545316e-04
2.969806e-03
8.597394e-04
8.808959e-04
7.880607e-04
1.499696e-03
1.858397e-03
4.478191e-03
2.925298e-03
3.290029e-04
3.027512e-03
1.375163e-03
8.854860e-05
5.641674e-04
2.022891e-04
4.493486e-04
1.151547e-04
1.179132e-03
1.568332e-04
2.146230e-03
4.193432e-04
5.296410e-04
3.446690e-04
1.266945e-04
1.406649e-04
7.214689e-05
1.237228e-04
9.935493e-05
7.621847e-04
3.342435e-03
1.237992e-04
8.146805e-05
7.511099e-04
1.026351e-03
4.044480e-05
2.203650e-04
8.332363e-04
9.422330e-04
9.735968e-04
1.358235e-04
9.943966e-05
3.554200e-04
1.054461e-03
7.929840e-04
2.376998e-04
1.626368e-03
1.016756e-03
9.850047e-04
5.709046e-04
2.919575e-05
5.663245e-04
1.285330e-04
7.260116e-05
5.682742e-05
3.532670e-04
5.512805e-04
1.733356e-04
5.138545e-04
2.212060e-03
6.512652e-04
1.158986e-04
1.449775e-04
1.597124e-04
1.689554e-04
8.711209e-05
4.114413e-04
4.286935e-04
1.405978e-03
1.526397e-04
2.139083e-03
1.851700e-03
8.967226e-04
3.965460e-04
3.362602e-04
6.951623e-04
6.787950e-04
3.413657e-04
1.029845e-04
7.034184e-05
1.296664e-04
3.370298e-04
2.531924e-03
2.020765e-04
2.651066e-04
4.028112e-04
2.614480e-04
3.436897e-04
2.637909e-04
6.486249e-05
7.527927e-05
1.345337e-04
1.665646e-04
3.120309e-04
2.102837e-04
1.535593e-04
3.148885e-04
4.170504e-04
2.953830e-04
4.096078e-04
1.375521e-04
2.670434e-04
1.525705e-05
9.289518e-05
2.864272e-04
1.962290e-04
5.348662e-05
8.359505e-05
1.254377e-04
1.477950e-04
7.116034e-05
2.306024e-04
5.191752e-05
1.950195e-04
2.874159e-04
1.018607e-03
9.178736e-04
3.820341e-04
6.865792e-05
1.074513e-03
2.825458e-03
5.673599e-03
1.108179e-02
7.179293e-04
1.268440e-04
8.342530e-04
1.774117e-03
3.774179e-04
9.904861e-04
7.671003e-04
4.532474e-03
2.179642e-03
2.099443e-03
5.103366e-04
9.703771e-04
3.204912e-04
7.454448e-05
9.834280e-05
3.493471e-04
2.680785e-05
4.402663e-04
6.994571e-05
6.376680e-04
2.702974e-04
2.137029e-03
7.364208e-04
4.711970e-04
5.956339e-05
7.233312e-04
1.629451e-04
9.883115e-05
3.813574e-04
6.090355e-05
4.467975e-04
4.047174e-03
2.930233e-01
4.093485e-03
3.577981e-03
1.159332e-02
1.868384e-02
4.857664e-03
2.039060e-03
1.260115e-04
5.716248e-04
7.768858e-05
1.277379e-03
6.031533e-05
5.075808e-04
7.848255e-06
1.462663e-03
7.923383e-05
9.422586e-04
4.667345e-04
8.431227e-04
3.280494e-04
3.385937e-04
3.088142e-05
8.613100e-05
3.032893e-04
2.452862e-04
6.332907e-04
2.814274e-04
7.192496e-04
2.565303e-04
9.201109e-05
1.105454e-04
4.950327e-04
1.241350e-04
2.823191e-04
4.459816e-04
9.587196e-05
9.296982e-05
3.961909e-04
8.742100e-04
1.074968e-03
3.876685e-03
2.157504e-05
4.055386e-03
8.394091e-04
2.382279e-03
1.385247e-03
5.971678e-04
1.461522e-03
3.497266e-04
5.912734e-03
1.538676e-03
1.893345e-04
7.555516e-04
6.783481e-04
9.428058e-04
1.085309e-03
5.805109e-03
2.772412e-03
3.109765e-03
7.872003e-03
2.466247e-03
2.435332e-04
7.917537e-04
6.487287e-04
1.860773e-04
2.805437e-04
1.381022e-04
7.318876e-04
6.968729e-04
7.063615e-04
4.164711e-04
9.052226e-04
2.226658e-04
1.205353e-04
4.280964e-03
2.439910e-03
1.830626e-03
9.016848e-02
1.025724e-02
1.065614e-03
8.744348e-04
3.274300e-03
4.836450e-04
3.161990e-04
8.035765e-04
2.450147e-04
1.690293e-03
2.555467e-03
5.327084e-04
3.795931e-04
6.959116e-04
4.500696e-04
1.899479e-04
5.086477e-04
9.525187e-05
1.186387e-03
1.640641e-04
2.171526e-03
1.707914e-05
3.270674e-03
4.548803e-03
2.752023e-03
1.471798e-04
1.086410e-03
1.786620e-04
2.965876e-04
9.183098e-05
6.937966e-04
4.868036e-04
4.674238e-03
1.751166e-03
5.374480e-04
9.124175e-04
1.150563e-04
1.700825e-03
1.490332e-03
6.643520e-05
2.995642e-04
1.462734e-03
1.157558e-03
1.006146e-03
1.922979e-04
7.537811e-04
2.798896e-04
1.044126e-03
2.137196e-04
1.396648e-03
4.634204e-04
5.661001e-04
7.206165e-04
1.121638e-04
9.815932e-04
2.298430e-04
2.864341e-04
5.650046e-04
7.518564e-05
1.106327e-04
7.157263e-05
1.058103e-04
5.113910e-05
3.999055e-01
7.442980e-04
5.125789e-03
1.832342e-03
7.158542e-04
1.404941e-02
7.177241e-03
5.334146e-03
4.560837e-04
7.434917e-04
2.623776e-04
3.161261e-04
1.117238e-03
1.541822e-04
2.040395e-03
3.168911e-04
2.325650e-04
1.152445e-04
1.609789e-03
1.045711e-03
1.374434e-03
1.197295e-03
9.616536e-05
2.710865e-04
4.964125e-04
3.083997e-03
7.854348e-04
1.533522e-04
5.463456e-03
5.553097e-03
8.378211e-03
2.009837e-02
3.883061e-03
7.432256e-04
1.910227e-03
6.184460e-04
4.635184e-04
7.164605e-04
1.201920e-03
2.163796e-03
4.593669e-04
3.673213e-04
8.215649e-06
1.362882e-04
3.027435e-04
1.684368e-03
1.052517e-03
1.415458e-03
8.950385e-04
6.943843e-04
7.940301e-04
5.756542e-05
2.362560e-03
3.815609e-05
1.955098e-03
1.176991e-03
9.915376e-04
1.001643e-03
7.639808e-04
4.302914e-03
7.290501e-04
6.696519e-04
1.567877e-03
1.394392e-03
3.968058e-03
1.933338e-02
4.254124e-02
2.636856e-03
4.536898e-03
7.528492e-03
1.803570e-03
2.920950e-04
2.961268e-03
1.855452e-03
3.252502e-03
3.815192e-03
2.647135e-03
2.720512e-04
3.128026e-04
1.005670e-03
5.024494e-04
9.551583e-04
5.584485e-04
1.422370e-03
9.463250e-04
1.022344e-03
2.716899e-03
5.978125e-04
1.284910e-03
2.400255e-04
2.179421e-03
3.262665e-04
6.118396e-04
8.677432e-04
5.935916e-04
1.043340e-03
4.642156e-04
5.983398e-03
4.968702e-03
1.674089e-02
9.575635e-03
1.668383e-03
1.764916e-03
3.074259e-04
3.231420e-03
2.296930e-05
3.036063e-04
1.129778e-04
5.589138e-04
4.312968e-04
2.204702e-03
1.164373e-03
1.173184e-03
6.544875e-04
2.626929e-04
4.192071e-04
1.203759e-04
6.057111e-04
1.211789e-03
1.465473e-03
1.498726e-03
4.836941e-04
1.886267e-04
6.872447e-05
1.241559e-03
1.633555e-03
1.051485e-03
1.246577e-03
3.755890e-05
7.473066e-04
1.951118e-03
1.716912e-03
6.822493e-04
7.750987e-06
1.378820e-03
1.556791e-03
1.786897e-03
1.327362e-03
9.135154e-06
2.124788e-03
1.254266e-03
4.560480e-04
3.300377e-04
3.684835e-04
1.801289e-03
2.610391e-03
8.656944e-05
1.178619e-03
1.892635e-03
1.443174e-03
6.976745e-04
1.310470e-03
3.301816e-03
2.883378e-03
4.721218e-04
1.473328e-03
3.013900e-03
2.132808e-03
1.734365e-04
5.462340e-04
4.348247e-03
2.293888e-04
3.547335e-04
3.955749e-03
2.151099e-04
2.420697e-03
9.401354e-04
3.724160e-04
2.738093e-04
1.247992e-03
1.937309e-03
2.187008e-03
8.793875e-04
4.873724e-03
5.930342e-04
2.206830e-03
2.506561e-03
1.829387e-03
1.311945e-03
1.361669e-04
5.675995e-04
1.609159e-03
1.474270e-03
1.254503e-03
9.669755e-05
5.262219e-04
9.023243e-04
1.917182e-03
1.367279e-03
4.556511e-04
3.966927e-05
3.750625e-04
2.466640e-03
1.453464e-03
1.176687e-03
2.504440e-04
1.675882e-04
2.259050e-03
1.088491e-03
1.273179e-03
3.171775e-03
3.987235e-05
1.919229e-03
1.844608e-03
2.792352e-03
5.942697e-04
3.790179e-03
1.075588e-02
2.698679e-04
1.197352e-03
1.690507e-04
2.989281e-04
2.818915e-03
1.597885e-04
4.438967e-03
3.116868e-03
5.688632e-04
1.471205e-04
1.792330e-04
3.528492e-05
9.303315e-04
6.005348e-04
3.483225e-04
8.166484e-04
1.275237e-03
1.422299e-01
1.200619e-03
7.314560e-04
8.079036e-04
6.078594e-04
6.555977e-04
1.332254e-02
2.211630e-03
5.537158e-03
4.310479e-05
1.723192e-03
3.415916e-04
8.622001e-04
9.568724e-04
1.378734e-03
3.630057e-04
7.760388e-05
2.128673e-04
7.877619e-04
1.031243e-03
8.820360e-04
8.848380e-04
6.614077e-04
4.588701e-05
2.547369e-03
1.674660e-04
1.500826e-03
3.003376e-03
7.356458e-03
3.164045e-03
1.012197e-04
1.919076e-03
1.648491e-04
1.417610e-03
1.188857e-03
2.438302e-04
3.853754e-04
1.088414e-04
1.152417e-03
1.038993e-03
1.228406e-03
1.421224e-03
9.710404e-05
4.361606e-04
3.882510e-04
1.113112e-03
2.023396e-03
9.335747e-04
9.022137e-04
9.728946e-05
3.275645e-03
1.493023e-03
1.411111e-03
1.361801e-03
2.643911e-05
2.323663e-03
1.780210e-03
9.928046e-04
5.566918e-04
7.978663e-04
1.766104e-03
2.295364e-03
1.579217e-04
3.392140e-03
1.219876e-03
2.725735e-05
2.184127e-03
2.707029e-03
1.746135e-04
6.597908e-03
6.719786e-04
1.650075e-04
6.740136e-04
8.474566e-04
4.092361e-04
3.741759e-04
6.804744e-04
4.446970e-04
6.585698e-03
1.194411e-03
4.688255e-03
1.252901e-02
1.175293e-03
7.186467e-04
2.439875e-04
5.537569e-04
6.252658e-04
1.098176e-04
1.732209e-03
1.087466e-03
1.929152e-04
3.161098e-05
9.018760e-04
2.615025e-04
1.608876e-03
1.088591e-02
3.093917e-03
3.430572e-03
1.089674e-02
6.475741e-04
8.289109e-04
1.944775e-03
8.792749e-04
2.871208e-04
2.758337e-04
9.109894e-04
1.039941e-03
1.651718e-04
1.333336e-03
5.219495e-04
9.300675e-05
3.612200e-04
1.633628e-03
6.190179e-04
1.239082e-03
1.226679e-03
7.275131e-04
5.375615e-03
4.016452e-03
2.721561e-04
2.046067e-04
4.006907e-04
2.782251e-04
4.656422e-05
2.463649e-04
9.769167e-03
2.524690e-03
2.551824e-03
3.309108e-03
2.196370e-02
4.245476e-04
1.442178e-02
8.702791e-03
8.553527e-04
6.441123e-04
1.266807e-04
9.714804e-04
1.429710e-04
7.240978e-05
4.307231e-04
8.365409e-05
7.976612e-05
1.368614e-03
4.291423e-04
2.056955e-04
3.131634e-04
1.724523e-03
1.223391e-04
9.616678e-04
5.431131e-03
3.957170e-04
3.539381e-03
3.208534e-03
1.861871e-03
4.681235e-04
2.886945e-04
3.277804e-04
1.063948e-03
7.153034e-03
1.041748e-04
4.828857e-04
5.478211e-04
1.053446e-03
9.894080e-03
1.471455e-03
2.523657e-04
1.051837e-03
2.258843e-03
1.121496e-02
2.714200e-03
3.503337e-04
1.417613e-02
7.890982e-03
4.739027e-03
5.416417e-04
5.400252e-04
8.320978e-04
2.903431e-04
4.302623e-04
4.047275e-05
4.779425e-04
1.380019e-04
2.832653e-04
2.178304e-04
3.114944e-04
1.886607e-04
3.266053e-04
3.099676e-04
2.382735e-03
2.964270e-04
8.237504e-05
1.098484e-03
1.060730e-04
1.200765e-03
7.024809e-05
9.996420e-04
1.936139e-04
4.068541e-04
4.733349e-03
8.859225e-04
1.642054e-03
5.658848e-04
6.161321e-04
5.636330e-05
2.024576e-02
1.447891e-02
1.261775e-04
3.656841e-04
1.268291e-03
4.184780e-04
1.863047e-03
6.129977e-04
8.256203e-04
4.054527e-04
1.825909e-03
1.912121e-03
3.401438e-04
8.462447e-04
3.181722e-04
1.331244e-04
2.297891e-04
1.451523e-04
9.026164e-05
2.503155e-04
1.500349e-04
1.941522e-04
4.078961e-04
3.214348e-04
5.296886e-04
7.329765e-04
1.636638e-04
5.442621e-04
4.462294e-04
9.504731e-04
1.674396e-03
2.496422e-04
1.309586e-03
2.790255e-04
1.422927e-03
1.411847e-03
6.417512e-04
2.290870e-04
4.677293e-04
2.071995e-03
1.225910e-04
2.170182e-04
1.048970e-03
7.481285e-04
6.149450e-04
9.926956e-05
4.835780e-04
1.094131e-03
1.190829e-03
8.656332e-05
8.696890e-04
1.193476e-03
9.630650e-05
2.376753e-03
7.155921e-04
1.472946e-03
1.456928e-03
1.340201e-04
7.451789e-04
8.994665e-04
3.491796e-04
3.904397e-04
7.797295e-04
1.084995e-03
1.385124e-03
2.235836e-04
6.345349e-04
1.970268e-03
3.714366e-04
1.427377e-04
5.193762e-04
5.831625e-04
9.953275e-04
1.124829e-04
8.775074e-04
6.205702e-04
6.599468e-04
1.072046e-03
3.118780e-04
4.879471e-04
1.482082e-03
2.671658e-04
3.596125e-03
2.775415e-04
1.158404e-03
1.273145e-03
9.676905e-04
2.733049e-03
1.694080e-03
3.986463e-04
2.657074e-04
2.632682e-04
1.923567e-03
2.157866e-05
4.377875e-02
1.559136e-02
7.688011e-04
3.978348e-03
3.189580e-03
3.405061e-03
2.610350e-03
2.477152e-03
4.838335e-05
4.902378e-03
4.201260e-04
2.484378e-04
2.979888e-04
1.302440e-04
3.645040e-03
6.487712e-04
1.703429e-04
1.292460e-03
5.996497e-04
7.404076e-04
2.503806e-03
2.306583e-03
9.963055e-04
1.045879e-03
3.351668e-04
1.065824e-03
2.481616e-03
1.919562e-04
4.003991e-04
3.314375e-03
1.213565e-03
4.421903e-04
2.195945e-03
3.481324e-04
4.064568e-03
2.466491e-04
2.365674e-03
4.782811e-04
4.863090e-04
7.245571e-04
1.108221e-03
6.913198e-04
2.579011e-03
1.881053e-03
1.178800e-03
5.253644e-03
8.029911e-04
7.756143e-03
1.289741e-03
1.132488e-03
1.229090e-02
5.083548e-03
1.457691e-02
2.269137e-05
5.230665e-03
2.097097e-03
1.013949e-03
2.977340e-03
1.138418e-02
5.187669e-03
6.944712e-03
6.862114e-03
4.016649e-04
3.196640e-04
3.874291e-03
1.094706e-03
4.014383e-03
1.091997e-02
5.950027e-03
3.343705e-04
1.082729e-04
1.716783e-03
1.886176e-02
3.640043e-02
3.688133e-04
3.642067e-03
2.261618e-03
4.617513e-05
1.052741e-04
5.003503e-04
6.197842e-03
1.060782e-02
6.026046e-04
1.192432e-02
1.017927e-02
1.846837e-03
1.201410e-03
1.432094e-03
1.234961e-03
3.742501e-02
3.820157e-02
1.103283e-03
1.297776e-02
5.600176e-02
1.235987e-02
1.000000e+00
9.817564e-01
9.817564e-01
9.817564e-01
9.817564e-01
9.817564e-01
9.817564e-01
9.817564e-01
9.817564e-01
9.817564e-01
9.817564e-01
9.817564e-01
9.817564e-01
9.817564e-01
9.817564e-01
9.817564e-01
9.817564e-01
9.817564e-01
9.817564e-01
9.817564e-01
9.817564e-01
9.817564e-01
9.817564e-01
9.817564e-01
9.817564e-01
