
1.000000e+00
1.000000e+00
1.000000e+00
1.000000e+00
1.000000e+00
1.000000e+00
1.000000e+00
1.000000e+00
1.000000e+00
1.000000e+00
1.000000e+00
1.000000e+00
1.000000e+00
1.000000e+00
1.000000e+00
1.000000e+00
1.000000e+00
1.000000e+00
1.000000e+00
1.000000e+00
1.000000e+00
1.000000e+00
4.103077e-03
4.430812e-03
1.028592e-04
4.038776e-03
7.482220e-03
7.686291e-04
4.678796e-04
2.044539e-03
2.034201e-03
6.430362e-04
5.541242e-04
2.685871e-03
6.436676e-05
1.212210e-04
2.416686e-04
1.109292e-04
2.081990e-03
4.056314e-03
2.400922e-03
2.631658e-03
1.513345e-03
2.943097e-04
3.829464e-04
2.151907e-04
7.544180e-04
2.050221e-04
3.981212e-04
1.013326e-04
2.850888e-04
1.222443e-04
3.617078e-04
1.845748e-04
8.537601e-04
2.760245e-03
2.579439e-03
5.685659e-04
1.164587e-03
1.285020e-03
1.176478e-03
8.720048e-04
7.062851e-04
2.402830e-04
3.734568e-04
1.293268e-03
1.103931e-04
1.224870e-03
6.025385e-05
1.483990e-04
1.189972e-04
1.029987e-03
1.017790e-04
6.269098e-04
3.799902e-04
3.976515e-04
7.400953e-04
9.529843e-04
4.293750e-04
2.906835e-04
1.176162e-03
5.965764e-05
3.790092e-03
4.686970e-04
1.604704e-03
5.268396e-04
1.458390e-04
1.952367e-04
9.494270e-04
8.784756e-05
2.007413e-04
2.685313e-04
1.319214e-04
3.191382e-05
2.267525e-03
3.392099e-04
1.068569e-03
1.990806e-04
1.174394e-03
2.085503e-04
2.629143e-04
5.770151e-04
3.601561e-04
5.545210e-04
7.790480e-04
6.460188e-04
7.655897e-03
1.315831e-03
2.284027e-03
6.097279e-04
3.427207e-04
3.728640e-04
4.396051e-04
2.683695e-05
4.359716e-04
3.937013e-04
1.165322e-03
3.977924e-04
1.770922e-04
1.229993e-04
6.470947e-04
2.388669e-03
1.035031e-03
4.561278e-04
7.348756e-04
3.081255e-04
2.019937e-04
1.870927e-03
1.752359e-03
2.277635e-03
3.201396e-03
6.341565e-04
1.240755e-03
3.584311e-04
1.443991e-03
4.178727e-04
8.922811e-04
1.042699e-03
1.221288e-03
8.368549e-04
1.170701e-04
5.457812e-04
5.794920e-04
7.676021e-04
3.268529e-03
1.434634e-03
4.769931e-04
1.451074e-05
2.462340e-03
3.179242e-04
1.435179e-03
7.693890e-04
4.337193e-04
3.538615e-04
7.524278e-05
1.599285e-03
2.602634e-04
2.372577e-03
1.618262e-03
4.517061e-03
4.734807e-03
2.043472e-04
4.175020e-04
9.615793e-04
1.635245e-03
6.628196e-03
1.944882e-03
4.021136e-03
3.327484e-03
1.402774e-03
4.516328e-03
1.889212e-03
8.384510e-04
5.612046e-04
2.540616e-03
4.114840e-03
1.687558e-02
9.766413e-03
3.743380e-03
4.114031e-03
6.216772e-04
2.744058e-04
1.219119e-03
2.278241e-04
4.147748e-05
1.704245e-03
1.776795e-03
4.443251e-04
1.638195e-04
1.115795e-03
2.724147e-04
1.833264e-03
5.983105e-04
7.859015e-04
1.230296e-03
1.068695e-04
1.165426e-03
8.501560e-04
1.929754e-03
7.095376e-04
1.217045e-04
1.769675e-03
5.716465e-04
5.704981e-04
9.157371e-04
8.688977e-04
3.005116e-03
1.883067e-03
4.587501e-03
5.115952e-04
1.546723e-04
3.156573e-04
2.971979e-05
4.798170e-04
5.187660e-05
1.651638e-04
1.532605e-04
9.182702e-04
8.735117e-04
2.247374e-03
1.750729e-03
1.520472e-03
2.993821e-02
4.025835e-02
8.149820e-03
1.139678e-03
2.586406e-03
3.143699e-04
6.004556e-04
7.340446e-04
1.913931e-04
8.565346e-04
5.584999e-04
1.627961e-03
5.174194e-04
7.188762e-04
5.599405e-04
2.857688e-04
6.999601e-04
1.539768e-03
1.693283e-03
2.999094e-04
2.189769e-04
2.954034e-04
3.983380e-04
7.720174e-04
6.918482e-04
9.165598e-04
1.510977e-03
8.475992e-04
1.879669e-03
8.175629e-04
9.929430e-04
2.126014e-04
1.197108e-03
1.028390e-03
4.330160e-04
7.027847e-04
9.501397e-04
5.937743e-04
2.671785e-03
1.800439e-03
5.997380e-04
1.456736e-03
6.357479e-05
5.617772e-04
5.155395e-04
2.703519e-03
1.949547e-03
1.174431e-03
4.019489e-04
1.264008e-03
2.264301e-03
9.095670e-04
1.055964e-03
1.762419e-04
1.501645e-04
1.443038e-04
7.653405e-04
1.586674e-03
2.055303e-03
1.685291e-03
5.143023e-04
5.051453e-04
2.602947e-04
2.979047e-03
2.148935e-03
1.172318e-03
4.508302e-05
1.006225e-03
1.876266e-03
1.574542e-03
3.533951e-04
2.919308e-03
3.174547e-03
9.723821e-04
6.543059e-04
2.347587e-03
1.651470e-03
5.971341e-04
6.913371e-04
3.386322e-03
1.162484e-03
2.611422e-04
1.552674e-03
7.659969e-03
2.711887e-04
5.658996e-03
2.541596e-03
2.969203e-03
2.356515e-03
1.705791e-03
2.880274e-03
3.695641e-03
2.763927e-03
7.577302e-04
1.255873e-02
5.588862e-04
9.508479e-04
2.582762e-04
2.875164e-03
1.567722e-04
5.363701e-03
2.277063e-03
6.474002e-04
2.005542e-03
2.573318e-03
2.274148e-05
9.897312e-05
4.724466e-04
6.445887e-05
2.807987e-04
4.587315e-04
2.287596e-03
1.126410e-02
2.151515e-03
3.841269e-03
1.652849e-03
3.854195e-03
2.669466e-03
2.290351e-03
5.840947e-04
5.548187e-04
7.892293e-04
1.119355e-03
1.069157e-03
1.188898e-04
2.418857e-04
1.544528e-04
4.863358e-04
2.438161e-05
9.672532e-04
4.068566e-04
1.411296e-04
1.625759e-04
2.428640e-04
1.303168e-04
1.021252e-04
2.294127e-04
1.999040e-04
1.485655e-04
2.199861e-04
7.019814e-04
5.210717e-04
1.265858e-03
2.511900e-04
1.230808e-04
9.999974e-05
3.564723e-04
2.164267e-04
1.521459e-04
1.142153e-03
1.186309e-03
2.330586e-04
1.490006e-04
3.215137e-05
2.726626e-04
2.163145e-04
2.557613e-04
1.679876e-04
1.054173e-04
3.739092e-04
1.945800e-04
3.444426e-04
3.168980e-03
2.226272e-04
3.725477e-04
8.924187e-04
1.648642e-04
2.584505e-05
1.456181e-04
3.820641e-04
4.177386e-04
7.185760e-05
4.066080e-04
9.296900e-05
2.536301e-04
6.023080e-04
1.209161e-04
7.496547e-04
2.210891e-04
6.650721e-04
3.574372e-04
1.197412e-05
6.445916e-04
4.968279e-04
1.849972e-02
4.808951e-03
1.420196e-03
7.417532e-03
4.790255e-03
4.173771e-04
2.976015e-04
5.052153e-04
1.611669e-04
1.519896e-03
5.448004e-04
5.312719e-04
1.182604e-04
9.828722e-05
2.248369e-04
1.954900e-04
3.182101e-04
1.549447e-03
2.751563e-04
1.011197e-03
1.504502e-04
4.465228e-04
1.612506e-04
8.003390e-04
1.271512e-04
3.002018e-04
2.095277e-04
4.512776e-04
1.063843e-04
8.324991e-06
1.996916e-04
3.213416e-04
5.012378e-05
2.574389e-04
6.430491e-05
4.711132e-04
4.979345e-04
2.188977e-03
9.470235e-05
2.700182e-04
6.078831e-04
3.782524e-04
2.561224e-04
1.378185e-04
5.170287e-04
3.386866e-04
3.257265e-04
1.065433e-04
9.027184e-04
9.425670e-04
2.026561e-04
2.781087e-04
3.887350e-04
1.957982e-04
7.684042e-04
9.760113e-05
1.422426e-03
2.119024e-04
2.258417e-04
1.151011e-03
4.352034e-05
4.526548e-04
3.890385e-04
2.050855e-04
1.470327e-03
2.224184e-04
4.312564e-04
7.620208e-04
1.897208e-04
7.023686e-04
2.717806e-04
9.062548e-04
1.612186e-04
4.641128e-04
4.875337e-04
2.779033e-04
2.694058e-04
1.417733e-04
2.374384e-01
1.561361e-03
2.720596e-03
2.026781e-03
2.389729e-03
5.585562e-04
2.871755e-03
6.342696e-04
2.235070e-03
4.453687e-04
4.040704e-03
9.711507e-03
2.702012e-03
1.079807e-03
5.597768e-04
1.196390e-04
7.860077e-04
3.317703e-05
3.302083e-04
4.828203e-05
1.532983e-03
1.843480e-04
1.126751e-03
5.878138e-04
3.307906e-03
8.816855e-05
8.847143e-04
1.893642e-05
8.012207e-04
5.581098e-04
9.805083e-04
5.162563e-04
8.461870e-04
2.930623e-04
2.519406e-03
6.747779e-04
1.063755e-03
2.475712e-04
1.374329e-03
5.220684e-04
2.698191e-03
2.125280e-03
5.849531e-03
5.057694e-03
1.269724e-03
1.061350e-03
6.686205e-03
1.121775e-03
1.474406e-03
1.438303e-03
3.576802e-04
3.329042e-04
2.073656e-03
1.126008e-04
1.126014e-04
7.904768e-03
1.369335e-03
1.350189e-03
3.204261e-04
2.800179e-04
3.052840e-04
1.369769e-04
2.447658e-04
1.753627e-04
6.318528e-04
2.129718e-04
1.859920e-03
1.405802e-03
2.792171e-04
6.218833e-04
5.575184e-04
3.233520e-04
1.336465e-03
7.969586e-05
2.675483e-04
1.085164e-04
6.373320e-06
2.337082e-04
3.756952e-05
4.107768e-04
3.899595e-04
1.764322e-04
1.983094e-04
1.001870e-04
9.338735e-05
6.258741e-04
1.634369e-04
3.139210e-04
5.047959e-05
7.216976e-05
1.027120e-04
6.243540e-04
3.084117e-04
1.775410e-04
2.343453e-04
4.283349e-01
1.897787e-02
1.026628e-02
1.680271e-02
5.502539e-03
1.390992e-03
1.337455e-03
6.332565e-04
7.949863e-05
1.535057e-04
5.026973e-04
1.227856e-04
1.476257e-04
1.303624e-04
1.012921e-04
6.122841e-05
5.036182e-04
3.186049e-05
4.524496e-04
1.292123e-04
4.038785e-04
4.299107e-04
3.036117e-04
4.216570e-04
6.178775e-05
4.245580e-04
3.809498e-04
8.871585e-04
3.599579e-04
4.560935e-04
8.403959e-04
1.828990e-03
1.086352e-02
7.498709e-03
3.802071e-04
1.242620e-04
1.729948e-03
1.232917e-03
5.848086e-03
1.735359e-03
5.331427e-03
3.814408e-03
3.473024e-03
5.255737e-04
2.426434e-03
7.483393e-03
8.960604e-04
5.664040e-04
1.064629e-03
1.220828e-03
4.464104e-03
4.399243e-04
1.672429e-03
6.691381e-03
7.827161e-04
6.249145e-05
1.348261e-01
1.954211e-02
1.907823e-04
8.152896e-03
4.780895e-03
7.609509e-04
3.625998e-03
2.931722e-03
9.930308e-04
1.024453e-04
1.539664e-04
1.435168e-03
3.880965e-04
3.328983e-03
5.414398e-05
2.459509e-04
3.748847e-04
1.365189e-03
5.236565e-04
9.691773e-04
1.331800e-04
2.740491e-04
2.724629e-03
9.707321e-05
3.692965e-03
3.299946e-03
9.860269e-05
5.103350e-04
2.937197e-04
9.764632e-04
9.835437e-04
7.455878e-04
5.450011e-04
2.952569e-04
1.524284e-03
5.360759e-04
6.939680e-04
1.420429e-03
4.415816e-05
1.466399e-03
3.171604e-04
1.198472e-03
1.297554e-03
7.803671e-04
3.087099e-04
8.801037e-04
1.676248e-03
1.373569e-04
6.059672e-04
3.339261e-04
1.236955e-04
1.020921e-03
4.082965e-04
2.939422e-05
1.174618e-03
3.397575e-04
1.028372e-03
8.086711e-03
1.491228e-02
7.477733e-03
1.636591e-03
2.330981e-03
1.207393e-03
8.639112e-04
1.722123e-03
1.165535e-03
3.747361e-04
3.499637e-04
8.437705e-04
1.546697e-03
8.084573e-04
2.693754e-04
3.141356e-04
1.375214e-03
2.444413e-03
2.900324e-04
4.320402e-04
4.134419e-03
8.443940e-04
1.019290e-03
8.837712e-03
7.824281e-03
2.582917e-03
1.538699e-03
2.068856e-03
4.408714e-03
1.069057e-04
1.212589e-04
1.232626e-04
3.506561e-04
5.836458e-04
8.797607e-05
1.043009e-04
1.814951e-05
3.383365e-05
1.092493e-03
1.217176e-04
3.928715e-03
9.517522e-03
1.074653e-04
9.693833e-02
4.348812e-02
3.534185e-04
5.532302e-03
1.363113e-03
7.508975e-03
2.523076e-03
7.758135e-04
1.152383e-03
1.594974e-03
3.718666e-02
1.411635e-02
1.453133e-03
6.737377e-03
3.940459e-04
7.887405e-04
2.235671e-03
1.316003e-03
4.334459e-03
3.120809e-04
2.560648e-03
4.289614e-04
1.729232e-03
2.265067e-03
9.762938e-04
9.163410e-04
1.397292e-04
2.332392e-03
1.279180e-03
1.551831e-03
4.000193e-04
8.370237e-06
1.540447e-03
1.996492e-03
1.165852e-03
8.158598e-04
1.437412e-05
4.829459e-03
2.077395e-03
1.111920e-03
3.459899e-03
1.281402e-04
4.960915e-04
6.708060e-04
3.119869e-04
1.134876e-03
4.368248e-04
8.599357e-04
3.058533e-04
5.590907e-04
2.381097e-03
6.522535e-04
6.218811e-04
1.615271e-03
3.828838e-03
1.003298e-04
9.502039e-04
4.619940e-03
7.666468e-04
2.561571e-03
1.742309e-03
4.178798e-03
5.921749e-04
6.607309e-04
2.068536e-03
1.501641e-03
9.947619e-04
1.599730e-03
4.341241e-03
1.504787e-03
1.020198e-04
1.007269e-03
4.331369e-03
1.760675e-03
2.120863e-03
4.808301e-03
2.266411e-03
1.434325e-03
4.022308e-03
6.283722e-03
1.937233e-03
1.191817e-03
5.704868e-03
1.808557e-03
7.705873e-03
8.006578e-03
1.479251e-02
4.970524e-04
5.594549e-03
1.157359e-02
6.662642e-03
2.560788e-02
6.622637e-04
2.237168e-03
2.168325e-03
1.088245e-02
6.965863e-03
4.046046e-04
8.911013e-04
6.670353e-03
2.330544e-03
6.340210e-04
1.222582e-03
1.735402e-03
1.092749e-04
4.513742e-03
1.121768e-03
8.199626e-04
2.770069e-04
5.582521e-05
1.027135e-03
1.712798e-04
9.692060e-04
8.443561e-04
1.582929e-04
6.372089e-04
6.616909e-04
8.764410e-04
1.140755e-03
1.934589e-04
2.200473e-04
1.420409e-03
1.322044e-03
8.531194e-04
1.374968e-03
2.984476e-04
6.519097e-04
5.809658e-03
5.010111e-01
3.233722e-01
1.000000e+00
1.000000e+00
1.000000e+00
1.000000e+00
1.000000e+00
1.000000e+00
1.000000e+00
1.000000e+00
1.000000e+00
1.000000e+00
1.000000e+00
1.000000e+00
1.000000e+00
1.000000e+00
1.000000e+00
1.000000e+00
1.000000e+00
1.000000e+00
1.000000e+00
1.000000e+00
1.000000e+00
1.000000e+00
1.000000e+00
1.000000e+00
