0.016000 1
0.040000 1
0.064000 1
0.160000 2
0.208000 2
0.284000 2
0.336000 2
0.380000 2
0.428000 2
0.508000 2
0.540000 2
0.580000 2
0.620000 1
0.716000 2
0.776000 2
0.836000 1
0.888000 1
1.000000 2
1.040000 1
1.096000 1
1.152000 2
1.232000 2
1.272000 2
1.316000 2
1.376000 1
1.384000 1
1.720000e+00 -1
1.784000 1
1.812000 1
1.936000 1
1.996000 1
2.056000 2
2.172000 1
2.248000 1
2.368000 1
2.428000 1
2.472000 2
2.512000 1
2.564000 1
2.652000 1
2.708000 1
2.844000 1
2.896000 1
2.940000 1
3.012000 2
3.100000 1
3.156000 1
3.192000 1
3.244000 1
3.304000 1
3.384000 1
3.484000 1
3.536000 1
3.592000 1
3.636000 1
3.688000 1
3.764000 1
3.828000 1
3.900000 2
3.984000 2
4.040000 1
4.088000 2
4.140000 1
4.180000 1
4.268000 1
4.312000 1
4.336000 1
4.820000e+00 -1
4.880000 2
4.936000 2
5.004000 2
5.036000 1
5.084000 2
5.128000 1
5.180000 2
5.252000 2
5.296000 2
5.332000 2
5.360000 2
5.384000 1
5.436000 1
5.484000 2
5.528000 2
5.584000 1
5.624000 2
5.652000 2
5.688000 2
5.716000 2
5.752000 2
5.780000 1
5.824000 2
5.872000 2
5.900000 2
5.928000 2
5.996000 2
6.032000 2
6.092000 2
6.152000 2
6.200000 2
6.248000 2
6.284000 2
6.332000 2
6.368000 2
6.392000 2
6.428000 2
6.504000 1
6.544000 2
6.584000 2
6.644000 1
6.664000 1
6.696000 1
6.748000 1
6.760000 1
6.880000e+00 -1
