
0.000000e+00
0.000000e+00
0.000000e+00
0.000000e+00
0.000000e+00
0.000000e+00
0.000000e+00
0.000000e+00
0.000000e+00
0.000000e+00
0.000000e+00
0.000000e+00
0.000000e+00
0.000000e+00
0.000000e+00
0.000000e+00
0.000000e+00
0.000000e+00
0.000000e+00
0.000000e+00
0.000000e+00
0.000000e+00
0.000000e+00
0.000000e+00
0.000000e+00
0.000000e+00
0.000000e+00
1.000000e+00
9.694418e-01
8.859041e-01
7.715240e-01
6.544789e-01
5.600327e-01
5.038553e-01
4.889671e-01
5.074441e-01
5.441495e-01
5.810326e-01
6.016061e-01
5.930427e-01
5.498703e-01
4.753935e-01
3.824042e-01
2.920087e-01
2.274100e-01
2.072629e-01
2.382120e-01
3.115162e-01
4.049675e-01
4.910990e-01
5.472409e-01
5.635860e-01
5.452510e-01
5.071599e-01
4.653022e-01
4.283836e-01
3.946985e-01
3.569982e-01
3.100949e-01
2.588210e-01
2.181004e-01
2.076182e-01
2.403084e-01
3.133284e-01
4.060335e-01
4.854493e-01
5.188857e-01
4.873681e-01
3.932772e-01
2.599581e-01
1.240451e-01
2.217248e-02
-2.103543e-02
-4.974594e-04
6.850727e-02
1.579789e-01
2.375724e-01
2.863945e-01
2.987599e-01
2.834097e-01
2.562627e-01
2.303948e-01
2.095370e-01
1.871869e-01
1.528622e-01
1.003447e-01
3.357851e-02
-3.372064e-02
-8.417724e-02
-1.042177e-01
-9.025335e-02
-4.857336e-02
7.675088e-03
6.420780e-02
1.084462e-01
1.320755e-01
1.311872e-01
1.072736e-01
6.776108e-02
2.569022e-02
-3.695413e-03
-8.527875e-03
1.517251e-02
6.111644e-02
1.173649e-01
1.712326e-01
2.155421e-01
2.496536e-01
2.758768e-01
2.954909e-01
3.050847e-01
2.989731e-01
2.736382e-01
2.319227e-01
1.837757e-01
1.413140e-01
1.133497e-01
1.008777e-01
9.839036e-02
9.860356e-02
9.814163e-02
1.005223e-01
1.147710e-01
1.507302e-01
2.140141e-01
3.040188e-01
4.142060e-01
5.342359e-01
6.518850e-01
7.538287e-01
8.268131e-01
8.600362e-01
8.485591e-01
7.959350e-01
7.147070e-01
6.216111e-01
5.317841e-01
4.541804e-01
3.896884e-01
3.350389e-01
2.878513e-01
2.497957e-01
2.250648e-01
2.166436e-01
2.224710e-01
2.351562e-01
2.466333e-01
2.528160e-01
2.561916e-01
2.631916e-01
2.792169e-01
3.031304e-01
3.265821e-01
3.382724e-01
3.307750e-01
3.055467e-01
2.738159e-01
2.522119e-01
2.556941e-01
2.909427e-01
3.530540e-01
4.270334e-01
4.937995e-01
5.381800e-01
5.561951e-01
5.573322e-01
5.606367e-01
5.850833e-01
6.394130e-01
7.165903e-01
7.951178e-01
8.490921e-01
8.585083e-01
8.178588e-01
7.362044e-01
6.326618e-01
5.280176e-01
4.394343e-01
3.775006e-01
3.456277e-01
3.415059e-01
3.572114e-01
3.813737e-01
4.020893e-01
4.106527e-01
4.038304e-01
3.837899e-01
3.559677e-01
3.252674e-01
2.953843e-01
2.688768e-01
2.483744e-01
2.372526e-01
2.377856e-01
2.499734e-01
2.708666e-01
2.960949e-01
3.214298e-01
3.437444e-01
3.599474e-01
3.669118e-01
3.626479e-01
3.486480e-01
3.315922e-01
3.209679e-01
3.236684e-01
3.387343e-01
3.567139e-01
3.657037e-01
3.592012e-01
3.409018e-01
3.213943e-01
3.100238e-01
3.078918e-01
3.075010e-01
3.007497e-01
2.871051e-01
2.761255e-01
2.807448e-01
3.067548e-01
3.470845e-01
3.858153e-01
4.086984e-01
4.128558e-01
4.065309e-01
4.008457e-01
4.002772e-01
3.991401e-01
3.886224e-01
3.658814e-01
3.394805e-01
3.240237e-01
3.297090e-01
3.541911e-01
3.835057e-01
4.009523e-01
3.973990e-01
3.754042e-01
3.457343e-01
3.212877e-01
3.118004e-01
3.249476e-01
3.678002e-01
4.449064e-01
5.537789e-01
6.796717e-01
7.965746e-01
8.774118e-01
9.069751e-01
8.900615e-01
8.496607e-01
8.139857e-01
8.005188e-01
8.077319e-01
8.159756e-01
8.001990e-01
7.426003e-01
6.424333e-01
5.161497e-01
3.900437e-01
2.900544e-01
2.318161e-01
2.168568e-01
2.335217e-01
2.630139e-01
2.879579e-01
2.982269e-01
2.932879e-01
2.797143e-01
2.658565e-01
2.574708e-01
2.560139e-01
2.603845e-01
2.694809e-01
2.845112e-01
3.081050e-01
3.421455e-01
3.854600e-01
4.323988e-01
4.739367e-01
5.001954e-01
5.039264e-01
4.836727e-01
4.454394e-01
4.009878e-01
3.643179e-01
3.457698e-01
3.485414e-01
3.676936e-01
3.930285e-01
4.143837e-01
4.257897e-01
4.263938e-01
4.183278e-01
4.041858e-01
3.848204e-01
3.609779e-01
3.342217e-01
3.086025e-01
2.892016e-01
2.797498e-01
2.807803e-01
2.896990e-01
3.024553e-01
3.152471e-01
3.261557e-01
3.345770e-01
3.405110e-01
3.439576e-01
3.450947e-01
3.442774e-01
3.415769e-01
3.366734e-01
3.284653e-01
3.160289e-01
3.006076e-01
2.855417e-01
2.770138e-01
2.811356e-01
3.019223e-01
3.390186e-01
3.874853e-01
4.391856e-01
4.854493e-01
5.198095e-01
5.390683e-01
5.449312e-01
5.414846e-01
5.342714e-01
5.276268e-01
5.233984e-01
5.215151e-01
5.206623e-01
5.195253e-01
5.175710e-01
5.141954e-01
5.088299e-01
5.010127e-01
4.918097e-01
4.840635e-01
4.817184e-01
4.867640e-01
4.977081e-01
5.095761e-01
5.176776e-01
5.216217e-01
5.276268e-01
5.456774e-01
5.833067e-01
6.399105e-01
7.050066e-01
7.634225e-01
8.029705e-01
8.207370e-01
8.231887e-01
8.214121e-01
8.232953e-01
8.294070e-01
8.336354e-01
8.280922e-01
8.087269e-01
7.775646e-01
7.413211e-01
7.072451e-01
6.796361e-01
6.588139e-01
6.420424e-01
6.262659e-01
6.098497e-01
5.937533e-01
5.806417e-01
5.726824e-01
5.702661e-01
5.706570e-01
5.693778e-01
5.629108e-01
5.515403e-01
5.400277e-01
5.349110e-01
5.384998e-01
5.432612e-01
5.305405e-01
4.750737e-01
3.562875e-01
1.687809e-01
-7.174075e-02
0.000000e+00
0.000000e+00
0.000000e+00
0.000000e+00
0.000000e+00
0.000000e+00
0.000000e+00
0.000000e+00
0.000000e+00
0.000000e+00
0.000000e+00
0.000000e+00
0.000000e+00
0.000000e+00
0.000000e+00
0.000000e+00
0.000000e+00
0.000000e+00
0.000000e+00
0.000000e+00
0.000000e+00
0.000000e+00
0.000000e+00
0.000000e+00
0.000000e+00
0.000000e+00
0.000000e+00
0.000000e+00
0.000000e+00
0.000000e+00
0.000000e+00
0.000000e+00
0.000000e+00
0.000000e+00
0.000000e+00
0.000000e+00
0.000000e+00
0.000000e+00
0.000000e+00
0.000000e+00
0.000000e+00
0.000000e+00
0.000000e+00
0.000000e+00
0.000000e+00
0.000000e+00
0.000000e+00
0.000000e+00
0.000000e+00
0.000000e+00
0.000000e+00
0.000000e+00
0.000000e+00
0.000000e+00
0.000000e+00
0.000000e+00
0.000000e+00
0.000000e+00
0.000000e+00
0.000000e+00
0.000000e+00
0.000000e+00
0.000000e+00
0.000000e+00
0.000000e+00
0.000000e+00
0.000000e+00
0.000000e+00
0.000000e+00
0.000000e+00
0.000000e+00
0.000000e+00
0.000000e+00
0.000000e+00
0.000000e+00
0.000000e+00
0.000000e+00
0.000000e+00
0.000000e+00
0.000000e+00
0.000000e+00
0.000000e+00
0.000000e+00
0.000000e+00
0.000000e+00
0.000000e+00
0.000000e+00
0.000000e+00
0.000000e+00
0.000000e+00
0.000000e+00
0.000000e+00
0.000000e+00
0.000000e+00
0.000000e+00
0.000000e+00
0.000000e+00
0.000000e+00
0.000000e+00
0.000000e+00
0.000000e+00
0.000000e+00
0.000000e+00
0.000000e+00
0.000000e+00
0.000000e+00
0.000000e+00
0.000000e+00
0.000000e+00
0.000000e+00
0.000000e+00
0.000000e+00
0.000000e+00
0.000000e+00
0.000000e+00
0.000000e+00
0.000000e+00
0.000000e+00
0.000000e+00
0.000000e+00
0.000000e+00
0.000000e+00
0.000000e+00
0.000000e+00
0.000000e+00
0.000000e+00
0.000000e+00
0.000000e+00
0.000000e+00
0.000000e+00
0.000000e+00
0.000000e+00
0.000000e+00
0.000000e+00
0.000000e+00
0.000000e+00
0.000000e+00
0.000000e+00
0.000000e+00
0.000000e+00
0.000000e+00
0.000000e+00
0.000000e+00
0.000000e+00
0.000000e+00
0.000000e+00
0.000000e+00
0.000000e+00
0.000000e+00
0.000000e+00
0.000000e+00
0.000000e+00
0.000000e+00
0.000000e+00
0.000000e+00
0.000000e+00
0.000000e+00
0.000000e+00
0.000000e+00
0.000000e+00
0.000000e+00
0.000000e+00
0.000000e+00
0.000000e+00
0.000000e+00
0.000000e+00
0.000000e+00
0.000000e+00
0.000000e+00
0.000000e+00
0.000000e+00
0.000000e+00
0.000000e+00
0.000000e+00
0.000000e+00
0.000000e+00
0.000000e+00
0.000000e+00
0.000000e+00
0.000000e+00
0.000000e+00
0.000000e+00
0.000000e+00
0.000000e+00
0.000000e+00
0.000000e+00
0.000000e+00
0.000000e+00
0.000000e+00
0.000000e+00
0.000000e+00
0.000000e+00
0.000000e+00
0.000000e+00
0.000000e+00
0.000000e+00
0.000000e+00
0.000000e+00
0.000000e+00
0.000000e+00
0.000000e+00
0.000000e+00
0.000000e+00
0.000000e+00
0.000000e+00
0.000000e+00
0.000000e+00
0.000000e+00
0.000000e+00
0.000000e+00
0.000000e+00
0.000000e+00
0.000000e+00
0.000000e+00
0.000000e+00
0.000000e+00
0.000000e+00
0.000000e+00
0.000000e+00
0.000000e+00
0.000000e+00
0.000000e+00
0.000000e+00
0.000000e+00
0.000000e+00
0.000000e+00
0.000000e+00
0.000000e+00
0.000000e+00
0.000000e+00
0.000000e+00
0.000000e+00
0.000000e+00
0.000000e+00
0.000000e+00
0.000000e+00
0.000000e+00
0.000000e+00
0.000000e+00
0.000000e+00
0.000000e+00
9.185436e-01
8.943640e-01
8.270417e-01
7.306757e-01
6.238765e-01
5.237038e-01
4.425293e-01
3.850763e-01
3.493003e-01
3.290684e-01
3.163794e-01
3.040781e-01
2.869127e-01
2.638257e-01
2.372141e-01
2.125057e-01
1.963977e-01
1.932607e-01
2.035529e-01
2.217053e-01
2.385182e-01
2.444397e-01
2.338303e-01
2.079941e-01
1.739805e-01
1.413768e-01
1.169152e-01
1.010539e-01
8.787142e-02
6.880265e-02
3.834902e-02
-1.903352e-03
-4.247295e-02
-6.929611e-02
-6.940185e-02
-3.602270e-02
2.921998e-02
1.173381e-01
2.161714e-01
3.139473e-01
4.022065e-01
4.765429e-01
5.358641e-01
5.819675e-01
6.193648e-01
6.545064e-01
6.947235e-01
7.453033e-01
8.070565e-01
8.741320e-01
9.357442e-01
9.800501e-01
1.000000e+00
9.968630e-01
9.800853e-01
9.631314e-01
9.565401e-01
9.630609e-01
9.760319e-01
9.834690e-01
9.742343e-01
9.444856e-01
8.991223e-01
8.492122e-01
8.060343e-01
7.755455e-01
7.557717e-01
7.388178e-01
7.159776e-01
6.822460e-01
6.389623e-01
5.921187e-01
5.485883e-01
5.124599e-01
4.830989e-01
4.563110e-01
4.270205e-01
3.925135e-01
3.539177e-01
3.151810e-01
2.816256e-01
2.568468e-01
2.424307e-01
2.369673e-01
2.382362e-01
2.438405e-01
2.520179e-01
2.617461e-01
2.729900e-01
2.857143e-01
2.992492e-01
3.134891e-01
3.277995e-01
3.418279e-01
3.557858e-01
3.700962e-01
3.859222e-01
4.040041e-01
4.245885e-01
4.465123e-01
4.670614e-01
4.826760e-01
4.901836e-01
4.888090e-01
4.800324e-01
4.681893e-01
4.578619e-01
4.521871e-01
4.512002e-01
4.520461e-01
4.498255e-01
4.408022e-01
4.242713e-01
4.028057e-01
3.819746e-01
3.674879e-01
3.634697e-01
3.708012e-01
3.874379e-01
4.091149e-01
4.305100e-01
4.469705e-01
4.545487e-01
4.513059e-01
4.373127e-01
4.146135e-01
3.871207e-01
3.589933e-01
3.334391e-01
3.114800e-01
2.921998e-01
2.747524e-01
2.601600e-01
2.532868e-01
2.625921e-01
2.969229e-01
3.607909e-01
4.508829e-01
5.546861e-01
6.532022e-01
7.269042e-01
7.623982e-01
7.566882e-01
7.174932e-01
6.599344e-01
6.002961e-01
5.513376e-01
5.194036e-01
5.047408e-01
5.047055e-01
5.157027e-01
5.355116e-01
5.626520e-01
5.952205e-01
6.293046e-01
6.595115e-01
6.794614e-01
6.844313e-01
6.727644e-01
6.461175e-01
6.096366e-01
5.697015e-01
5.330091e-01
5.049522e-01
4.893377e-01
4.876106e-01
4.989602e-01
5.205668e-01
5.478482e-01
5.755877e-01
5.988862e-01
6.145007e-01
6.220084e-01
6.235945e-01
6.232068e-01
6.250749e-01
6.324063e-01
6.454831e-01
6.620845e-01
6.775228e-01
6.865461e-01
6.851010e-01
6.715660e-01
6.482676e-01
6.201050e-01
5.938458e-01
5.753763e-01
5.682211e-01
5.722393e-01
5.842586e-01
5.999789e-01
6.152057e-01
6.275775e-01
6.366360e-01
6.423108e-01
6.438969e-01
6.397025e-01
6.271897e-01
6.055832e-01
5.777026e-01
5.502450e-01
5.330443e-01
5.351591e-01
5.613479e-01
6.087907e-01
6.676183e-01
7.240845e-01
7.647245e-01
7.817137e-01
7.747348e-01
7.503437e-01
7.187974e-01
6.894716e-01
6.675478e-01
6.530965e-01
6.416411e-01
6.272955e-01
6.057594e-01
5.754468e-01
5.381552e-01
4.981495e-01
4.604350e-01
4.301928e-01
4.116527e-01
4.084452e-01
4.227556e-01
4.552184e-01
5.042825e-01
5.653660e-01
6.311727e-01
6.926086e-01
7.399810e-01
7.643016e-01
7.592965e-01
7.220754e-01
6.539777e-01
5.610659e-01
4.540904e-01
3.473970e-01
2.569173e-01
1.972437e-01
1.772232e-01
1.975609e-01
2.484932e-01
3.120792e-01
3.670297e-01
3.950513e-01
3.875084e-01
3.479609e-01
2.910719e-01
2.368263e-01
2.026717e-01
1.969969e-01
2.162067e-01
2.469423e-01
2.726376e-01
2.804272e-01
2.660111e-01
2.346058e-01
1.969969e-01
1.642522e-01
1.431744e-01
1.350323e-01
1.375701e-01
1.486024e-01
1.688344e-01
2.012619e-01
2.489514e-01
3.104226e-01
3.779916e-01
4.382292e-01
4.767897e-01
4.836276e-01
4.563815e-01
4.022417e-01
3.337211e-01
2.653414e-01
2.096155e-01
1.746149e-01
1.655211e-01
1.845547e-01
2.313278e-01
3.009763e-01
3.825738e-01
4.586726e-01
5.089352e-01
5.164781e-01
4.753445e-01
3.943463e-01
2.962885e-01
2.104966e-01
1.622079e-01
1.631596e-01
2.069719e-01
2.721793e-01
3.306545e-01
3.583236e-01
3.432731e-01
2.888160e-01
2.107081e-01
1.305558e-01
6.778048e-02
3.373163e-02
2.914948e-02
4.483451e-02
6.489020e-02
7.158718e-02
4.994537e-02
-8.001128e-03
-1.016531e-01
-2.212823e-01
0.000000e+00
0.000000e+00
0.000000e+00
0.000000e+00
0.000000e+00
0.000000e+00
0.000000e+00
0.000000e+00
0.000000e+00
0.000000e+00
0.000000e+00
0.000000e+00
0.000000e+00
0.000000e+00
0.000000e+00
0.000000e+00
0.000000e+00
0.000000e+00
0.000000e+00
0.000000e+00
0.000000e+00
0.000000e+00
0.000000e+00
0.000000e+00
0.000000e+00
0.000000e+00
0.000000e+00
0.000000e+00
0.000000e+00
0.000000e+00
0.000000e+00
0.000000e+00
0.000000e+00
0.000000e+00
0.000000e+00
0.000000e+00
0.000000e+00
0.000000e+00
0.000000e+00
0.000000e+00
0.000000e+00
0.000000e+00
0.000000e+00
0.000000e+00
0.000000e+00
0.000000e+00
0.000000e+00
0.000000e+00
0.000000e+00
0.000000e+00
0.000000e+00
0.000000e+00
0.000000e+00
0.000000e+00
0.000000e+00
0.000000e+00
0.000000e+00
0.000000e+00
0.000000e+00
0.000000e+00
0.000000e+00
0.000000e+00
0.000000e+00
0.000000e+00
0.000000e+00
0.000000e+00
0.000000e+00
0.000000e+00
0.000000e+00
0.000000e+00
0.000000e+00
0.000000e+00
0.000000e+00
0.000000e+00
0.000000e+00
0.000000e+00
0.000000e+00
0.000000e+00
0.000000e+00
0.000000e+00
0.000000e+00
0.000000e+00
0.000000e+00
0.000000e+00
0.000000e+00
0.000000e+00
0.000000e+00
0.000000e+00
0.000000e+00
0.000000e+00
0.000000e+00
0.000000e+00
0.000000e+00
0.000000e+00
0.000000e+00
0.000000e+00
0.000000e+00
0.000000e+00
0.000000e+00
0.000000e+00
0.000000e+00
0.000000e+00
0.000000e+00
0.000000e+00
0.000000e+00
0.000000e+00
0.000000e+00
0.000000e+00
0.000000e+00
0.000000e+00
0.000000e+00
0.000000e+00
0.000000e+00
0.000000e+00
0.000000e+00
0.000000e+00
0.000000e+00
0.000000e+00
0.000000e+00
0.000000e+00
0.000000e+00
0.000000e+00
0.000000e+00
0.000000e+00
0.000000e+00
0.000000e+00
0.000000e+00
0.000000e+00
0.000000e+00
0.000000e+00
0.000000e+00
0.000000e+00
0.000000e+00
0.000000e+00
0.000000e+00
0.000000e+00
0.000000e+00
0.000000e+00
0.000000e+00
0.000000e+00
0.000000e+00
0.000000e+00
0.000000e+00
0.000000e+00
0.000000e+00
0.000000e+00
2.328711e-01
2.610988e-01
3.402179e-01
4.537695e-01
5.760604e-01
6.779306e-01
7.359881e-01
7.417269e-01
7.042939e-01
6.435854e-01
5.780121e-01
5.144488e-01
4.480599e-01
3.716791e-01
2.871126e-01
2.087217e-01
1.560242e-01
1.411676e-01
1.609765e-01
1.990503e-01
2.368038e-01
2.638662e-01
2.804708e-01
2.917443e-01
2.998136e-01
3.007749e-01
2.887148e-01
2.624388e-01
2.290550e-01
2.012643e-01
1.890585e-01
1.936903e-01
2.065661e-01
2.154218e-01
2.126253e-01
2.010021e-01
1.908937e-01
1.919424e-01
2.048765e-01
2.186262e-01
2.177523e-01
1.921755e-01
1.445176e-01
8.768352e-02
3.711256e-02
2.476113e-03
-1.409928e-02
-1.337101e-02
5.360056e-03
4.328828e-02
9.723841e-02
1.550338e-01
1.978851e-01
2.101200e-01
1.872815e-01
1.398567e-01
8.762526e-02
5.016313e-02
3.912258e-02
5.636798e-02
9.528665e-02
1.433524e-01
1.852424e-01
2.060126e-01
1.973899e-01
1.618504e-01
1.148042e-01
7.807038e-02
6.979725e-02
9.517012e-02
1.442554e-01
1.980308e-01
2.395712e-01
2.627010e-01
2.731298e-01
2.822477e-01
2.986483e-01
3.243708e-01
3.568224e-01
3.947798e-01
4.417677e-01
5.016605e-01
5.714286e-01
6.351958e-01
6.688126e-01
6.529072e-01
5.858483e-01
4.879107e-01
3.910510e-01
3.219821e-01
2.885400e-01
2.789851e-01
2.736833e-01
2.594092e-01
2.370077e-01
2.177523e-01
2.134409e-01
2.281228e-01
2.566709e-01
2.891517e-01
3.170881e-01
3.360813e-01
3.438884e-01
3.373631e-01
3.124563e-01
2.673911e-01
2.085178e-01
1.519168e-01
1.181543e-01
1.230191e-01
1.675017e-01
2.371242e-01
3.107376e-01
3.734852e-01
4.269401e-01
4.842694e-01
5.578245e-01
6.445467e-01
7.217432e-01
7.567001e-01
7.239571e-01
6.198730e-01
4.656840e-01
2.985027e-01
1.564612e-01
6.536938e-02
3.233512e-02
4.768702e-02
9.135400e-02
1.414297e-01
1.816010e-01
2.036821e-01
2.065078e-01
1.925833e-01
1.657539e-01
1.323118e-01
1.027150e-01
9.094617e-02
1.077255e-01
1.527907e-01
2.116639e-01
2.630214e-01
2.913948e-01
2.976870e-01
2.975122e-01
3.074749e-01
3.315661e-01
3.566768e-01
3.631438e-01
3.413249e-01
2.995514e-01
2.594675e-01
2.393090e-01
2.413773e-01
2.508448e-01
2.481356e-01
2.234328e-01
1.835819e-01
1.471394e-01
1.315544e-01
1.427115e-01
1.716383e-01
2.000408e-01
2.102074e-01
1.935738e-01
1.539851e-01
1.056281e-01
6.542764e-02
4.608483e-02
5.097879e-02
7.576905e-02
1.136099e-01
1.602773e-01
2.148101e-01
2.749942e-01
3.322652e-01
3.712713e-01
3.761944e-01
3.405675e-01
2.733046e-01
1.963120e-01
1.351666e-01
1.079876e-01
1.205430e-01
1.673852e-01
2.372116e-01
3.184281e-01
4.011303e-01
4.772489e-01
5.395887e-01
5.818574e-01
5.983162e-01
5.841296e-01
5.356560e-01
4.540900e-01
3.472384e-01
2.311524e-01
1.265439e-01
5.211489e-02
1.806106e-02
2.391634e-02
6.123281e-02
1.188825e-01
1.874272e-01
2.611571e-01
3.372466e-01
4.140643e-01
4.907947e-01
5.667677e-01
6.410219e-01
7.120135e-01
7.761011e-01
8.265847e-01
8.523654e-01
8.389070e-01
7.734211e-01
6.536938e-01
4.956304e-01
3.334887e-01
2.070904e-01
1.427989e-01
1.382254e-01
1.638604e-01
1.823293e-01
1.733862e-01
1.488581e-01
1.445759e-01
1.970694e-01
3.195642e-01
4.935038e-01
6.791249e-01
8.346831e-01
9.319215e-01
9.597704e-01
9.200070e-01
8.228851e-01
6.855045e-01
5.314903e-01
3.862445e-01
2.687893e-01
1.836693e-01
1.204847e-01
6.330110e-02
1.369145e-03
-6.324283e-02
-1.185912e-01
-1.527616e-01
-1.622582e-01
-1.536355e-01
-1.369145e-01
-1.168725e-01
-8.940224e-02
-4.710440e-02
1.153577e-02
7.553601e-02
1.255826e-01
1.458576e-01
1.363027e-01
1.137555e-01
1.013167e-01
1.113668e-01
1.368853e-01
1.571021e-01
1.525577e-01
1.178630e-01
6.292240e-02
3.583081e-03
-4.882312e-02
-8.981007e-02
-1.166395e-01
-1.248543e-01
-1.099685e-01
-7.480774e-02
-3.210207e-02
3.437427e-03
2.557679e-02
4.191913e-02
6.601025e-02
1.029772e-01
1.415463e-01
1.620543e-01
1.536064e-01
1.267187e-01
1.089198e-01
1.250874e-01
1.785132e-01
2.456887e-01
2.911909e-01
2.895595e-01
2.404451e-01
1.672396e-01
1.017828e-01
6.638895e-02
6.420415e-02
8.159520e-02
9.846190e-02
9.948147e-02
7.984735e-02
4.509438e-02
7.166162e-03
-1.887672e-02
-1.800280e-02
2.047891e-02
9.852016e-02
2.034782e-01
3.089024e-01
3.830983e-01
4.036646e-01
3.687952e-01
2.994349e-01
2.278606e-01
1.828536e-01
1.788336e-01
2.135283e-01
2.731007e-01
3.379457e-01
3.871475e-01
4.043347e-01
3.850501e-01
3.439758e-01
3.119611e-01
3.216616e-01
3.881962e-01
4.979900e-01
6.145129e-01
6.991377e-01
7.305698e-01
7.111687e-01
6.599278e-01
5.992193e-01
5.478618e-01
5.205954e-01
5.282277e-01
5.730890e-01
6.414297e-01
7.049056e-01
7.327255e-01
7.095374e-01
6.448380e-01
5.635633e-01
4.868038e-01
4.170939e-01
3.415870e-01
2.506991e-01
1.552668e-01
8.622699e-02
7.506991e-02
1.296900e-01
2.257924e-01
3.183990e-01
3.687369e-01
3.652121e-01
3.265847e-01
2.880739e-01
2.798007e-01
3.131263e-01
3.780879e-01
4.513517e-01
5.068457e-01
5.240037e-01
4.933291e-01
4.192787e-01
3.194186e-01
2.200536e-01
1.459159e-01
1.098229e-01
1.071720e-01
1.207469e-01
1.333314e-01
1.392741e-01
1.471394e-01
1.698905e-01
2.108774e-01
2.567875e-01
2.836751e-01
2.742368e-01
2.320846e-01
1.824458e-01
1.575973e-01
1.761536e-01
2.303950e-01
2.911909e-01
3.268760e-01
3.234386e-01
2.925891e-01
2.623806e-01
2.569040e-01
2.784899e-01
3.052027e-01
3.064554e-01
2.662258e-01
1.981764e-01
1.404393e-01
1.315544e-01
1.836402e-01
2.713820e-01
3.466267e-01
3.685038e-01
3.292647e-01
2.576614e-01
1.979434e-01
1.802319e-01
2.043230e-01
2.456887e-01
2.777033e-01
2.920648e-01
3.013575e-01
3.259730e-01
3.749709e-01
4.369028e-01
4.863377e-01
4.987765e-01
4.653053e-01
3.966150e-01
3.170881e-01
2.530296e-01
2.219762e-01
2.258506e-01
2.512818e-01
2.775868e-01
2.871417e-01
2.754311e-01
2.525926e-01
2.348229e-01
2.328711e-01
2.431251e-01
2.513109e-01
2.438243e-01
2.188010e-01
1.877767e-01
1.667152e-01
1.644722e-01
1.781053e-01
1.968364e-01
2.123922e-01
2.252680e-01
2.423969e-01
2.707702e-01
3.103589e-01
3.537346e-01
3.904684e-01
4.135691e-01
4.224540e-01
4.221044e-01
4.187252e-01
4.165113e-01
4.170648e-01
4.212596e-01
4.310767e-01
4.470986e-01
4.650722e-01
4.722093e-01
4.524878e-01
3.986250e-01
3.233803e-01
2.612153e-01
2.539035e-01
3.265847e-01
4.697332e-01
6.395654e-01
7.783733e-01
8.414997e-01
8.135924e-01
7.097996e-01
5.626311e-01
4.080634e-01
2.773246e-01
1.916803e-01
1.592577e-01
1.708518e-01
2.007691e-01
2.172570e-01
1.983803e-01
1.441680e-01
7.472034e-02
1.602191e-02
-1.642974e-02
-2.426591e-02
-1.948846e-02
-1.249709e-02
-5.971801e-03
2.476113e-03
1.334188e-02
2.301328e-02
2.741203e-02
2.790725e-02
3.055814e-02
4.095782e-02
5.782452e-02
7.442904e-02
8.514915e-02
9.152878e-02
1.007341e-01
1.184456e-01
1.421871e-01
1.623747e-01
1.690748e-01
1.590830e-01
1.372640e-01
1.117164e-01
8.879049e-02
7.221510e-02
6.414589e-02
6.700070e-02
8.281869e-02
1.115999e-01
1.522372e-01
2.037113e-01
2.660510e-01
3.374796e-01
4.103356e-01
4.704906e-01
5.026800e-01
4.997961e-01
4.692962e-01
4.311641e-01
4.074808e-01
4.097821e-01
4.316302e-01
4.514682e-01
4.445059e-01
3.974889e-01
3.185155e-01
2.347938e-01
1.795327e-01
1.740853e-01
2.161501e-01
2.831216e-01
3.470345e-01
3.921289e-01
4.225122e-01
4.536821e-01
4.958926e-01
5.419774e-01
5.699429e-01
5.573584e-01
4.974656e-01
4.053542e-01
3.107959e-01
2.429504e-01
2.175192e-01
2.320555e-01
2.691680e-01
3.047658e-01
3.168842e-01
2.938418e-01
2.399790e-01
1.751923e-01
1.274470e-01
1.191156e-01
1.536646e-01
2.111105e-01
2.584479e-01
2.683232e-01
2.372116e-01
1.891459e-01
1.626952e-01
1.878641e-01
2.674202e-01
3.760196e-01
4.768411e-01
5.435213e-01
5.739921e-01
5.845665e-01
5.920531e-01
5.982289e-01
5.863726e-01
5.347238e-01
4.343393e-01
2.985901e-01
1.580634e-01
4.608483e-02
-1.628408e-02
-2.589723e-02
5.942671e-03
6.268935e-02
1.291366e-01
1.945059e-01
2.521265e-01
2.971918e-01
3.256817e-01
3.342170e-01
3.210207e-01
2.886565e-01
2.455430e-01
2.063622e-01
1.873980e-01
1.994582e-01
2.400955e-01
2.923561e-01
3.309835e-01
3.359648e-01
3.042414e-01
2.533792e-01
2.134701e-01
2.100035e-01
2.499126e-01
3.174377e-01
3.825740e-01
4.168026e-01
4.059951e-01
3.556281e-01
2.857725e-01
2.206362e-01
1.796784e-01
1.710848e-01
1.925251e-01
2.352890e-01
2.897052e-01
3.493649e-01
4.096073e-01
4.639944e-01
5.016313e-01
5.101375e-01
4.831042e-01
4.273771e-01
3.620368e-01
3.092519e-01
2.820147e-01
2.788103e-01
2.869086e-01
2.932883e-01
2.919191e-01
2.850734e-01
2.776451e-01
2.726055e-01
2.718772e-01
2.788977e-01
2.994640e-01
3.382953e-01
3.920415e-01
4.468073e-01
4.834537e-01
4.880855e-01
4.617513e-01
4.214635e-01
3.909054e-01
3.858949e-01
4.034899e-01
4.232696e-01
4.203274e-01
3.829236e-01
3.224773e-01
2.680028e-01
2.472617e-01
2.681776e-01
3.130680e-01
3.512876e-01
3.599977e-01
3.398392e-01
3.116989e-01
3.004544e-01
3.160685e-01
3.481415e-01
3.739222e-01
3.747087e-01
3.470636e-01
3.028432e-01
2.613610e-01
2.376194e-01
2.336577e-01
2.372116e-01
2.259089e-01
1.797658e-01
9.438359e-02
-1.293405e-02
-1.106094e-01
-1.721627e-01
-1.939233e-01
-1.950886e-01
-1.980016e-01
-2.035073e-01
-1.832615e-01
-9.892799e-02
6.545677e-02
2.851025e-01
5.051853e-01
6.733279e-01
7.674493e-01
7.974540e-01
7.867047e-01
7.510778e-01
6.944477e-01
6.196982e-01
5.380156e-01
4.648683e-01
4.074225e-01
3.577546e-01
3.026392e-01
2.389595e-01
1.820962e-01
1.548881e-01
1.687252e-01
2.135866e-01
2.653228e-01
3.040958e-01
3.260312e-01
3.400431e-01
3.542298e-01
3.658238e-01
3.628525e-01
3.351200e-01
2.848695e-01
2.279480e-01
1.861163e-01
1.759788e-01
2.013808e-01
2.507283e-01
3.024936e-01
3.338091e-01
3.309835e-01
2.965218e-01
2.478443e-01
2.082557e-01
1.938651e-01
2.054591e-01
2.310068e-01
2.564670e-01
2.761885e-01
2.972501e-01
3.320613e-01
3.883419e-01
4.628000e-01
5.422396e-01
6.110755e-01
6.586460e-01
6.815719e-01
6.834363e-01
6.726870e-01
6.602482e-01
6.576847e-01
6.723666e-01
7.029539e-01
7.389012e-01
7.662841e-01
7.763051e-01
7.696050e-01
7.532044e-01
7.319972e-01
7.029539e-01
6.584421e-01
5.956362e-01
5.234794e-01
4.603531e-01
4.235609e-01
4.180844e-01
4.348928e-01
4.586052e-01
4.787346e-01
4.951060e-01
5.139536e-01
5.392100e-01
5.666803e-01
5.861979e-01
5.900722e-01
5.778082e-01
5.552901e-01
5.270625e-01
4.901538e-01
4.358541e-01
3.601433e-01
2.731589e-01
1.995747e-01
1.660161e-01
1.833780e-01
2.382021e-01
2.996679e-01
3.378583e-01
3.408296e-01
3.195059e-01
2.985027e-01
3.001340e-01
3.320904e-01
3.835353e-01
4.297949e-01
4.432825e-01
4.067816e-01
3.235842e-01
2.186845e-01
1.277674e-01
7.903169e-02
7.809951e-02
1.082207e-01
1.434689e-01
1.672687e-01
1.786297e-01
1.865533e-01
1.964286e-01
2.032452e-01
1.962247e-01
1.685213e-01
1.231065e-01
6.979725e-02
1.791540e-02
-2.694593e-02
-6.038802e-02
-7.454556e-02
-5.864018e-02
-5.855278e-03
7.885691e-02
1.766488e-01
2.619145e-01
3.139711e-01
3.272256e-01
3.131554e-01
2.933174e-01
2.868795e-01
2.987066e-01
3.158355e-01
3.153111e-01
2.786938e-01
2.057504e-01
1.169599e-01
4.293871e-02
7.253554e-03
1.395362e-02
4.786180e-02
8.497436e-02
1.061524e-01
1.037054e-01
8.028432e-02
4.442438e-02
6.467024e-03
-2.234328e-02
-3.216034e-02
-1.878933e-02
1.270100e-02
4.826963e-02
7.192379e-02
7.402121e-02
5.435796e-02
1.905150e-02
-2.680028e-02
-8.165346e-02
-1.430319e-01
-2.010895e-01
-2.385516e-01
-2.391051e-01
-1.989338e-01
-1.314379e-01
-5.878583e-02
2.505244e-03
5.080401e-02
9.621883e-02
1.485668e-01
2.081391e-01
2.649441e-01
3.072419e-01
3.278956e-01
3.240212e-01
2.935505e-01
2.334829e-01
1.467315e-01
4.885225e-02
-3.221860e-02
-6.834071e-02
-4.678397e-02
2.170240e-02
1.088616e-01
1.839315e-01
2.277150e-01
2.353472e-01
2.133244e-01
1.730948e-01
1.280296e-01
9.141226e-02
7.224423e-02
7.026334e-02
7.472034e-02
7.067117e-02
4.963878e-02
1.625495e-02
-1.494407e-02
-3.064554e-02
-2.962596e-02
-2.269285e-02
-2.307155e-02
-3.437427e-02
-4.692962e-02
-4.445351e-02
-1.573060e-02
3.623864e-02
9.621883e-02
1.444593e-01
1.664239e-01
1.577721e-01
1.225239e-01
6.947681e-02
9.700536e-03
-4.410394e-02
-7.772081e-02
-7.827430e-02
-4.025868e-02
2.965509e-02
1.132603e-01
1.883302e-01
2.390177e-01
2.616814e-01
2.631088e-01
2.509322e-01
2.259963e-01
1.823002e-01
1.155616e-01
3.417036e-02
-3.737474e-02
-6.720461e-02
-3.312165e-02
6.201934e-02
1.877767e-01
2.987066e-01
3.563855e-01
3.477045e-01
2.903461e-01
2.206653e-01
1.739396e-01
1.659869e-01
1.887672e-01
2.195292e-01
2.365999e-01
2.324924e-01
2.161210e-01
2.070322e-01
2.248310e-01
2.809368e-01
3.736891e-01
4.878525e-01
5.973549e-01
6.726288e-01
6.903402e-01
6.437893e-01
5.471918e-01
4.311641e-01
3.295560e-01
2.663132e-01
2.490969e-01
2.717024e-01
3.231764e-01
3.943428e-01
4.787928e-01
5.689816e-01
6.525868e-01
7.143731e-01
7.410277e-01
7.271324e-01
6.770858e-01
6.018993e-01
5.159054e-01
4.317175e-01
3.576089e-01
2.946866e-01
2.362503e-01
1.730948e-01
1.004428e-01
2.613027e-02
-3.116989e-02
-5.231881e-02
-3.213120e-02
1.526451e-02
6.467024e-02
9.729667e-02
1.123281e-01
1.232522e-01
1.441389e-01
1.757749e-01
2.072943e-01
2.275693e-01
2.361629e-01
2.421056e-01
2.531170e-01
2.663715e-01
2.705372e-01
2.593218e-01
2.413482e-01
2.370368e-01
2.628758e-01
3.176416e-01
3.810592e-01
4.272314e-01
4.426707e-01
4.329410e-01
4.160161e-01
4.066069e-01
4.033151e-01
3.892158e-01
3.437718e-01
2.593218e-01
1.503146e-01
4.856094e-02
-1.351666e-02
-2.295502e-02
5.330925e-03
3.801561e-02
4.553134e-02
2.266371e-02
-8.477045e-03
-1.436145e-02
2.516896e-02
1.028024e-01
1.878350e-01
2.469704e-01
2.644780e-01
2.493300e-01
2.258215e-01
2.154801e-01
2.237532e-01
2.385225e-01
2.406490e-01
2.179562e-01
1.747553e-01
1.299814e-01
1.068807e-01
1.180086e-01
1.577430e-01
2.067117e-01
2.449604e-01
2.662550e-01
2.818690e-01
3.110580e-01
3.652412e-01
4.367863e-01
5.026218e-01
5.389478e-01
5.372000e-01
5.084188e-01
4.744232e-01
4.525169e-01
4.470403e-01
4.525460e-01
4.646935e-01
4.865125e-01
5.246737e-01
5.782743e-01
6.321079e-01
6.608891e-01
6.430319e-01
5.730016e-01
4.628000e-01
3.342752e-01
2.086344e-01
1.024237e-01
2.790725e-02
-6.437893e-03
6.700070e-04
3.819040e-02
8.456653e-02
1.186495e-01
1.322536e-01
1.336810e-01
1.381962e-01
1.520333e-01
1.656665e-01
1.617630e-01
1.322827e-01
8.960615e-02
5.992193e-02
6.420415e-02
1.005593e-01
1.444302e-01
1.659578e-01
1.527616e-01
1.184165e-01
9.138313e-02
9.249010e-02
1.192904e-01
1.502855e-01
1.637730e-01
1.565195e-01
1.455372e-01
1.525868e-01
1.846306e-01
2.269867e-01
2.560301e-01
2.587101e-01
2.424260e-01
2.283267e-01
2.321429e-01
2.511944e-01
2.683815e-01
2.666919e-01
2.439991e-01
2.139070e-01
1.950012e-01
1.981182e-01
2.228210e-01
2.633419e-01
3.147868e-01
3.749126e-01
4.397285e-01
4.998252e-01
5.419774e-01
5.576206e-01
5.466383e-01
5.157597e-01
4.711897e-01
4.138021e-01
3.414997e-01
2.564088e-01
1.679678e-01
8.718830e-02
1.806106e-02
-4.576439e-02
-1.122699e-01
-1.792997e-01
-2.299289e-01
-2.428921e-01
-2.095083e-01
-1.410802e-01
-6.003845e-02
1.910976e-02
9.962713e-02
1.946807e-01
3.085528e-01
4.258040e-01
5.204206e-01
5.772547e-01
6.053950e-01
6.308844e-01
6.726870e-01
7.235784e-01
7.532626e-01
7.302785e-01
6.471685e-01
5.272955e-01
4.106560e-01
3.298765e-01
2.945992e-01
2.914530e-01
2.979201e-01
2.986192e-01
2.940457e-01
2.981240e-01
3.266430e-01
3.829236e-01
4.498077e-01
4.928921e-01
4.778315e-01
3.919832e-01
2.557096e-01
1.167269e-01
2.403286e-02
1.660452e-03
3.600559e-02
8.678047e-02
1.129690e-01
9.630622e-02
4.812398e-02
-2.243067e-03
-2.720811e-02
-1.637148e-02
2.053717e-02
6.085411e-02
8.159520e-02
7.026334e-02
3.035423e-02
-2.094500e-02
-6.207760e-02
-7.926474e-02
-7.425425e-02
-6.199021e-02
-5.922279e-02
-7.189466e-02
-9.077138e-02
-9.924843e-02
-8.631438e-02
-5.415404e-02
-1.479842e-02
1.940107e-02
4.384176e-02
6.117455e-02
7.419599e-02
8.206129e-02
8.016779e-02
6.740853e-02
4.926008e-02
3.577255e-02
3.454906e-02
4.439525e-02
5.520275e-02
5.319273e-02
2.991727e-02
-1.293405e-02
-6.373806e-02
-1.081624e-01
-1.366814e-01
-1.502564e-01
-1.586751e-01
-1.727744e-01
-1.959916e-01
-2.217141e-01
-2.373281e-01
-2.317642e-01
-2.016138e-01
-1.504894e-01
-8.666395e-02
-2.164414e-02
3.035423e-02
5.377534e-02
3.728735e-02
-1.701235e-02
-8.951876e-02
-1.495863e-01
-1.702692e-01
-1.434689e-01
-8.439175e-02
-2.365416e-02
8.680960e-03
-3.612212e-03
-5.706712e-02
-1.327196e-01
-2.060417e-01
-2.569622e-01
-2.773246e-01
-2.711780e-01
-2.480774e-01
-2.123631e-01
-1.567525e-01
-6.606852e-02
6.973899e-02
2.418143e-01
4.195992e-01
5.627767e-01
6.413715e-01
6.501398e-01
6.070263e-01
5.386856e-01
4.631205e-01
3.830983e-01
2.930261e-01
1.917094e-01
8.992659e-02
5.651363e-03
-4.652179e-02
-6.484502e-02
-5.983454e-02
-4.593918e-02
-3.352948e-02
-2.601375e-02
-2.350851e-02
-2.767420e-02
-4.218131e-02
-6.903985e-02
-1.050454e-01
-1.417793e-01
-1.689000e-01
-1.782801e-01
-1.664239e-01
-1.352249e-01
-9.254836e-02
-5.156141e-02
-2.688767e-02
-2.726637e-02
-4.879399e-02
-7.372990e-02
-7.871126e-02
-4.806572e-02
1.779888e-02
1.025111e-01
1.830284e-01
2.393381e-01
2.597879e-01
2.409986e-01
1.873398e-01
1.103472e-01
2.939292e-02
-3.428688e-02
-6.705896e-02
-7.005943e-02
-5.881496e-02
-5.147402e-02
-5.558145e-02
-6.193195e-02
-5.228968e-02
-1.430319e-02
4.736658e-02
1.126194e-01
1.587334e-01
1.745223e-01
1.656374e-01
1.484502e-01
1.377301e-01
1.391284e-01
1.498777e-01
1.660743e-01
1.878641e-01
2.178979e-01
2.556805e-01
2.935213e-01
3.190981e-01
3.228851e-01
3.046784e-01
2.729259e-01
2.375612e-01
2.027499e-01
1.650256e-01
1.174551e-01
5.730016e-02
-9.758797e-03
-7.078770e-02
-1.109007e-01
-1.210382e-01
-1.035306e-01
-7.166162e-02
-4.422046e-02
-3.478210e-02
-4.218131e-02
-4.893964e-02
-2.997553e-02
3.183990e-02
1.340597e-01
2.563505e-01
3.723491e-01
4.653344e-01
5.334421e-01
5.824691e-01
6.140177e-01
6.201060e-01
5.889361e-01
5.177115e-01
4.202692e-01
3.228268e-01
2.506117e-01
2.158588e-01
2.150140e-01
2.361046e-01
2.691098e-01
3.100385e-01
3.567642e-01
4.023246e-01
4.329410e-01
4.337567e-01
4.004311e-01
3.450536e-01
2.919774e-01
2.651189e-01
2.738872e-01
3.108832e-01
3.602598e-01
4.111804e-01
4.640527e-01
5.251981e-01
5.939466e-01
6.561116e-01
6.895828e-01
6.790667e-01
6.275926e-01
5.546784e-01
4.842403e-01
4.312223e-01
3.975181e-01
3.780879e-01
3.692321e-01
3.703391e-01
3.802727e-01
3.932067e-01
4.005768e-01
3.972268e-01
3.860405e-01
3.756117e-01
3.726113e-01
3.765439e-01
3.808553e-01
3.788744e-01
3.698439e-01
3.578420e-01
3.485202e-01
3.445875e-01
3.454614e-01
3.489280e-01
3.525111e-01
3.532976e-01
3.469180e-01
3.293521e-01
3.002505e-01
2.642158e-01
2.294337e-01
2.030412e-01
1.884759e-01
1.862911e-01
1.965160e-01
2.190923e-01
2.508739e-01
2.816651e-01
2.957644e-01
2.800921e-01
2.350268e-01
1.787171e-01
1.393323e-01
1.395654e-01
1.835528e-01
2.561757e-01
3.337800e-01
3.992950e-01
4.484677e-01
4.842403e-01
5.064670e-01
5.052435e-01
4.649266e-01
3.754078e-01
2.410277e-01
8.238173e-02
-6.982638e-02
-1.835528e-01
-2.331624e-01
-2.046143e-01
-9.986017e-02
6.207760e-02
2.485435e-01
4.236775e-01
5.610289e-01
6.520625e-01
7.049347e-01
7.342694e-01
7.495922e-01
7.507574e-01
7.306572e-01
6.839897e-01
6.136099e-01
5.307621e-01
4.509438e-01
3.878175e-01
3.500932e-01
3.400722e-01
3.535306e-01
3.805057e-01
4.068982e-01
4.197157e-01
4.151422e-01
4.027616e-01
4.015090e-01
4.277849e-01
4.801328e-01
5.361221e-01
5.632137e-01
5.409869e-01
4.754428e-01
3.961489e-01
3.352948e-01
3.072710e-01
3.036006e-01
3.082323e-01
3.171755e-01
3.447332e-01
4.099860e-01
5.159636e-01
6.394197e-01
7.425425e-01
7.954731e-01
7.920357e-01
7.486600e-01
6.889420e-01
6.290492e-01
5.747786e-01
5.275285e-01
4.909112e-01
4.703158e-01
4.670240e-01
4.741319e-01
4.787928e-01
4.706653e-01
4.477686e-01
4.157248e-01
3.830692e-01
3.554824e-01
3.355278e-01
3.248369e-01
3.263808e-01
3.422279e-01
3.699604e-01
4.004311e-01
4.213470e-01
4.242601e-01
4.101317e-01
3.881962e-01
3.687660e-01
3.571137e-01
3.514915e-01
3.475588e-01
3.441214e-01
3.438592e-01
3.505010e-01
3.642508e-01
3.818166e-01
3.993824e-01
4.155209e-01
4.304649e-01
4.431077e-01
4.480016e-01
4.391168e-01
4.142391e-01
3.776218e-01
3.388196e-01
3.060184e-01
2.831216e-01
2.693428e-01
2.617688e-01
2.571953e-01
2.506117e-01
2.338616e-01
1.975064e-01
1.367397e-01
5.721277e-02
-2.470287e-02
-8.797483e-02
-1.171347e-01
-1.100851e-01
-7.748777e-02
-3.577255e-02
1.485668e-03
2.898509e-02
4.917269e-02
6.769984e-02
8.899441e-02
1.148916e-01
1.441972e-01
1.740270e-01
1.995747e-01
2.146353e-01
2.145188e-01
1.996330e-01
1.766488e-01
1.556455e-01
1.437893e-01
1.419832e-01
1.468481e-01
1.580634e-01
1.834363e-01
2.352598e-01
3.196225e-01
4.267945e-01
5.303834e-01
5.995106e-01
6.141634e-01
5.747495e-01
4.994756e-01
4.119086e-01
3.281869e-01
2.515731e-01
1.761536e-01
9.691797e-02
1.814845e-02
-4.273479e-02
-6.035889e-02
-1.249709e-02
1.072302e-01
2.828303e-01
4.794046e-01
6.571021e-01
7.865591e-01
8.578420e-01
8.783792e-01
8.634060e-01
8.271965e-01
7.800629e-01
7.298707e-01
6.840771e-01
6.469937e-01
6.162316e-01
5.832557e-01
5.390061e-01
4.816768e-01
4.195118e-01
3.661734e-01
3.322361e-01
3.194477e-01
3.218947e-01
3.314787e-01
3.425775e-01
3.533267e-01
3.636390e-01
3.745339e-01
3.884293e-01
4.094034e-01
4.403402e-01
4.792007e-01
5.179154e-01
5.460266e-01
5.583197e-01
5.580867e-01
5.552027e-01
5.577954e-01
5.666220e-01
5.757691e-01
5.789443e-01
5.762351e-01
5.740795e-01
5.788569e-01
5.911501e-01
6.042589e-01
6.100268e-01
6.061524e-01
5.975880e-01
5.930727e-01
5.985493e-01
6.129107e-01
6.291366e-01
6.391284e-01
6.374971e-01
6.233687e-01
5.991902e-01
5.688068e-01
5.349569e-01
4.972617e-01
4.540026e-01
4.051794e-01
3.577546e-01
3.265556e-01
3.288569e-01
3.746504e-01
4.587800e-01
5.622524e-01
6.610930e-01
7.377651e-01
7.860056e-01
8.062806e-01
7.968131e-01
7.485435e-01
6.479259e-01
4.855512e-01
2.648275e-01
3.379166e-03
-2.700711e-01
0.000000e+00
0.000000e+00
0.000000e+00
0.000000e+00
0.000000e+00
0.000000e+00
0.000000e+00
0.000000e+00
0.000000e+00
0.000000e+00
0.000000e+00
0.000000e+00
0.000000e+00
0.000000e+00
0.000000e+00
0.000000e+00
0.000000e+00
0.000000e+00
0.000000e+00
0.000000e+00
0.000000e+00
0.000000e+00
0.000000e+00
0.000000e+00
0.000000e+00
0.000000e+00
0.000000e+00
0.000000e+00
0.000000e+00
0.000000e+00
0.000000e+00
0.000000e+00
0.000000e+00
0.000000e+00
0.000000e+00
0.000000e+00
0.000000e+00
0.000000e+00
0.000000e+00
