0.012000 1
0.040000 1
0.064000 1
0.160000 2
0.228000 2
0.328000 2
0.388000 2
0.424000 2
0.520000 2
0.572000 2
0.636000 2
0.668000 2
0.704000 1
0.788000 2
0.824000 2
0.892000 1
0.948000 2
0.996000 2
1.036000 2
1.080000 2
1.128000 2
1.180000 2
1.244000 2
1.288000 2
1.344000 2
1.372000 1
1.924000e+00 -1
1.976000 1
2.028000 2
2.072000 1
2.108000 1
2.160000 1
2.204000 2
2.264000 2
2.324000 1
2.444000 1
2.480000 1
2.548000 1
2.636000 2
2.668000 2
2.712000 2
2.776000 1
2.864000 1
2.944000 1
2.980000 1
3.096000 1
3.180000 1
3.204000 1
3.248000 1
3.296000 1
3.404000 2
3.428000 1
3.440000 1
3.548000e+00 -1
