9.200000e-02 -1
0.172000 2
0.212000 2
0.284000 2
0.348000 1
0.372000 1
0.460000 1
0.496000 2
0.528000 2
0.572000 2
0.608000 2
0.644000 2
0.676000 2
0.712000 1
0.756000 1
0.852000 1
0.908000 2
0.960000 2
1.008000 2
1.040000 2
1.068000 2
1.112000 1
1.164000 1
1.208000 2
1.240000 2
1.272000 2
1.312000 2
1.352000 2
1.392000 1
1.448000 2
1.480000 2
1.532000 1
1.576000 1
1.620000 1
1.652000 1
1.696000 1
1.748000 1
2.200000e+00 -1
2.252000 1
2.288000 2
2.332000 2
2.364000 1
2.488000 1
2.540000 2
2.560000 2
2.592000 1
2.628000 2
2.660000 2
2.728000 2
2.756000 2
2.796000 2
2.840000 1
2.900000 1
3.000000 1
3.076000 2
3.104000 1
3.152000 2
3.188000 2
3.244000 2
3.272000 2
3.296000 2
3.324000 2
3.372000 2
3.404000 1
3.444000 1
3.488000 2
3.532000 1
3.560000 2
3.592000 1
3.640000 2
3.680000 1
3.756000 2
3.788000 2
3.804000 2
3.840000 1
3.888000 2
3.912000 2
3.972000 2
4.020000 1
4.032000 1
4.068000 1
4.096000 1
4.128000 1
4.200000 1
4.240000 2
4.248000 1
4.596000e+00 -1
4.636000 2
4.660000 2
4.700000 1
4.724000 1
4.768000 1
4.864000 1
4.912000 2
4.968000 1
5.004000 2
5.036000 2
5.060000 2
5.128000 1
5.152000 1
5.228000 1
5.284000 2
5.324000 2
5.380000 2
5.424000 1
5.456000 1
5.476000 1
5.616000e+00 -1
5.672000 2
5.704000 2
5.724000 2
5.748000 2
5.768000 2
5.788000 2
5.812000 2
5.848000 2
5.868000 2
5.912000 2
5.972000 2
6.008000 2
6.032000 2
6.052000 2
6.088000 2
6.112000 2
6.124000 1
6.228000e+00 -1
6.348000 1
6.364000 1
6.712000e+00 -1
6.788000 2
6.820000 1
6.836000 2
6.864000 2
6.896000 2
6.944000 2
7.000000 2
7.036000 1
7.080000 2
7.128000 2
7.156000 2
7.172000 2
7.216000 2
7.244000 2
7.268000 2
7.296000 2
7.352000 1
7.388000 2
7.420000 2
7.480000 1
7.520000 2
7.556000 2
7.592000 2
7.636000 2
7.692000 1
7.756000 1
7.804000 2
7.868000 2
7.896000 2
7.928000 2
7.952000 2
8.028000 1
8.056000 1
8.092000 1
8.168000 1
8.268000 2
8.300000 2
8.316000 2
8.360000 1
8.392000 1
8.428000 1
8.544000e+00 -1
