
0.000000e+00
0.000000e+00
0.000000e+00
0.000000e+00
0.000000e+00
0.000000e+00
0.000000e+00
0.000000e+00
0.000000e+00
0.000000e+00
0.000000e+00
0.000000e+00
0.000000e+00
0.000000e+00
0.000000e+00
0.000000e+00
0.000000e+00
0.000000e+00
0.000000e+00
0.000000e+00
0.000000e+00
0.000000e+00
0.000000e+00
0.000000e+00
0.000000e+00
0.000000e+00
0.000000e+00
0.000000e+00
0.000000e+00
1.000000e+00
9.882495e-01
9.549786e-01
9.055407e-01
8.473233e-01
7.878480e-01
7.333779e-01
6.877677e-01
6.521413e-01
6.256692e-01
6.062634e-01
5.915150e-01
5.794700e-01
5.687099e-01
5.583779e-01
5.479122e-01
5.369111e-01
5.247859e-01
5.107602e-01
4.938972e-01
4.737420e-01
4.500535e-01
4.235011e-01
3.957709e-01
3.693790e-01
3.477784e-01
3.339400e-01
3.301660e-01
3.373662e-01
3.547109e-01
3.800589e-01
4.104925e-01
4.432013e-01
4.753480e-01
5.048983e-01
5.296842e-01
5.476713e-01
5.570664e-01
5.576017e-01
5.510171e-01
5.419433e-01
5.376338e-01
5.459315e-01
5.725910e-01
6.186831e-01
6.786670e-01
7.411670e-01
7.916756e-01
8.162741e-01
8.063437e-01
7.608672e-01
6.869111e-01
5.974572e-01
5.078694e-01
4.319325e-01
3.790150e-01
3.527837e-01
3.518469e-01
3.712527e-01
4.036135e-01
4.409797e-01
4.753212e-01
4.994647e-01
5.081906e-01
4.992505e-01
4.741167e-01
4.384904e-01
4.006156e-01
3.696734e-01
3.528640e-01
3.531049e-01
3.683351e-01
3.920503e-01
4.154443e-01
4.302463e-01
4.310225e-01
4.165685e-01
3.900696e-01
3.576285e-01
3.271949e-01
3.058887e-01
2.990364e-01
3.089668e-01
3.347698e-01
3.725107e-01
4.161403e-01
4.587794e-01
4.945664e-01
5.201017e-01
5.354657e-01
5.440578e-01
5.516060e-01
5.642398e-01
5.862152e-01
6.186028e-01
6.588062e-01
7.014989e-01
7.402570e-01
7.696199e-01
7.864561e-01
7.902837e-01
7.831103e-01
7.680407e-01
7.486884e-01
7.283994e-01
7.105193e-01
6.982602e-01
6.952623e-01
7.043630e-01
7.270610e-01
7.619111e-01
8.040953e-01
8.456370e-01
8.772216e-01
8.905246e-01
8.805942e-01
8.474304e-01
7.961188e-01
7.346895e-01
6.718415e-01
6.138383e-01
5.631692e-01
5.181210e-01
4.747323e-01
4.289882e-01
3.789347e-01
3.257227e-01
2.734743e-01
2.273287e-01
1.916756e-01
1.683619e-01
1.563704e-01
1.528105e-01
1.540953e-01
1.576552e-01
1.626338e-01
1.699143e-01
1.813437e-01
1.982869e-01
2.214400e-01
2.497859e-01
2.815043e-01
3.143469e-01
3.461724e-01
3.752677e-01
4.002944e-01
4.204229e-01
4.356263e-01
4.470021e-01
4.570128e-01
4.693522e-01
4.880086e-01
5.159529e-01
5.537206e-01
5.982334e-01
6.435225e-01
6.818255e-01
7.060493e-01
7.114561e-01
6.975642e-01
6.673983e-01
6.262580e-01
5.795771e-01
5.313704e-01
4.833779e-01
4.357334e-01
3.888919e-01
3.443790e-01
3.061831e-01
2.798180e-01
2.702355e-01
2.798983e-01
3.069325e-01
3.446467e-01
3.831906e-01
4.121520e-01
4.234743e-01
4.142934e-01
3.878480e-01
3.525428e-01
3.194058e-01
2.989293e-01
2.979390e-01
3.171574e-01
3.512313e-01
3.904711e-01
4.236081e-01
4.414347e-01
4.398019e-01
4.205567e-01
3.915150e-01
3.632762e-01
3.461724e-01
3.470289e-01
3.668094e-01
4.009904e-01
4.409529e-01
4.774090e-01
5.031049e-01
5.147216e-01
5.137313e-01
5.045771e-01
4.933619e-01
4.853319e-01
4.838330e-01
4.895610e-01
5.013919e-01
5.169968e-01
5.335118e-01
5.483137e-01
5.592880e-01
5.654176e-01
5.668362e-01
5.650696e-01
5.630353e-01
5.638383e-01
5.696467e-01
5.807548e-01
5.942987e-01
6.052463e-01
6.079764e-01
5.977516e-01
5.728854e-01
5.353854e-01
4.900696e-01
4.429604e-01
3.999465e-01
3.650696e-01
3.408994e-01
3.291488e-01
3.313972e-01
3.490632e-01
3.824143e-01
4.292024e-01
4.830567e-01
5.346360e-01
5.734743e-01
5.914882e-01
5.868308e-01
5.652837e-01
5.393469e-01
5.246253e-01
5.342345e-01
5.744914e-01
6.427998e-01
7.284797e-01
8.161938e-01
8.907655e-01
9.410064e-01
9.618844e-01
9.539882e-01
9.223233e-01
8.741167e-01
8.172912e-01
7.600375e-01
7.104657e-01
6.764454e-01
6.638116e-01
6.752409e-01
7.083779e-01
7.557816e-01
8.059154e-01
8.457709e-01
8.640257e-01
8.536938e-01
8.133565e-01
7.467880e-01
6.615364e-01
5.671574e-01
4.737420e-01
3.910332e-01
3.280246e-01
2.919968e-01
2.878212e-01
3.161403e-01
3.731263e-01
4.501606e-01
5.354122e-01
6.166488e-01
6.835118e-01
7.293362e-01
7.515792e-01
7.501338e-01
7.252677e-01
6.763116e-01
6.007495e-01
4.959047e-01
3.612687e-01
2.008030e-01
2.371520e-02
0.000000e+00
0.000000e+00
0.000000e+00
0.000000e+00
0.000000e+00
0.000000e+00
0.000000e+00
0.000000e+00
0.000000e+00
0.000000e+00
0.000000e+00
0.000000e+00
0.000000e+00
0.000000e+00
0.000000e+00
0.000000e+00
0.000000e+00
0.000000e+00
0.000000e+00
0.000000e+00
0.000000e+00
0.000000e+00
0.000000e+00
0.000000e+00
0.000000e+00
0.000000e+00
0.000000e+00
0.000000e+00
1.000000e+00
9.852555e-01
9.440102e-01
8.836530e-01
8.117693e-01
7.323000e-01
6.448838e-01
5.468935e-01
4.373440e-01
3.200118e-01
2.034349e-01
9.871273e-02
1.566400e-02
-4.012873e-02
-6.846841e-02
-7.365690e-02
-6.199921e-02
-4.035860e-02
-1.458032e-02
1.054118e-02
3.063838e-02
4.154079e-02
3.986602e-02
2.479312e-02
-4.925785e-04
-2.758440e-02
-4.541574e-02
-4.393800e-02
-1.904637e-02
2.528570e-02
7.868120e-02
1.298765e-01
1.721726e-01
2.071128e-01
2.416590e-01
2.834297e-01
3.338040e-01
3.858860e-01
4.276238e-01
4.474911e-01
4.410219e-01
4.130106e-01
3.748194e-01
3.390910e-01
3.138382e-01
3.006371e-01
2.957441e-01
2.937738e-01
2.917707e-01
2.903258e-01
2.931170e-01
3.044792e-01
3.274333e-01
3.619467e-01
4.052607e-01
4.531065e-01
5.009852e-01
5.448903e-01
5.817024e-01
6.083344e-01
6.222251e-01
6.214042e-01
6.057402e-01
5.779259e-01
5.426901e-01
5.059109e-01
4.714633e-01
4.401681e-01
4.095954e-01
3.761658e-01
3.381715e-01
2.978130e-01
2.608039e-01
2.336792e-01
2.204781e-01
2.208065e-01
2.301327e-01
2.422501e-01
2.523315e-01
2.570275e-01
2.540391e-01
2.393603e-01
2.061605e-01
1.464928e-01
5.553001e-02
-6.488901e-02
-2.039932e-01
0.000000e+00
0.000000e+00
0.000000e+00
0.000000e+00
0.000000e+00
0.000000e+00
0.000000e+00
0.000000e+00
0.000000e+00
0.000000e+00
0.000000e+00
0.000000e+00
0.000000e+00
0.000000e+00
0.000000e+00
0.000000e+00
0.000000e+00
0.000000e+00
0.000000e+00
0.000000e+00
0.000000e+00
0.000000e+00
0.000000e+00
0.000000e+00
0.000000e+00
0.000000e+00
0.000000e+00
0.000000e+00
0.000000e+00
0.000000e+00
0.000000e+00
0.000000e+00
0.000000e+00
0.000000e+00
0.000000e+00
0.000000e+00
0.000000e+00
0.000000e+00
0.000000e+00
0.000000e+00
0.000000e+00
0.000000e+00
0.000000e+00
0.000000e+00
0.000000e+00
0.000000e+00
0.000000e+00
0.000000e+00
0.000000e+00
0.000000e+00
0.000000e+00
0.000000e+00
0.000000e+00
0.000000e+00
0.000000e+00
0.000000e+00
0.000000e+00
0.000000e+00
0.000000e+00
0.000000e+00
0.000000e+00
0.000000e+00
0.000000e+00
0.000000e+00
0.000000e+00
0.000000e+00
0.000000e+00
0.000000e+00
0.000000e+00
0.000000e+00
0.000000e+00
0.000000e+00
0.000000e+00
0.000000e+00
0.000000e+00
0.000000e+00
0.000000e+00
0.000000e+00
0.000000e+00
0.000000e+00
0.000000e+00
0.000000e+00
0.000000e+00
0.000000e+00
0.000000e+00
0.000000e+00
0.000000e+00
0.000000e+00
0.000000e+00
0.000000e+00
0.000000e+00
0.000000e+00
0.000000e+00
0.000000e+00
0.000000e+00
0.000000e+00
0.000000e+00
0.000000e+00
0.000000e+00
0.000000e+00
0.000000e+00
0.000000e+00
0.000000e+00
0.000000e+00
0.000000e+00
0.000000e+00
0.000000e+00
0.000000e+00
0.000000e+00
0.000000e+00
0.000000e+00
1.000000e+00
9.767641e-01
9.121281e-01
8.195677e-01
7.167458e-01
6.202046e-01
5.414148e-01
4.848288e-01
4.479108e-01
4.220505e-01
3.965441e-01
3.624274e-01
3.171055e-01
2.664170e-01
2.223336e-01
1.974759e-01
1.978887e-01
2.192964e-01
2.492849e-01
2.736414e-01
2.839324e-01
2.809542e-01
2.726388e-01
2.677439e-01
2.701914e-01
2.771798e-01
2.819568e-01
2.794209e-01
2.704862e-01
2.630260e-01
2.685991e-01
2.968183e-01
3.511338e-01
4.261788e-01
5.096276e-01
5.857931e-01
6.407572e-01
6.662932e-01
6.608380e-01
6.292867e-01
5.800431e-01
5.222186e-01
4.637750e-01
4.108749e-01
3.668800e-01
3.326748e-01
3.058119e-01
2.803939e-01
2.495798e-01
2.079733e-01
1.557810e-01
1.006988e-01
5.685135e-02
4.072185e-02
6.501931e-02
1.341079e-01
2.410580e-01
3.692389e-01
4.963288e-01
6.006546e-01
6.662932e-01
6.866983e-01
6.658509e-01
6.154867e-01
5.510866e-01
4.857134e-01
4.263557e-01
3.730133e-01
3.213222e-01
2.680978e-01
2.161118e-01
1.756259e-01
1.594374e-01
1.757143e-01
2.211836e-01
2.806888e-01
3.331761e-01
3.621915e-01
3.638428e-01
3.469761e-01
3.265414e-01
3.141863e-01
3.119453e-01
3.142158e-01
3.143042e-01
3.107658e-01
3.080235e-01
3.108542e-01
3.188158e-01
3.246837e-01
3.196414e-01
3.005337e-01
2.737004e-01
2.519683e-01
2.463952e-01
2.596644e-01
2.852593e-01
3.122107e-01
3.320556e-01
3.411966e-01
3.400761e-01
3.296966e-01
3.105594e-01
2.854952e-01
2.623773e-01
2.533837e-01
2.701914e-01
3.171940e-01
3.881992e-01
4.691121e-01
5.455430e-01
6.088815e-01
6.582432e-01
6.956624e-01
7.210214e-01
7.291894e-01
7.132958e-01
6.701265e-01
6.045469e-01
5.291776e-01
4.588211e-01
4.048300e-01
3.715389e-01
3.563825e-01
3.533748e-01
3.565594e-01
3.605992e-01
3.608056e-01
3.529030e-01
3.340607e-01
3.053696e-01
2.732875e-01
2.488426e-01
2.430926e-01
2.618465e-01
3.022440e-01
3.536107e-01
4.013210e-01
4.330788e-01
4.423672e-01
4.282134e-01
3.945979e-01
3.477133e-01
2.951376e-01
2.458644e-01
2.084157e-01
1.891605e-01
1.897797e-01
2.077080e-01
2.392593e-01
2.834311e-01
3.432607e-01
4.226403e-01
5.202725e-01
6.248636e-01
7.155663e-01
7.689087e-01
7.684074e-01
7.111432e-01
6.093533e-01
4.859199e-01
3.663197e-01
2.723734e-01
2.171439e-01
2.032849e-01
2.241913e-01
2.665644e-01
3.161619e-01
3.623979e-01
4.017928e-01
4.366762e-01
4.702916e-01
5.011353e-01
5.210686e-01
5.186802e-01
4.870404e-01
4.300416e-01
3.634594e-01
3.094389e-01
2.870875e-01
3.039542e-01
3.525787e-01
4.142659e-01
4.664583e-01
4.905199e-01
4.773096e-01
4.284788e-01
3.548197e-01
2.719606e-01
1.960015e-01
1.395335e-01
1.086604e-01
1.020847e-01
1.125822e-01
1.300976e-01
1.463156e-01
1.580220e-01
1.678118e-01
1.818182e-01
2.050836e-01
2.376080e-01
2.736119e-01
3.048978e-01
3.261581e-01
3.393389e-01
3.529620e-01
3.768761e-01
4.141775e-01
4.565801e-01
4.858904e-01
4.827057e-01
4.376493e-01
3.595966e-01
2.749978e-01
2.172913e-01
2.119836e-01
2.641760e-01
3.566774e-01
4.593519e-01
5.453661e-01
6.046354e-01
6.465957e-01
6.909740e-01
7.523663e-01
8.293575e-01
9.036063e-01
9.509922e-01
9.553269e-01
9.171114e-01
8.514139e-01
7.776369e-01
7.092266e-01
6.496034e-01
5.959956e-01
5.463981e-01
5.042609e-01
4.768378e-01
4.695544e-01
4.816442e-01
5.048506e-01
5.281161e-01
5.422404e-01
5.436853e-01
5.344853e-01
5.196532e-01
5.034058e-01
4.872468e-01
4.688468e-01
4.435762e-01
4.064813e-01
3.557633e-01
2.949901e-01
2.328311e-01
1.819656e-01
1.546605e-01
1.590835e-01
1.963259e-01
2.585144e-01
3.296376e-01
3.876684e-01
4.113467e-01
3.874620e-01
3.180786e-01
2.232772e-01
1.346976e-01
8.330139e-02
8.507062e-02
1.335181e-01
2.035797e-01
2.647362e-01
2.968478e-01
2.985286e-01
2.852593e-01
2.788311e-01
2.956683e-01
3.397222e-01
4.041518e-01
4.768673e-01
5.471943e-01
6.088521e-01
6.593342e-01
6.972547e-01
7.197830e-01
7.217291e-01
6.972842e-01
6.430277e-01
5.615841e-01
4.642467e-01
3.697992e-01
2.991183e-01
2.674196e-01
2.767375e-01
3.143632e-01
3.583287e-01
3.869313e-01
3.887005e-01
3.654941e-01
3.289299e-01
2.931029e-01
2.673901e-01
2.550055e-01
2.549465e-01
2.657093e-01
2.870286e-01
3.195825e-01
3.634005e-01
4.180698e-01
4.827942e-01
5.556276e-01
6.307021e-01
6.956624e-01
7.323445e-01
7.235573e-01
6.623124e-01
5.594610e-01
4.410698e-01
3.378940e-01
2.706337e-01
2.408516e-01
2.341285e-01
2.314747e-01
2.229234e-01
2.124554e-01
2.130451e-01
2.347772e-01
2.761478e-01
3.233863e-01
3.583582e-01
3.690030e-01
3.552915e-01
3.276914e-01
3.005632e-01
2.843157e-01
2.821337e-01
2.904491e-01
3.030401e-01
3.147466e-01
3.233273e-01
3.286645e-01
3.309056e-01
3.293722e-01
3.227376e-01
3.106773e-01
2.958158e-01
2.841388e-01
2.833427e-01
2.996786e-01
3.342966e-01
3.820954e-01
4.340813e-01
4.807301e-01
5.164096e-01
5.408251e-01
5.571315e-01
5.687200e-01
5.739097e-01
5.648276e-01
5.292661e-01
4.564326e-01
3.451479e-01
2.097131e-01
7.946805e-02
-9.082063e-03
-2.594875e-02
3.912954e-02
1.706425e-01
3.330581e-01
4.847109e-01
5.937546e-01
6.472739e-01
6.509008e-01
6.206469e-01
5.735559e-01
5.228673e-01
4.777519e-01
4.468788e-01
4.376788e-01
4.548108e-01
4.956801e-01
5.488456e-01
5.967918e-01
6.230059e-01
6.181995e-01
5.831097e-01
5.268481e-01
4.612096e-01
3.962492e-01
3.379530e-01
2.898593e-01
2.558016e-01
2.407336e-01
2.490785e-01
2.798632e-01
3.231799e-01
3.617492e-01
3.775838e-01
3.606287e-01
3.155427e-01
2.604901e-01
2.185887e-01
2.064990e-01
2.267567e-01
2.679503e-01
3.122107e-01
3.451184e-01
3.616312e-01
3.658184e-01
3.655530e-01
3.665261e-01
3.696223e-01
3.712441e-01
3.667915e-01
3.537287e-01
3.330286e-01
3.090260e-01
2.873529e-01
2.734645e-01
2.700734e-01
2.769439e-01
2.916876e-01
3.122991e-01
3.392209e-01
3.753428e-01
4.233480e-01
4.814083e-01
5.404122e-01
5.861764e-01
6.049303e-01
5.906584e-01
5.481084e-01
4.911686e-01
4.357916e-01
3.932710e-01
3.667915e-01
3.527851e-01
3.461210e-01
3.435556e-01
3.450299e-01
3.511928e-01
3.611594e-01
3.714505e-01
3.777902e-01
3.776723e-01
3.723351e-01
3.645800e-01
3.577684e-01
3.525787e-01
3.478017e-01
3.427004e-01
3.388966e-01
3.413735e-01
3.558517e-01
3.855159e-01
4.276826e-01
4.734173e-01
5.101583e-01
5.261109e-01
5.152301e-01
4.802878e-01
4.321057e-01
3.862236e-01
3.570902e-01
3.513402e-01
3.641082e-01
3.808274e-01
3.831274e-01
3.587710e-01
3.087607e-01
2.487247e-01
2.025182e-01
1.907233e-01
2.197977e-01
2.777696e-01
3.387492e-01
3.748415e-01
3.688261e-01
3.216761e-01
2.520862e-01
1.870964e-01
1.507681e-01
1.550143e-01
1.960605e-01
2.586619e-01
3.217350e-01
3.658774e-01
3.777018e-01
3.517235e-01
2.910683e-01
2.069118e-01
1.166809e-01
3.971928e-02
-8.226934e-03
-2.099490e-02
-4.541031e-03
2.612567e-02
5.357827e-02
6.590393e-02
6.071418e-02
4.476160e-02
2.860260e-02
2.182054e-02
2.972312e-02
5.301802e-02
9.002447e-02
1.370861e-01
1.894259e-01
2.404388e-01
2.821632e-01
3.069030e-01
3.099401e-01
2.912747e-01
2.558016e-01
2.118067e-01
1.682835e-01
1.321912e-01
1.070681e-01
9.270781e-02
8.625011e-02
8.386165e-02
8.277062e-02
8.268216e-02
8.571934e-02
9.539115e-02
1.150591e-01
1.454310e-01
1.847374e-01
2.288208e-01
2.730516e-01
3.144812e-01
3.518120e-01
3.859287e-01
4.175095e-01
4.464954e-01
4.714711e-01
4.911981e-01
5.055583e-01
5.156430e-01
5.223366e-01
5.243417e-01
5.182673e-01
5.009288e-01
4.730929e-01
4.405980e-01
4.120249e-01
3.933300e-01
3.833043e-01
3.756966e-01
3.648159e-01
3.533453e-01
3.539646e-01
3.818890e-01
4.436647e-01
5.281161e-01
6.080559e-01
6.530829e-01
6.449149e-01
5.879751e-01
5.061186e-01
4.304249e-01
3.838056e-01
3.724825e-01
3.862531e-01
4.072185e-01
4.186300e-01
4.113467e-01
3.847787e-01
3.450299e-01
3.017132e-01
2.637337e-01
2.362221e-01
2.189426e-01
2.067939e-01
1.930823e-01
1.738271e-01
1.510335e-01
1.308348e-01
1.202489e-01
1.219296e-01
1.325156e-01
1.455784e-01
1.557810e-01
1.627989e-01
1.699348e-01
1.813759e-01
1.975938e-01
2.151093e-01
2.295580e-01
2.403208e-01
2.525875e-01
2.754696e-01
3.163978e-01
3.759915e-01
4.472621e-01
5.193289e-01
5.822546e-01
6.309380e-01
6.637867e-01
6.792086e-01
6.729868e-01
6.398136e-01
5.791289e-01
4.992776e-01
4.179813e-01
3.543774e-01
3.198184e-01
3.113555e-01
3.139799e-01
3.106478e-01
2.937517e-01
2.697196e-01
2.550349e-01
2.641170e-01
2.993542e-01
3.480081e-01
3.885825e-01
4.028544e-01
3.855454e-01
3.460620e-01
3.028042e-01
2.733465e-01
2.660632e-01
2.781529e-01
3.000324e-01
3.222363e-01
3.414030e-01
3.606876e-01
3.856928e-01
4.186300e-01
4.542506e-01
4.812609e-01
4.880134e-01
4.702032e-01
4.344352e-01
3.975762e-01
3.793531e-01
3.935364e-01
4.411288e-01
5.086840e-01
5.712853e-01
6.004482e-01
5.735854e-01
4.827942e-01
3.405184e-01
1.786925e-01
4.119364e-02
-3.093209e-02
-1.565771e-02
7.982190e-02
2.191490e-01
3.500133e-01
4.249403e-01
4.204582e-01
3.446171e-01
2.328900e-01
1.313361e-01
7.784625e-02
8.902191e-02
1.576682e-01
2.598708e-01
3.670864e-01
4.571108e-01
5.192994e-01
5.535046e-01
5.658007e-01
5.625276e-01
5.476661e-01
5.226314e-01
4.877775e-01
4.453454e-01
3.995813e-01
3.559107e-01
3.192581e-01
2.931029e-01
2.790965e-01
2.786542e-01
2.926606e-01
3.199953e-01
3.554389e-01
3.874915e-01
4.011736e-01
3.841890e-01
3.341491e-01
2.632029e-01
1.949400e-01
1.550733e-01
1.603220e-01
2.109221e-01
2.922773e-01
3.833043e-01
4.664288e-01
5.336891e-01
5.854097e-01
6.250995e-01
6.546752e-01
6.740188e-01
6.842509e-01
6.899419e-01
6.988176e-01
7.166868e-01
7.433138e-01
7.714446e-01
7.915843e-01
7.979831e-01
7.928818e-01
7.849792e-01
7.845369e-01
7.973344e-01
8.223690e-01
8.527998e-01
8.789255e-01
8.901601e-01
8.770088e-01
8.323357e-01
7.539587e-01
6.477752e-01
5.279391e-01
4.132634e-01
3.214991e-01
2.637632e-01
2.430336e-01
2.566862e-01
2.993247e-01
3.625748e-01
4.313095e-01
4.810250e-01
4.802878e-01
4.011441e-01
2.328311e-01
-8.993601e-03
0.000000e+00
0.000000e+00
0.000000e+00
0.000000e+00
0.000000e+00
0.000000e+00
0.000000e+00
0.000000e+00
0.000000e+00
0.000000e+00
0.000000e+00
0.000000e+00
0.000000e+00
0.000000e+00
0.000000e+00
0.000000e+00
0.000000e+00
0.000000e+00
0.000000e+00
0.000000e+00
0.000000e+00
0.000000e+00
0.000000e+00
0.000000e+00
0.000000e+00
0.000000e+00
0.000000e+00
0.000000e+00
0.000000e+00
0.000000e+00
0.000000e+00
0.000000e+00
0.000000e+00
0.000000e+00
0.000000e+00
0.000000e+00
0.000000e+00
0.000000e+00
0.000000e+00
0.000000e+00
0.000000e+00
0.000000e+00
0.000000e+00
0.000000e+00
0.000000e+00
0.000000e+00
0.000000e+00
0.000000e+00
0.000000e+00
0.000000e+00
0.000000e+00
0.000000e+00
0.000000e+00
0.000000e+00
0.000000e+00
0.000000e+00
0.000000e+00
0.000000e+00
0.000000e+00
0.000000e+00
0.000000e+00
0.000000e+00
0.000000e+00
0.000000e+00
0.000000e+00
0.000000e+00
0.000000e+00
0.000000e+00
0.000000e+00
0.000000e+00
0.000000e+00
0.000000e+00
0.000000e+00
0.000000e+00
0.000000e+00
0.000000e+00
0.000000e+00
0.000000e+00
0.000000e+00
0.000000e+00
0.000000e+00
0.000000e+00
0.000000e+00
0.000000e+00
0.000000e+00
0.000000e+00
0.000000e+00
0.000000e+00
0.000000e+00
0.000000e+00
0.000000e+00
0.000000e+00
0.000000e+00
0.000000e+00
0.000000e+00
0.000000e+00
0.000000e+00
0.000000e+00
0.000000e+00
0.000000e+00
0.000000e+00
0.000000e+00
0.000000e+00
0.000000e+00
0.000000e+00
0.000000e+00
0.000000e+00
0.000000e+00
0.000000e+00
0.000000e+00
0.000000e+00
0.000000e+00
0.000000e+00
0.000000e+00
0.000000e+00
0.000000e+00
0.000000e+00
0.000000e+00
0.000000e+00
0.000000e+00
0.000000e+00
0.000000e+00
0.000000e+00
0.000000e+00
0.000000e+00
0.000000e+00
0.000000e+00
0.000000e+00
0.000000e+00
0.000000e+00
-4.520114e-02
-3.049847e-02
1.257105e-02
8.220376e-02
1.753935e-01
2.891342e-01
4.191627e-01
5.590840e-01
6.987866e-01
8.244425e-01
9.211850e-01
9.758417e-01
9.814714e-01
9.401509e-01
8.622650e-01
7.643201e-01
6.642436e-01
5.760822e-01
5.082532e-01
4.621775e-01
4.352864e-01
4.231526e-01
4.218408e-01
4.294928e-01
4.450153e-01
4.668233e-01
4.916922e-01
5.144294e-01
5.295146e-01
5.331767e-01
5.249781e-01
5.090184e-01
4.914735e-01
4.795037e-01
4.771535e-01
4.838216e-01
4.942610e-01
5.010385e-01
4.974858e-01
4.815260e-01
4.564932e-01
4.298207e-01
4.106909e-01
4.057171e-01
4.164298e-01
4.382379e-01
4.625601e-01
4.798317e-01
4.830564e-01
4.702667e-01
4.446874e-01
4.136423e-01
3.862046e-01
3.706821e-01
3.720485e-01
3.910691e-01
4.239178e-01
4.631067e-01
5.000000e-01
5.267818e-01
5.394075e-01
5.379318e-01
5.274377e-01
5.150306e-01
5.077066e-01
5.099475e-01
5.214254e-01
5.380958e-01
5.536729e-01
5.623087e-01
5.607237e-01
5.488631e-01
5.296786e-01
5.071054e-01
4.853520e-01
4.663861e-01
4.507543e-01
4.374727e-01
4.250109e-01
4.123306e-01
3.993223e-01
3.863139e-01
3.747814e-01
3.657630e-01
3.600240e-01
3.574552e-01
3.571272e-01
3.585483e-01
3.623743e-01
3.711194e-01
3.898120e-01
4.229886e-01
4.735461e-01
5.394622e-01
6.133581e-01
6.833188e-01
7.367731e-01
7.642654e-01
7.640468e-01
7.424027e-01
7.120682e-01
6.872540e-01
6.790009e-01
6.915173e-01
7.211412e-01
7.591277e-01
7.954744e-01
8.231307e-01
8.389812e-01
8.448841e-01
8.429711e-01
8.357564e-01
8.230214e-01
8.026345e-01
7.716987e-01
7.280280e-01
6.714036e-01
6.037385e-01
5.273284e-01
4.457258e-01
3.628662e-01
2.837232e-01
2.148010e-01
1.633144e-01
1.356034e-01
1.345103e-01
1.583406e-01
2.007543e-01
2.533341e-01
3.088653e-01
3.643966e-01
4.222234e-01
4.876476e-01
5.662986e-01
6.587232e-01
7.592916e-01
8.562527e-01
9.354504e-01
9.852427e-01
1.000000e+00
9.813074e-01
9.369808e-01
8.770770e-01
8.098491e-01
7.393419e-01
6.639156e-01
5.785964e-01
4.767709e-01
3.539025e-01
2.094993e-01
4.760603e-02
-1.229230e-01
0.000000e+00
0.000000e+00
0.000000e+00
0.000000e+00
0.000000e+00
0.000000e+00
0.000000e+00
0.000000e+00
0.000000e+00
0.000000e+00
0.000000e+00
0.000000e+00
0.000000e+00
0.000000e+00
0.000000e+00
0.000000e+00
0.000000e+00
0.000000e+00
0.000000e+00
0.000000e+00
0.000000e+00
0.000000e+00
0.000000e+00
0.000000e+00
0.000000e+00
0.000000e+00
0.000000e+00
0.000000e+00
0.000000e+00
0.000000e+00
0.000000e+00
0.000000e+00
0.000000e+00
0.000000e+00
0.000000e+00
0.000000e+00
0.000000e+00
0.000000e+00
0.000000e+00
0.000000e+00
0.000000e+00
0.000000e+00
0.000000e+00
0.000000e+00
0.000000e+00
0.000000e+00
0.000000e+00
0.000000e+00
0.000000e+00
0.000000e+00
-6.098475e-02
-3.971806e-02
1.245620e-02
7.285358e-02
1.278026e-01
1.777895e-01
2.237863e-01
2.577522e-01
2.701882e-01
2.630385e-01
2.468758e-01
2.248800e-01
1.871468e-01
1.266887e-01
5.768335e-02
9.438357e-03
-2.552002e-03
5.893910e-03
3.929273e-03
-1.984891e-02
-4.229032e-02
-2.790999e-02
3.627489e-02
1.274381e-01
2.052539e-01
2.411237e-01
2.321714e-01
1.936484e-01
1.426691e-01
8.794280e-02
3.064428e-02
-2.758593e-02
-7.724870e-02
-1.021206e-01
-9.041379e-02
-4.717153e-02
4.152067e-03
3.538371e-02
3.196079e-02
2.227938e-04
-4.164219e-02
-7.755251e-02
-1.000344e-01
-1.083386e-01
-1.063739e-01
-1.044903e-01
-1.180200e-01
-1.561177e-01
-2.084135e-01
-2.460049e-01
-2.404553e-01
-1.869645e-01
-1.088247e-01
-4.089280e-02
-6.481275e-03
-7.899054e-03
-3.248739e-02
-6.384056e-02
-8.830737e-02
-9.594313e-02
-8.099569e-02
-4.468029e-02
8.911753e-04
3.279120e-02
2.552002e-02
-3.268993e-02
-1.255545e-01
-2.113503e-01
-2.474227e-01
-2.196747e-01
-1.509124e-01
-7.969943e-02
-3.139368e-02
-6.825593e-03
6.400259e-03
1.980840e-02
4.024467e-02
7.301562e-02
1.186478e-01
1.660624e-01
1.965649e-01
2.000284e-01
1.872278e-01
1.810301e-01
1.935066e-01
2.111073e-01
2.029044e-01
1.434995e-01
3.382415e-02
-9.144674e-02
-1.746704e-01
-1.646852e-01
-5.288315e-02
1.113969e-01
2.467138e-01
2.939461e-01
2.544711e-01
1.787212e-01
1.183440e-01
8.982642e-02
7.856521e-02
6.592672e-02
4.603731e-02
2.025398e-02
-1.209163e-02
-5.136411e-02
-9.061633e-02
-1.188504e-01
-1.319142e-01
-1.362891e-01
-1.399550e-01
-1.437830e-01
-1.431957e-01
-1.376056e-01
-1.314281e-01
-1.249266e-01
-1.077917e-01
-6.540012e-02
6.298989e-03
9.266198e-02
1.668523e-01
2.052336e-01
2.001499e-01
1.627813e-01
1.161161e-01
8.129950e-02
6.228100e-02
4.117635e-02
-7.331943e-03
-8.676807e-02
-1.603508e-01
-1.674802e-01
-7.151682e-02
1.019383e-01
2.768517e-01
3.830029e-01
4.043303e-01
3.748202e-01
3.327932e-01
2.863508e-01
2.243129e-01
1.502846e-01
9.258097e-02
7.722844e-02
9.756345e-02
1.176959e-01
1.056043e-01
5.920240e-02
1.235493e-03
-4.678671e-02
-8.127924e-02
-1.126729e-01
-1.499605e-01
-1.924534e-01
-2.327588e-01
-2.624714e-01
-2.709578e-01
-2.408199e-01
-1.527961e-01
-4.111559e-03
1.750754e-01
3.289450e-01
4.101432e-01
4.118243e-01
3.678529e-01
3.196079e-01
2.836368e-01
2.492860e-01
2.008183e-01
1.357017e-01
6.246329e-02
-9.256071e-03
-7.013955e-02
-1.061309e-01
-1.033156e-01
-6.412412e-02
-1.571709e-02
4.415369e-03
-2.193507e-02
-7.706641e-02
-1.189111e-01
-1.131590e-01
-5.936443e-02
9.235817e-03
5.101979e-02
4.719178e-02
1.429931e-02
-1.097766e-02
-1.276001e-03
4.346505e-02
1.020801e-01
1.515201e-01
1.799972e-01
1.863367e-01
1.742653e-01
1.519049e-01
1.318940e-01
1.228404e-01
1.175744e-01
9.438357e-02
3.779394e-02
-3.834079e-02
-9.278351e-02
-8.879347e-02
-2.983412e-02
3.676098e-02
5.476678e-02
3.240638e-03
-8.591740e-02
-1.518846e-01
-1.482997e-01
-7.585117e-02
1.786401e-02
6.740526e-02
3.046199e-02
-8.259575e-02
-2.096693e-01
-2.734085e-01
-2.336702e-01
-1.181212e-01
-3.544447e-03
4.253337e-02
1.184858e-02
-4.314099e-02
-5.596176e-02
2.410224e-03
1.080955e-01
2.094465e-01
2.627549e-01
2.506026e-01
1.812124e-01
7.945638e-02
-2.410224e-02
-1.062929e-01
-1.614850e-01
-1.971523e-01
-2.165556e-01
-2.078059e-01
-1.577988e-01
-8.014502e-02
-2.102364e-02
-2.687704e-02
-1.014927e-01
-1.964839e-01
-2.476050e-01
-2.227938e-01
-1.402183e-01
-4.792093e-02
9.235817e-03
1.296255e-02
-2.138821e-02
-5.120207e-02
-2.859863e-02
6.661536e-02
2.062666e-01
3.284386e-01
3.796609e-01
3.500699e-01
2.719300e-01
1.901444e-01
1.329674e-01
1.023434e-01
8.223118e-02
5.393636e-02
1.107893e-02
-3.295323e-02
-5.391611e-02
-3.904968e-02
-3.098860e-03
2.165151e-02
1.421830e-02
-1.626395e-02
-4.115610e-02
-3.880664e-02
-1.008648e-02
2.819355e-02
6.015434e-02
7.967918e-02
8.980617e-02
9.630770e-02
1.013104e-01
1.001965e-01
8.690985e-02
6.772933e-02
6.888380e-02
1.210986e-01
2.254269e-01
3.347781e-01
3.800458e-01
3.267575e-01
2.098110e-01
1.091285e-01
8.372997e-02
1.238329e-01
1.641180e-01
1.424665e-01
4.834626e-02
-7.570940e-02
-1.730095e-01
-2.126871e-01
-2.017702e-01
-1.691815e-01
-1.416361e-01
-1.307192e-01
-1.332712e-01
-1.395500e-01
-1.386385e-01
-1.222328e-01
-8.897576e-02
-5.164766e-02
-3.607235e-02
-6.481275e-02
-1.333320e-01
-2.031677e-01
-2.275535e-01
-1.902457e-01
-1.179592e-01
-5.027039e-02
1.113969e-03
5.792640e-02
1.395702e-01
2.285055e-01
2.790189e-01
2.599599e-01
1.833593e-01
9.154801e-02
2.205659e-02
-1.205112e-02
-1.798554e-02
-1.146376e-02
-1.178782e-02
-3.726733e-02
-9.361392e-02
-1.661637e-01
-2.276143e-01
-2.547141e-01
-2.360602e-01
-1.681688e-01
-5.296417e-02
9.454560e-02
2.413870e-01
3.490774e-01
3.967553e-01
3.929071e-01
3.642679e-01
3.341300e-01
3.099062e-01
2.853584e-01
2.507443e-01
2.018310e-01
1.425881e-01
8.202864e-02
2.853786e-02
-1.326636e-02
-4.012314e-02
-4.830575e-02
-3.765216e-02
-1.723614e-02
-2.288700e-03
-1.093715e-03
-6.623053e-03
-4.840702e-03
8.263626e-03
2.104389e-02
2.051729e-02
1.012699e-02
9.559881e-03
3.534320e-02
8.425658e-02
1.354992e-01
1.695664e-01
1.813339e-01
1.752982e-01
1.523707e-01
1.075689e-01
4.308023e-02
-2.011221e-02
-5.132360e-02
-3.623438e-02
6.926863e-03
4.073076e-02
4.109534e-02
1.652725e-02
-3.402669e-03
2.005145e-03
2.606688e-02
4.453851e-02
4.253337e-02
3.165698e-02
4.137889e-02
9.069734e-02
1.655156e-01
2.227128e-01
2.203228e-01
1.500415e-01
4.455877e-02
-4.565248e-02
-8.664655e-02
-8.014502e-02
-5.586049e-02
-4.757661e-02
-7.206368e-02
-1.241974e-01
-1.865392e-01
-2.391793e-01
-2.634638e-01
-2.405566e-01
-1.569886e-01
-1.851214e-02
1.426083e-01
2.814089e-01
3.679744e-01
4.043708e-01
4.130598e-01
4.094546e-01
3.889170e-01
3.408543e-01
2.706743e-01
2.031272e-01
1.613635e-01
1.448160e-01
1.295242e-01
9.300630e-02
3.759140e-02
-1.034979e-02
-2.420351e-02
-7.291435e-04
3.763190e-02
6.191643e-02
5.780487e-02
3.147469e-02
7.088895e-04
-1.727665e-02
-1.389423e-02
8.162356e-03
3.718632e-02
6.055942e-02
7.496000e-02
8.984668e-02
1.179187e-01
1.603913e-01
2.028842e-01
2.261560e-01
2.219229e-01
1.989144e-01
1.762097e-01
1.703968e-01
1.865797e-01
2.168594e-01
2.469771e-01
2.667855e-01
2.773783e-01
2.872420e-01
3.012983e-01
3.158811e-01
3.263120e-01
3.367022e-01
3.550726e-01
3.762785e-01
3.748000e-01
3.241853e-01
2.286472e-01
1.324813e-01
9.039353e-02
1.236708e-01
2.000284e-01
2.575902e-01
2.492253e-01
1.726855e-01
6.505580e-02
-2.784923e-02
-8.071213e-02
-9.675329e-02
-9.452535e-02
-9.083912e-02
-9.349239e-02
-1.029105e-01
-1.119438e-01
-1.041460e-01
-6.059992e-02
2.262370e-02
1.230430e-01
2.062666e-01
2.542888e-01
2.733883e-01
2.671501e-01
2.083325e-01
5.284265e-02
-2.089806e-01
0.000000e+00
0.000000e+00
0.000000e+00
0.000000e+00
0.000000e+00
0.000000e+00
0.000000e+00
0.000000e+00
0.000000e+00
0.000000e+00
0.000000e+00
0.000000e+00
0.000000e+00
0.000000e+00
0.000000e+00
0.000000e+00
0.000000e+00
0.000000e+00
0.000000e+00
0.000000e+00
0.000000e+00
0.000000e+00
0.000000e+00
0.000000e+00
0.000000e+00
0.000000e+00
0.000000e+00
0.000000e+00
0.000000e+00
0.000000e+00
0.000000e+00
0.000000e+00
0.000000e+00
0.000000e+00
0.000000e+00
0.000000e+00
0.000000e+00
0.000000e+00
0.000000e+00
0.000000e+00
0.000000e+00
0.000000e+00
0.000000e+00
