1.000000e-01 -1
0.152000 1
0.204000 1
0.264000 1
0.312000 2
0.380000 2
0.440000 1
0.476000 2
0.524000 1
0.612000 1
0.688000 1
0.736000 1
0.800000 1
0.832000 1
0.892000 1
0.940000 1
0.992000 1
1.016000 1
1.064000 2
1.124000 1
1.168000 1
1.236000 1
1.304000 1
1.416000 1
1.432000 1
1.492000 1
1.520000 1
1.536000 1
2.500000e+00 -1
2.592000 2
2.716000 1
2.744000 1
2.916000 1
2.944000 1
2.996000 1
3.072000 1
3.136000 1
3.200000 1
3.228000 1
3.288000 1
3.340000 1
3.436000 1
3.492000 1
3.532000 2
3.596000 1
3.652000 1
3.692000 1
3.732000 2
3.744000 1
4.328000e+00 -1
4.364000 1
4.436000 1
4.468000 2
4.492000 2
4.548000 2
4.588000 2
4.672000 1
4.744000 1
4.812000 1
4.864000 2
4.908000 2
4.928000 1
4.952000 2
4.988000 2
5.044000 1
5.100000 1
5.188000 1
5.228000 2
5.268000 1
5.360000 2
5.384000 2
5.456000 2
5.484000 2
5.520000 2
5.564000 1
5.604000 1
5.640000 1
5.680000 1
5.736000 1
5.772000 1
5.832000 2
5.864000 1
5.892000 1
5.924000 1
5.980000 1
6.016000 2
6.040000 2
6.104000 1
6.140000 1
6.180000 1
6.220000 2
6.320000 2
6.384000 1
6.412000 1
6.472000 1
6.512000 1
6.548000 2
6.596000 1
6.660000 1
6.700000 1
6.732000 1
6.788000 1
6.820000 2
6.868000 1
6.892000 1
6.928000 1
6.956000 1
6.980000 2
7.052000 1
7.132000 1
7.172000 1
7.244000 1
7.276000 1
7.352000 1
7.408000 1
7.436000 1
7.488000 2
7.548000 1
7.568000 1
7.608000 2
7.652000 2
7.728000 1
7.780000 2
7.808000 2
7.836000 2
7.872000 2
7.928000 2
7.976000 1
8.008000 2
8.048000 1
8.104000 1
8.216000 2
8.248000 1
8.304000 2
8.336000 2
8.360000 2
8.420000 1
8.468000 1
8.536000 2
8.568000 2
8.596000 2
8.624000 2
8.644000 2
8.696000 1
8.812000 1
8.848000 2
8.872000 1
8.908000 2
8.940000 2
8.972000 2
9.016000 2
9.044000 2
9.120000 2
9.156000 2
9.224000 1
9.284000 2
9.332000 2
9.372000 2
9.408000 2
9.440000 2
9.488000 1
9.548000 2
9.596000 1
9.652000 1
9.704000 1
9.752000 1
9.776000 1
9.812000 1
9.864000 2
9.912000 1
9.988000 1
10.036000 1
10.064000 1
10.120000 1
10.164000 1
10.216000 1
10.280000 1
10.400000 2
10.460000 1
10.532000 1
10.640000 1
10.664000 1
10.688000 1
10.716000 1
10.788000 1
10.812000 1
1.096800e+01 -1
