
1.000000e+00
1.000000e+00
1.000000e+00
1.000000e+00
1.000000e+00
1.000000e+00
1.000000e+00
1.000000e+00
1.000000e+00
1.000000e+00
1.000000e+00
1.000000e+00
1.000000e+00
1.000000e+00
1.000000e+00
1.000000e+00
1.000000e+00
1.000000e+00
1.000000e+00
1.000000e+00
1.000000e+00
1.000000e+00
3.203970e-03
3.762629e-04
1.223911e-04
2.829275e-04
3.978619e-05
3.647912e-04
1.338318e-04
1.266229e-04
1.946371e-04
2.224801e-04
6.175482e-04
1.834484e-01
3.644300e-02
4.396497e-03
2.269923e-03
2.622715e-03
2.078064e-03
7.685765e-03
2.304766e-02
5.128540e-03
6.101453e-04
1.506623e-03
5.500098e-05
2.122559e-03
5.908697e-05
8.188165e-04
3.549521e-04
1.504661e-03
1.028378e-04
6.693348e-04
7.990341e-04
2.410913e-04
1.473000e-04
1.690022e-04
7.398110e-04
8.721820e-04
9.297541e-04
2.706486e-04
7.718961e-04
1.617056e-05
6.387999e-04
1.168095e-04
1.212250e-03
1.283000e-04
3.620957e-04
6.854022e-04
1.220826e-03
2.254625e-04
8.538624e-04
3.650901e-04
2.414086e-04
5.214354e-04
1.102376e-04
2.304916e-03
3.269610e-04
2.014732e-03
1.949564e-03
1.571258e-03
1.886931e-03
5.028065e-03
5.303200e-03
3.093852e-04
4.769559e-04
2.474420e-04
6.902985e-04
1.372774e-03
1.886197e-03
2.882495e-01
2.765819e-02
5.780638e-03
4.256592e-03
5.949803e-03
6.447632e-04
1.253755e-03
8.969209e-04
5.661378e-04
9.916575e-04
8.199370e-04
4.250493e-04
1.609122e-04
8.916114e-04
3.984422e-04
3.717055e-04
3.918222e-04
5.279045e-04
1.585181e-03
8.443145e-04
8.350206e-04
2.397931e-02
7.931895e-03
4.284299e-03
6.848951e-04
4.872575e-04
9.558805e-06
8.808098e-04
3.274720e-04
3.939439e-04
5.347117e-04
1.920683e-03
6.678962e-04
1.063553e-03
2.093810e-03
2.831061e-04
5.852683e-04
8.461407e-05
7.341024e-04
1.199413e-03
1.610501e-03
2.345165e-04
3.328931e-04
5.183669e-05
1.794091e-04
1.458090e-03
9.150596e-04
1.061403e-03
1.016005e-03
2.257539e-05
3.492356e-03
5.176890e-04
7.263315e-04
3.204517e-03
1.351237e-04
9.537649e-04
1.069615e-03
1.427637e-03
8.582921e-04
1.050658e-03
5.335283e-03
1.018467e-02
2.061743e-04
9.169264e-03
5.265518e-03
7.016034e-04
1.924352e-03
9.847860e-04
8.680107e-05
7.327762e-04
5.746638e-03
1.402155e-03
3.000479e-03
6.866157e-03
1.452296e-04
4.737804e-04
1.361831e-05
3.344264e-04
2.339006e-03
1.937458e-02
1.598001e-03
3.236402e-03
1.413058e-01
1.500180e-03
1.385088e-03
2.363732e-03
3.952465e-04
1.512283e-04
1.773065e-02
3.057998e-03
4.563320e-03
1.879734e-04
1.373686e-03
2.410303e-04
3.768537e-04
4.843556e-04
2.929374e-04
3.552395e-04
1.089423e-03
5.827744e-04
2.392372e-05
6.016401e-05
1.563684e-04
8.984690e-04
4.895474e-04
8.786037e-04
4.523876e-04
6.472734e-05
9.348104e-05
3.785765e-04
1.287205e-03
6.972136e-04
1.109419e-03
3.013653e-04
6.901676e-05
7.418161e-05
6.009489e-04
8.079301e-04
4.048501e-04
4.057142e-04
3.930121e-04
3.676831e-05
2.975678e-05
4.211167e-04
5.046982e-04
1.278255e-03
7.716367e-04
1.580015e-04
2.358473e-04
2.822903e-04
7.053012e-04
2.865658e-03
9.663208e-05
5.675546e-04
3.479467e-04
2.638382e-03
4.329914e-03
2.943362e-04
1.180137e-03
1.250075e-04
5.710952e-04
4.981983e-04
9.555945e-04
9.729922e-04
4.570736e-04
2.161394e-04
2.390794e-04
2.987623e-04
5.932179e-04
1.402509e-03
1.065029e-03
3.580220e-04
4.926490e-04
2.198872e-04
1.242867e-03
6.992579e-04
1.018490e-03
5.589490e-04
4.895512e-05
2.196928e-03
3.625230e-04
8.647608e-04
3.980585e-03
9.745589e-04
3.412363e-03
7.749281e-04
1.825784e-03
1.201242e-03
1.257578e-04
3.209782e-03
2.900852e-03
3.802953e-04
9.999256e-05
7.337671e-04
3.772668e-05
2.464319e-04
1.611518e-04
1.632339e-05
6.397886e-05
2.711067e-04
2.410716e-04
1.621990e-05
5.255045e-05
3.451778e-05
3.299892e-04
3.065843e-04
4.917451e-05
5.710789e-04
2.146219e-04
1.827314e-04
3.360096e-05
1.921225e-01
3.400086e-04
2.092827e-03
9.571801e-03
2.120034e-03
2.479624e-03
2.569204e-03
2.544833e-04
8.488332e-04
4.670754e-05
1.065638e-03
2.110471e-04
7.843166e-04
5.969494e-04
9.117107e-04
5.153182e-04
4.966911e-04
7.149081e-04
1.216720e-04
2.401829e-03
3.318197e-04
8.992201e-04
5.675308e-04
7.296662e-03
6.386752e-03
2.318920e-04
8.185511e-04
7.102921e-04
1.771299e-04
1.614146e-03
3.735932e-03
4.455754e-03
4.294974e-03
6.259580e-03
3.455829e-03
4.208412e-04
3.143807e-03
7.369491e-03
2.668940e-04
4.314453e-04
2.174954e-04
3.694953e-04
3.139520e-04
2.056490e-04
1.397622e-05
1.394080e-04
9.547437e-04
5.692934e-04
3.015727e-03
4.487196e-04
2.409243e-04
1.080201e-04
1.985742e-05
3.344069e-04
3.434056e-04
4.266664e-04
1.960981e-03
8.543789e-04
2.017500e-02
2.328458e-01
3.166394e-03
1.828357e-02
5.763936e-03
6.215243e-03
3.061771e-03
1.351763e-03
2.294512e-03
3.318342e-04
1.451046e-03
1.576429e-05
7.910275e-04
2.166628e-05
2.155517e-04
2.396717e-04
9.549314e-04
5.517338e-04
1.042068e-03
1.420043e-03
7.808269e-04
1.282177e-03
8.827645e-05
2.185012e-03
1.177654e-04
1.100388e-03
2.554776e-04
6.834170e-04
5.923482e-04
3.736443e-04
1.695564e-03
3.592900e-04
6.257650e-05
7.659679e-04
1.604640e-03
9.706368e-04
8.842245e-04
9.520500e-04
1.517505e-03
1.429110e-03
7.838002e-04
2.684455e-03
2.711870e-04
4.099548e-04
3.188779e-03
7.227783e-04
9.024771e-05
1.690549e-03
2.763955e-03
3.882636e-04
6.043320e-03
1.710314e-03
4.313540e-04
5.258666e-04
2.710580e-03
1.620928e-03
1.062214e-02
2.541548e-03
6.826139e-04
2.061420e-03
3.011023e-03
2.143232e-02
2.207312e-05
5.759704e-03
1.538073e-02
8.846934e-03
6.186413e-04
2.790369e-04
3.030075e-04
2.179731e-03
4.399369e-03
2.329440e-02
1.884901e-03
1.808849e-03
3.563080e-03
1.390310e-04
5.839586e-04
3.757500e-04
8.067300e-04
1.368698e-03
2.383322e-04
3.763018e-04
1.287005e-04
2.341683e-03
6.251209e-04
2.753148e-03
2.716538e-03
7.564970e-04
2.760390e-04
4.912505e-04
3.300691e-04
7.650870e-05
3.994947e-04
2.912590e-05
1.282284e-04
3.027329e-04
2.351024e-04
3.866764e-04
2.009249e-04
2.231960e-04
9.619039e-05
6.697763e-05
3.447050e-05
2.983217e-04
8.988936e-05
4.963398e-04
1.275742e-04
2.760719e-04
2.609887e-04
1.587979e-04
2.516182e-04
1.799399e-04
2.196275e-04
4.089141e-04
6.518588e-05
2.264186e-04
7.967142e-05
6.345640e-05
1.357831e-04
1.340717e-04
1.682976e-05
2.388272e-04
1.717347e-05
7.250671e-05
4.785878e-04
4.055943e-04
1.504282e-04
3.446969e-04
3.934860e-04
3.356728e-04
9.836958e-05
2.391772e-04
5.277363e-04
2.308727e-04
3.709467e-04
3.550395e-04
2.285048e-04
1.084678e-04
9.328478e-05
7.795152e-05
3.144930e-04
3.457901e-04
2.834442e-04
9.874644e-05
2.767722e-04
3.087672e-05
4.039023e-04
1.936236e-04
1.005155e-04
1.234700e-02
7.291623e-02
1.677023e-04
1.557317e-02
2.986216e-02
5.475000e-03
1.207520e-03
2.600119e-04
4.040952e-05
6.780830e-05
1.332776e-04
2.240512e-04
2.131216e-03
8.729842e-04
1.233107e-03
1.396760e-03
1.270507e-03
7.528266e-04
3.158216e-03
1.135481e-03
7.179314e-05
8.706687e-05
2.375282e-04
9.102967e-03
1.769479e-03
2.522619e-03
6.326844e-03
7.068817e-04
1.360792e-04
2.869715e-05
1.494914e-04
3.678106e-04
4.149335e-04
3.186669e-04
2.029140e-04
7.646660e-05
2.421517e-05
6.744916e-04
1.086388e-03
4.756386e-05
2.062424e-03
3.501231e-03
3.027451e-03
2.183812e-03
3.520374e-03
2.874017e-03
1.401290e-03
6.398846e-04
1.619653e-03
1.846106e-03
1.635498e-03
1.433152e-03
5.307223e-04
2.301823e-04
5.823646e-05
5.590469e-04
3.512421e-04
8.137932e-04
1.404075e-03
8.800933e-05
1.062242e-04
2.255536e-04
1.678186e-03
1.301483e-03
1.981474e-03
1.507703e-03
7.463486e-05
4.769447e-04
1.986740e-04
9.223854e-04
1.597305e-04
6.871424e-04
2.269343e-04
6.868154e-05
1.029320e-04
3.165318e-04
5.079582e-05
3.537885e-04
4.653747e-05
3.757208e-04
6.794622e-05
1.033121e-04
2.133568e-04
3.715620e-03
2.380600e-03
1.013896e-03
1.050755e-03
3.936769e-04
6.836075e-05
4.771602e-04
1.165327e-03
1.561208e-03
5.554559e-04
5.732312e-04
1.155531e-04
3.160408e-04
8.744797e-04
9.279710e-04
2.947028e-04
9.887173e-05
1.200704e-03
8.903041e-05
4.097449e-04
6.428900e-04
2.106619e-04
2.734671e-04
3.626913e-04
3.634828e-05
4.029245e-04
1.626376e-03
3.487547e-03
1.531195e-03
7.350196e-04
1.755431e-04
2.728082e-01
3.478051e-02
3.421964e-03
3.218458e-03
1.708557e-03
7.337032e-03
9.626353e-03
6.329544e-03
3.485692e-03
1.297026e-04
6.710947e-04
9.650353e-05
4.899831e-04
1.100348e-04
2.373239e-03
3.329601e-03
1.588455e-03
4.259892e-03
2.578373e-03
2.317526e-04
1.277026e-03
1.094866e-03
4.490757e-04
6.205480e-04
9.277440e-04
7.877768e-04
4.145752e-04
6.863280e-04
6.596762e-05
1.175509e-03
4.152689e-04
8.355456e-04
4.123363e-05
6.110731e-04
1.398163e-04
9.318672e-04
2.184765e-04
2.417817e-03
8.137045e-05
1.075129e-03
1.831402e-03
2.103915e-03
1.322547e-03
2.327713e-04
7.003892e-04
7.117289e-04
7.930619e-04
7.437961e-04
2.913928e-05
4.480304e-05
2.671828e-04
1.271782e-03
9.779624e-04
9.500699e-04
6.774726e-04
3.246428e-05
3.322702e-04
1.853558e-04
1.609534e-03
1.757599e-03
1.174596e-03
5.162763e-04
7.581837e-05
9.541204e-05
1.405498e-05
5.634851e-04
9.957628e-04
7.748810e-04
8.953964e-04
1.037150e-04
8.695534e-04
3.575320e-04
5.895557e-04
2.628251e-04
4.416339e-04
3.036289e-04
1.708744e-04
1.906345e-04
3.224334e-05
2.436267e-04
3.738648e-05
1.949803e-04
6.880097e-05
6.240244e-04
2.754976e-05
6.478884e-04
2.385733e-04
1.719337e-03
2.952967e-04
4.716848e-03
2.375542e-04
1.614877e-03
7.483079e-05
7.386785e-04
1.436693e-04
1.943850e-03
2.050005e-03
3.038532e-03
2.513173e-03
2.212106e-03
2.332783e-02
5.843153e-03
4.616761e-04
6.084793e-03
9.943159e-05
8.908993e-04
8.458934e-03
4.987836e-03
1.160894e-03
1.248769e-03
3.070758e-03
2.041067e-05
7.755239e-04
1.664128e-03
1.004632e-03
1.824334e-04
2.516440e-04
6.357151e-05
5.203375e-04
1.329788e-01
8.008363e-02
1.975668e-03
3.312070e-03
1.227655e-03
1.006430e-03
1.007539e-03
1.068258e-03
2.001464e-02
8.693889e-03
6.770392e-04
7.784149e-05
2.849483e-04
5.985971e-05
3.515395e-04
1.261257e-04
4.242952e-05
4.408557e-04
1.791484e-04
7.567272e-04
4.525277e-04
5.355529e-04
3.149683e-04
4.514884e-04
2.126140e-04
3.151486e-04
5.503409e-05
2.365603e-03
1.757121e-04
1.784898e-03
1.338960e-03
3.491546e-03
2.000482e-04
1.445013e-04
7.330135e-04
1.303580e-04
7.685302e-04
2.241319e-04
4.409275e-05
7.556161e-04
2.898427e-04
1.866604e-04
2.423511e-05
2.056577e-04
2.497982e-01
2.210806e-03
2.727035e-03
4.109903e-03
2.438745e-03
5.395695e-04
4.318072e-03
4.361629e-03
1.315166e-03
1.504241e-04
1.891823e-03
5.904927e-04
5.699954e-04
2.507619e-04
3.406724e-04
1.050497e-03
1.558386e-03
8.222987e-04
4.517942e-05
1.085533e-03
7.646013e-04
2.417668e-03
3.472032e-04
1.462705e-04
3.822838e-04
9.233754e-04
1.307884e-03
1.565650e-03
4.996612e-05
9.286289e-04
1.018531e-03
1.017433e-03
7.414677e-04
2.556757e-05
9.175713e-04
1.535765e-03
1.247082e-03
2.542709e-04
6.847257e-05
1.030935e-03
1.492727e-03
7.985388e-04
1.760838e-04
7.572577e-05
1.991558e-03
1.073031e-03
1.131376e-03
4.012796e-05
1.908043e-04
4.130579e-03
1.864764e-03
1.131567e-03
1.445334e-03
2.323671e-05
9.711992e-04
9.231084e-04
1.307891e-03
1.445456e-03
1.598673e-04
1.751974e-04
4.106823e-04
1.344191e-03
1.608329e-03
6.149407e-04
4.136196e-04
2.999417e-04
1.975239e-03
1.199831e-03
6.532308e-04
1.971894e-04
1.227814e-04
2.159935e-03
4.369660e-04
6.087085e-04
1.328840e-03
1.698899e-04
2.259096e-03
1.283324e-03
3.016105e-04
1.935882e-03
1.329242e-03
6.247792e-03
4.127744e-03
1.237487e-03
2.495950e-03
3.677113e-03
4.160135e-03
7.953973e-04
5.836036e-04
1.492609e-04
8.229504e-04
4.183750e-04
3.616964e-04
2.268252e-03
2.158641e-04
5.880775e-04
2.122069e-04
2.604759e-04
1.976419e-04
1.215375e-04
1.347373e-04
9.004604e-04
7.951926e-04
4.253100e-03
1.215221e-03
4.656834e-04
3.976201e-04
2.762069e-03
2.185343e-02
2.954565e-02
4.593975e-03
1.864711e-03
7.527188e-05
1.946253e-03
2.141602e-04
2.261410e-03
2.982492e-04
1.911528e-03
1.659537e-03
1.306433e-04
8.440895e-04
9.832632e-05
1.710317e-03
2.463144e-04
3.187589e-04
2.064845e-04
5.226579e-04
6.609345e-04
7.247318e-04
4.046782e-04
7.665554e-04
1.271157e-04
9.433379e-04
1.271560e-03
5.679639e-04
5.452453e-03
3.098446e-04
5.533861e-04
7.176150e-04
5.092769e-04
4.387677e-04
8.932820e-04
1.314886e-03
1.955580e-04
3.282740e-05
1.870197e-03
4.341708e-04
7.020433e-05
8.774581e-04
7.558150e-04
5.622463e-03
4.779994e-04
6.492591e-04
7.817322e-04
7.518611e-04
1.873452e-03
5.101582e-04
9.861987e-04
4.158576e-05
8.949219e-05
1.824650e-01
3.779257e-02
4.170819e-04
1.313275e-03
8.016231e-03
2.580962e-03
7.305341e-04
7.727614e-04
1.034119e-03
3.671600e-03
2.158228e-03
1.728049e-03
4.662042e-04
3.287218e-03
2.765949e-04
3.314842e-03
1.658876e-03
5.175157e-03
4.593411e-03
2.931503e-04
2.129950e-04
3.007981e-04
1.765466e-04
1.022328e-04
1.287739e-03
3.583697e-04
4.463154e-04
9.161143e-05
1.939604e-04
1.962701e-03
1.014259e-03
1.155506e-04
1.248800e-04
3.623031e-03
3.897076e-04
1.737433e-04
1.076044e-03
2.285697e-04
9.802552e-04
7.878056e-04
6.524046e-05
4.694100e-04
1.040623e-04
7.887486e-05
3.630772e-04
2.995878e-04
6.574571e-05
6.963789e-05
4.092294e-04
1.200801e-04
5.904338e-04
2.447814e-04
9.638161e-04
8.994155e-05
4.902975e-04
5.168088e-04
1.537087e-04
3.547799e-04
6.067572e-04
1.167189e-04
7.279713e-04
1.368112e-04
2.216959e-04
3.052654e-04
5.118836e-05
4.101409e-04
3.574820e-04
2.294978e-04
8.315233e-04
6.513011e-04
1.089747e-04
7.037836e-04
1.527585e-03
4.342212e-04
5.505761e-04
2.355990e-04
4.321067e-04
1.645007e-03
4.321241e-04
1.059573e-03
3.888460e-04
1.032411e-03
1.465188e-03
3.710876e-04
2.231046e-03
5.517007e-04
4.371547e-04
1.489397e-03
8.411846e-03
3.148054e-03
1.960776e-03
1.643626e-04
1.177629e-04
3.269784e-04
7.857426e-04
8.053558e-04
5.501756e-05
1.119584e-03
4.616705e-04
9.115769e-05
7.260135e-05
4.032632e-05
4.088026e-05
1.467864e-04
9.004908e-05
6.483046e-04
1.730528e-04
2.252868e-01
9.193456e-03
9.619584e-04
5.254808e-03
8.928630e-03
1.001955e-02
2.694965e-03
6.116809e-04
3.367114e-03
3.799875e-04
3.839302e-03
7.684931e-05
1.930504e-03
1.702035e-03
1.593112e-04
4.510070e-04
4.673489e-04
1.192793e-03
5.863097e-04
8.820543e-05
3.753912e-04
2.033793e-03
4.247436e-04
4.386906e-03
1.158556e-04
5.821145e-03
1.338494e-03
3.649011e-05
4.051581e-03
5.005254e-03
1.063542e-04
5.340555e-03
1.484281e-03
8.550833e-04
4.080038e-03
1.194017e-03
3.413947e-03
1.180403e-03
7.086448e-03
1.223543e-03
6.079014e-03
2.594408e-03
3.315468e-03
8.297845e-05
4.839981e-03
6.050089e-04
9.064017e-03
1.839320e-04
3.251916e-03
5.534504e-03
1.110910e-02
1.205560e-03
7.716844e-05
8.632762e-04
3.264764e-05
3.049484e-04
3.018983e-04
3.886271e-04
4.825563e-04
2.079673e-03
1.687810e-03
9.273900e-02
6.052141e-01
1.000000e+00
1.000000e+00
1.000000e+00
1.000000e+00
1.000000e+00
1.000000e+00
1.000000e+00
1.000000e+00
1.000000e+00
1.000000e+00
1.000000e+00
1.000000e+00
1.000000e+00
1.000000e+00
1.000000e+00
1.000000e+00
1.000000e+00
1.000000e+00
1.000000e+00
1.000000e+00
1.000000e+00
1.000000e+00
1.000000e+00
1.000000e+00
