
8.930744e-01
8.930744e-01
8.930744e-01
8.930744e-01
8.930744e-01
8.930744e-01
8.930744e-01
8.930744e-01
8.930744e-01
8.930744e-01
8.930744e-01
8.930744e-01
8.930744e-01
8.930744e-01
8.930744e-01
8.930744e-01
8.930744e-01
8.930744e-01
8.930744e-01
8.930744e-01
8.930744e-01
8.930744e-01
4.465602e-03
2.994980e-04
5.292273e-03
4.233135e-03
2.627200e-03
1.238163e-03
1.001105e-03
3.549391e-03
1.137386e-02
6.232474e-03
9.541860e-03
1.746983e-03
6.864292e-04
2.166082e-03
6.068562e-04
2.217766e-03
9.367665e-04
6.327453e-04
1.148513e-03
8.676148e-04
6.358041e-04
5.263115e-04
6.342198e-04
1.643879e-03
9.328066e-04
1.799267e-04
1.227036e-03
3.859667e-04
2.974043e-04
1.546687e-03
2.484209e-04
2.925278e-04
1.238823e-04
6.780842e-04
2.377203e-04
4.106289e-05
6.136057e-04
3.688250e-04
1.310618e-03
1.023217e-04
5.600495e-04
7.168168e-04
1.288852e-03
4.072572e-04
3.685277e-03
1.430359e-04
7.630921e-04
2.395808e-03
7.630664e-04
2.866072e-04
6.457143e-04
7.401714e-04
4.377227e-04
5.181764e-04
2.752335e-03
4.027454e-02
1.698477e-02
3.764197e-03
2.325494e-03
4.992481e-05
4.119298e-04
4.561799e-04
5.575822e-04
8.765706e-05
3.025817e-04
4.306443e-04
2.158467e-04
2.533325e-04
1.166008e-03
5.006045e-04
8.213892e-04
1.227161e-03
8.035824e-04
6.208181e-04
5.532715e-04
2.603829e-04
1.234768e-05
5.746356e-04
2.223972e-04
1.658064e-03
2.238776e-04
8.344833e-04
4.521269e-04
5.205363e-04
9.286086e-04
8.237611e-05
2.009955e-04
4.294910e-04
1.474133e-04
2.671875e-04
1.047868e-04
1.167843e-04
1.288640e-03
5.020165e-04
1.032310e-03
4.649409e-04
1.132948e-03
9.852872e-04
4.988351e-04
1.933970e-03
4.784904e-05
3.248352e-03
6.326151e-04
1.583062e-03
2.649016e-03
1.098397e-02
1.280134e-03
4.880343e-04
1.076854e-02
2.914276e-03
5.118952e-04
1.499575e-03
9.738861e-04
1.362400e-02
7.267706e-04
1.370319e-04
2.536389e-03
1.068049e-03
1.109768e-02
1.604442e-03
4.897658e-04
2.047329e-02
2.493955e-02
3.059308e-03
1.053858e-03
4.168352e-03
4.270004e-04
3.825730e-04
7.718710e-04
5.749794e-04
1.253803e-03
3.669015e-04
5.829199e-04
4.148665e-04
2.393233e-04
1.754734e-05
1.940817e-04
7.813757e-05
1.071402e-03
1.230267e-05
1.914331e-04
1.227735e-04
8.524876e-04
1.439914e-05
2.932949e-04
1.105499e-04
1.010190e-04
1.208151e-04
4.923223e-04
2.107628e-04
8.365883e-04
1.807818e-04
2.386576e-04
3.107004e-04
7.084132e-04
4.636149e-04
1.519613e-03
2.372423e-04
4.199849e-04
4.614512e-04
5.834417e-04
5.420646e-04
5.510967e-04
3.890244e-03
5.329197e-03
1.271720e-03
4.630253e-03
8.516759e-04
4.985197e-04
1.431876e-03
2.132104e-04
8.971990e-04
5.178890e-04
3.478936e-04
8.392292e-04
1.589146e-04
1.249563e-04
5.242043e-05
2.032007e-04
1.087776e-04
7.765166e-04
2.190020e-04
1.218884e-03
3.780874e-04
6.597615e-04
6.917025e-04
2.141198e-04
8.690060e-04
3.163549e-05
5.617312e-05
1.968962e-04
3.722280e-04
6.805438e-04
1.123697e-03
5.247401e-04
1.618258e-04
2.236605e-03
2.183968e-04
1.649450e-03
2.231937e-05
3.263913e-04
3.033851e-05
1.090026e-03
9.594401e-04
8.300928e-04
5.939956e-04
1.071843e-03
1.694617e-03
1.634632e-04
1.037278e-03
5.288306e-05
2.540773e-03
3.678633e-04
1.638696e-03
2.824443e-04
3.799282e-04
2.633282e-03
1.592165e-04
3.833679e-03
1.967814e-04
2.375456e-03
9.640549e-04
7.122710e-04
1.070574e-03
8.678032e-05
1.240061e-03
1.953401e-03
1.985047e-03
6.964380e-04
1.577206e-03
8.844478e-04
8.203412e-04
2.981155e-03
2.788583e-06
2.822352e-04
1.905717e-03
1.150996e-04
2.970146e-03
2.030730e-04
2.458651e-05
1.030999e-04
5.313757e-04
1.050595e-02
1.589898e-04
4.325165e-03
4.727054e-03
9.712543e-04
7.107059e-05
3.327881e-03
2.143613e-04
2.381070e-05
2.114348e-03
4.891694e-03
1.989211e-04
1.452643e-01
5.926655e-02
1.196398e-03
1.675096e-03
2.131952e-03
5.082003e-03
5.450537e-03
2.169914e-03
2.631841e-03
1.163614e-03
1.369322e-04
7.928224e-04
6.353199e-04
3.295086e-03
1.453166e-03
4.049448e-03
2.028356e-02
1.106717e-02
2.905398e-03
1.632375e-03
8.468678e-05
2.656747e-03
6.439708e-04
1.509368e-03
1.211780e-04
1.080679e-04
2.876740e-05
1.165592e-04
1.278790e-04
2.636321e-03
4.228709e-04
2.226028e-03
1.565785e-03
9.861117e-04
1.019284e-02
1.136218e-03
4.634757e-03
9.981181e-04
1.949686e-04
5.061739e-03
1.786163e-04
1.730972e-03
4.268935e-04
5.881864e-04
7.095145e-04
1.531130e-03
1.177713e-04
1.058528e-04
1.078593e-04
4.562228e-04
3.223197e-04
4.596325e-04
9.660422e-04
5.477014e-04
3.638942e-04
3.095941e-04
2.677618e-05
2.634223e-04
4.116204e-05
4.052642e-05
4.515089e-05
1.824497e-04
1.848654e-04
1.441567e-04
1.572806e-03
3.834334e-04
4.663972e-04
1.447521e-04
2.541406e-04
1.713162e-04
5.243210e-03
1.277884e-02
1.778762e-01
8.155530e-04
1.649268e-03
7.696519e-03
1.187660e-02
2.679036e-03
4.490338e-03
5.401816e-04
1.269853e-03
3.864683e-04
3.557630e-04
1.177867e-04
2.955892e-04
2.404982e-04
2.867189e-04
2.557574e-05
6.812088e-04
1.313230e-04
1.374991e-03
2.027890e-04
2.713065e-04
1.765600e-04
2.661448e-04
4.907023e-04
6.055092e-04
2.006007e-04
6.639407e-05
1.189284e-04
1.698613e-04
5.336659e-04
8.439098e-04
1.632023e-03
1.468940e-03
2.408670e-05
7.271073e-04
1.479407e-03
2.242457e-03
3.111832e-03
4.578814e-04
3.877843e-03
2.902596e-03
7.995459e-05
3.019343e-03
1.872608e-03
2.799123e-04
5.597320e-04
6.908192e-04
2.377151e-03
2.819356e-04
2.419372e-03
2.014863e-04
3.494970e-03
4.408748e-05
7.556370e-03
3.689513e-03
5.454518e-04
5.827646e-03
4.645623e-04
1.965870e-03
1.306666e-02
6.481444e-03
7.083639e-04
8.441611e-04
1.294484e-02
1.351263e-03
3.833984e-04
1.808738e-03
2.378674e-03
1.398945e-03
2.501267e-04
2.108536e-03
5.775631e-04
1.001666e-03
2.041352e-04
2.538589e-04
1.081121e-03
1.194719e-03
7.252077e-04
9.722330e-04
2.312875e-04
1.112092e-03
3.301410e-04
1.527878e-03
5.932356e-04
1.640446e-04
3.521005e-04
3.002540e-04
5.632498e-04
9.603419e-04
3.791591e-04
1.737344e-03
6.422820e-05
4.904141e-05
1.172825e-04
6.997407e-04
1.608912e-03
3.986511e-04
1.013154e-03
1.504368e-03
7.902509e-03
1.666009e-03
1.727146e-03
3.896044e-04
6.416172e-05
2.870528e-04
2.787035e-04
1.102748e-03
7.625166e-04
8.276779e-05
4.364834e-03
1.491171e-04
2.758991e-04
5.416528e-05
6.494955e-04
2.180529e-04
2.686488e-03
2.938873e-04
1.742580e-04
1.276674e-04
1.092960e-03
2.889201e-05
1.641395e-04
2.476806e-05
2.592440e-04
5.190623e-04
1.278849e-04
3.138170e-04
2.284471e-04
5.092361e-04
1.812719e-04
4.466502e-04
1.538141e-03
3.381711e-04
1.894204e-05
5.915374e-04
9.097710e-05
5.588564e-05
9.107402e-04
1.857328e-04
3.530303e-05
4.138666e-04
1.931971e-04
2.057428e-04
1.800839e-04
2.081941e-04
1.843077e-04
2.837415e-04
5.711996e-05
7.154626e-05
7.433138e-04
1.058980e-04
9.996883e-05
4.920775e-05
1.059977e-04
2.884654e-04
8.969624e-05
2.012714e-04
2.966765e-04
4.347867e-04
9.116560e-05
4.242775e-04
1.057307e-04
3.030517e-04
4.759291e-05
8.100282e-04
1.183289e-04
6.952122e-04
1.194526e-03
2.003689e-03
1.165867e-03
4.203068e-03
4.496562e-04
3.998390e-04
2.740315e-04
1.978714e-04
4.986567e-04
1.255332e-04
8.722612e-04
4.762748e-05
1.025434e-04
1.720405e-03
6.976786e-04
6.077507e-04
2.521047e-03
4.418972e-04
5.907649e-04
1.876400e-02
1.777187e-02
1.386260e-04
2.063927e-02
1.075602e-02
1.306608e-03
1.634660e-03
3.336277e-03
1.853806e-04
4.562172e-04
9.052589e-04
9.998245e-04
8.061650e-02
6.284216e-03
3.450222e-03
6.291633e-04
2.526719e-03
3.125984e-03
2.416881e-04
2.286728e-03
1.606739e-04
1.473101e-03
7.339294e-04
6.969742e-04
1.592103e-03
5.653606e-05
1.344846e-04
4.260780e-04
2.369678e-04
7.671423e-04
3.673557e-04
1.043026e-03
1.275826e-04
2.741918e-03
5.433803e-05
4.896173e-04
5.995430e-04
3.593675e-04
1.516568e-03
3.804926e-04
1.504788e-04
1.241562e-04
3.140313e-03
1.674549e-04
6.310508e-04
1.188379e-03
8.326911e-04
8.403352e-03
4.875891e-03
7.752252e-04
3.852828e-03
9.940146e-04
1.051863e-03
1.351089e-03
4.899133e-04
9.892295e-04
4.147107e-04
1.473373e-04
7.210440e-04
9.291822e-04
3.279906e-04
3.944648e-04
7.104059e-05
1.688589e-04
1.959483e-04
1.024891e-04
1.302948e-04
2.889727e-04
2.241845e-04
8.718667e-04
1.847106e-01
9.836410e-05
2.350356e-03
4.960390e-03
4.714116e-03
1.553283e-03
4.204570e-04
1.931562e-04
2.032028e-03
5.258271e-04
8.594471e-04
1.747015e-04
2.788813e-04
1.911554e-04
6.855875e-05
6.174719e-04
4.321471e-04
7.350491e-04
6.644077e-04
1.272930e-03
2.328332e-03
5.593908e-05
3.391736e-04
6.630109e-04
4.433105e-04
1.903266e-03
3.611540e-04
6.405878e-04
9.808253e-05
5.083107e-04
6.978245e-04
1.381946e-03
8.337318e-04
1.968610e-04
1.855557e-03
7.652055e-06
9.927149e-04
6.891735e-04
1.886658e-03
6.523588e-04
3.214841e-04
2.115894e-04
3.451494e-04
1.488059e-03
1.720358e-03
2.402410e-04
3.525484e-04
1.852751e-05
2.437562e-03
3.847676e-04
2.507152e-03
1.307917e-03
2.084261e-03
2.383912e-03
6.259381e-04
3.819091e-03
8.102300e-03
3.320212e-03
4.219907e-03
9.811644e-04
5.775944e-04
1.051169e-03
1.149213e-03
3.768128e-04
4.393350e-04
2.649080e-04
1.681368e-03
6.929009e-04
5.762008e-04
2.596146e-04
1.171188e-03
6.612108e-04
3.410451e-04
3.972594e-04
1.749583e-04
5.380139e-04
1.868822e-04
4.750904e-04
1.022964e-03
3.601878e-03
2.112248e-03
5.420009e-05
2.588146e-03
5.799593e-04
9.398264e-04
2.143511e-04
2.071626e-04
9.572804e-04
2.285430e-05
3.917810e-04
1.050891e-03
1.151520e-03
2.077561e-04
1.807318e-04
1.452489e-03
3.425764e-03
7.792669e-04
2.519167e-02
1.077760e-02
2.264046e-03
4.306425e-03
4.274545e-05
3.231719e-03
8.071372e-04
1.817287e-04
5.614364e-05
2.583950e-04
3.510615e-04
2.023720e-03
6.648693e-04
7.655887e-04
5.868463e-04
2.064473e-04
4.898420e-03
1.027440e-03
2.136646e-03
7.863546e-04
2.101516e-03
7.138330e-04
1.284465e-04
3.132758e-04
2.347966e-04
4.870550e-04
1.839276e-03
1.266975e-03
9.226584e-04
1.396972e-03
1.212847e-03
8.625541e-04
4.121213e-04
2.143566e-04
7.768920e-05
1.799769e-04
5.351293e-04
2.295797e-04
5.143766e-05
5.169849e-04
6.267862e-04
3.067602e-04
7.269465e-05
5.169267e-04
3.444365e-04
4.053398e-04
3.630181e-04
1.193358e-03
5.783133e-04
5.732634e-04
5.117794e-04
6.084703e-04
1.101407e-04
6.138850e-03
2.878682e-03
7.824479e-03
8.696431e-05
2.818924e-04
6.237572e-05
1.309582e-03
4.331542e-04
2.732912e-05
2.153637e-03
4.829364e-03
1.142358e-02
9.747614e-04
8.484573e-04
9.052546e-04
2.152856e-03
6.927831e-03
8.598030e-02
2.697387e-02
2.706746e-03
1.245812e-03
1.513268e-03
6.204552e-03
3.989081e-03
1.001028e-03
1.215356e-03
1.350343e-03
3.630413e-04
7.067850e-04
8.552801e-04
1.657877e-03
1.336523e-03
3.449735e-03
3.553529e-04
1.456946e-03
9.778088e-04
3.378162e-03
8.202549e-04
3.980712e-04
7.808356e-04
1.203255e-03
1.205272e-03
3.091940e-04
1.391958e-03
2.113177e-05
4.417674e-04
2.104948e-04
2.921525e-04
2.638534e-04
6.706019e-04
7.370653e-04
8.908554e-04
2.033110e-03
1.000151e-03
2.156207e-04
5.809838e-04
4.456691e-05
1.569569e-05
2.983317e-04
7.025693e-04
1.661101e-03
7.131812e-04
6.107513e-04
2.794735e-04
5.862365e-05
8.011566e-04
7.470616e-04
1.314438e-03
7.431805e-04
3.912052e-04
3.883694e-03
1.777149e-03
6.421960e-03
3.166858e-03
9.475127e-04
3.213661e-03
4.069210e-03
3.854244e-03
4.015604e-04
7.199320e-04
4.770606e-04
7.178362e-05
1.916147e-04
1.155988e-03
1.101886e-03
6.733969e-04
1.743163e-03
2.154102e-04
2.201603e-03
7.219154e-05
7.592142e-04
4.539326e-04
1.538540e-04
8.878612e-04
4.998640e-04
6.099585e-04
6.313958e-05
1.973079e-03
2.258442e-03
1.799486e-03
9.651580e-04
3.527708e-04
2.838037e-02
8.366790e-03
8.169950e-04
4.573207e-03
4.908955e-03
2.242596e-05
1.659377e-04
2.037271e-04
9.642785e-04
6.866227e-04
1.048996e-03
8.849920e-04
3.179620e-06
7.615704e-04
6.667558e-04
1.555433e-03
1.136699e-03
4.982807e-04
5.952554e-04
1.615204e-04
9.197244e-04
6.979277e-04
3.604063e-04
3.347560e-04
1.972135e-04
9.800942e-04
5.001386e-04
1.199528e-03
7.133755e-04
1.370351e-04
3.707510e-04
9.948330e-04
7.303484e-04
1.465511e-03
8.889523e-05
1.571502e-04
2.961471e-04
2.527032e-03
3.104364e-03
1.694683e-04
1.935550e-03
7.067029e-04
6.516097e-03
4.677195e-04
1.239305e-03
4.250972e-03
3.150472e-04
5.040141e-03
3.845762e-03
1.710479e-05
4.311042e-04
2.763298e-04
1.813085e-05
3.866760e-05
1.009655e-04
7.459819e-05
2.136779e-01
1.388097e-02
5.021489e-05
1.121343e-03
6.639765e-03
7.234011e-03
5.262109e-04
2.103815e-04
2.698949e-03
5.874310e-04
3.891802e-04
8.349212e-04
7.835469e-04
6.741667e-03
1.635838e-03
2.934725e-03
1.866820e-03
7.017217e-04
1.020481e-03
7.099842e-04
6.321276e-04
3.743968e-04
1.638791e-04
1.058059e-03
1.035029e-04
7.739518e-04
1.655140e-04
1.525929e-03
9.914960e-04
5.579900e-04
1.538731e-03
3.265390e-04
9.296241e-04
4.351931e-06
5.566180e-04
1.541091e-03
1.065198e-03
1.002128e-03
2.968572e-04
4.882858e-04
1.915926e-04
1.725608e-03
1.065155e-03
8.772339e-04
8.645664e-04
4.342520e-05
1.842353e-03
1.065745e-03
1.155102e-03
3.030840e-04
2.767726e-05
6.641829e-04
9.879611e-04
1.844324e-03
6.380731e-04
6.703827e-05
5.268101e-04
1.887634e-03
2.261776e-03
5.826139e-03
1.683413e-04
7.088163e-03
2.188488e-03
2.577502e-03
1.921556e-04
1.580018e-04
1.325149e-03
1.544633e-03
3.197831e-04
1.009113e-03
1.646167e-04
5.571926e-04
1.010911e-03
7.119727e-04
9.325898e-04
2.189204e-04
1.487274e-03
1.416635e-03
9.593106e-05
7.276933e-04
1.846922e-03
2.134219e-04
1.628518e-03
1.560107e-04
6.417487e-04
1.075568e-03
2.703275e-04
1.413515e-03
1.282001e-03
1.496043e-03
6.026002e-03
4.836869e-04
1.939792e-04
1.873091e-03
6.727458e-04
5.615709e-04
8.553765e-05
1.576804e-03
1.023210e-03
1.239518e-03
1.075124e-03
4.439511e-04
6.757258e-05
7.992283e-05
4.214001e-04
4.945836e-04
9.366985e-04
9.325336e-04
1.208097e-03
7.003462e-04
3.307363e-04
4.598306e-04
2.709629e-05
4.337334e-04
2.052783e-04
3.027521e-04
8.081403e-04
1.249160e-03
1.901417e-03
1.331303e-04
1.340422e-03
4.346611e-04
1.693424e-04
1.742044e-04
1.091954e-04
1.910691e-05
2.075545e-04
1.438737e-04
2.999334e-04
7.745637e-04
1.318265e-04
5.763683e-05
6.537110e-05
7.912864e-04
4.286459e-05
4.553585e-04
1.338658e-04
9.877746e-05
3.592733e-04
4.446007e-04
6.930547e-04
6.555106e-04
6.842767e-04
4.342802e-04
1.892388e-04
4.873414e-04
7.864503e-04
1.503139e-04
4.193583e-05
3.778638e-04
4.053611e-04
8.726696e-05
2.932075e-04
2.459186e-04
1.507699e-04
1.132628e-04
3.511457e-04
1.015598e-04
9.102612e-04
1.349099e-04
1.301868e-03
1.251813e-04
1.329054e-03
6.498846e-04
5.997153e-04
2.554976e-03
1.828676e-04
4.658415e-03
1.598801e-04
5.014079e-03
2.921812e-03
1.049890e-03
8.271255e-05
2.333086e-03
7.122005e-03
1.565914e-03
2.858539e-04
6.333169e-05
1.466726e-03
2.206177e-03
3.597507e-04
6.713524e-04
3.118961e-03
6.144914e-05
3.363650e-04
1.944646e-04
1.849530e-02
1.622425e-02
2.773205e-03
1.281558e-03
5.221843e-04
3.160010e-04
3.756343e-04
1.124989e-03
6.133647e-04
1.803936e-03
2.968388e-04
5.170449e-04
1.239067e-03
1.893986e-03
6.687463e-04
7.684661e-05
1.138285e-04
7.001680e-04
7.656919e-04
1.477484e-03
1.921171e-05
2.525317e-04
6.256900e-04
4.297032e-04
1.937056e-04
1.350986e-05
1.113324e-03
6.286608e-04
5.716101e-04
4.780507e-04
7.452838e-06
5.218089e-04
1.414046e-03
1.319224e-03
3.743276e-04
4.925413e-05
1.577325e-04
2.018032e-03
1.017688e-03
1.118371e-03
1.104240e-04
2.661065e-03
1.124897e-02
8.703775e-03
9.644660e-05
3.235225e-03
9.229797e-03
1.424664e-03
1.634826e-03
1.674045e-03
8.049040e-05
1.766734e-04
7.308872e-04
3.932019e-04
2.404334e-03
6.477387e-04
5.898906e-04
4.418060e-05
3.353310e-04
2.961721e-04
1.255710e-03
1.459368e-03
9.720589e-04
8.083308e-04
4.454812e-04
4.961108e-04
1.425603e-04
7.942147e-04
2.303911e-04
7.141449e-04
2.718784e-04
1.815195e-03
2.899914e-04
1.178027e-03
3.131841e-04
3.899333e-04
3.432691e-03
1.976046e-03
6.177290e-04
1.782766e-03
1.178207e-03
7.276877e-05
4.308634e-04
7.968689e-04
1.906839e-03
2.094459e-03
2.951745e-03
2.321164e-03
6.792272e-04
9.959572e-04
2.881460e-03
6.223045e-05
8.285771e-06
2.991439e-06
1.837682e-03
6.543090e-04
7.114225e-04
1.796328e-03
2.039784e-03
1.379855e-03
3.111774e-04
8.347011e-05
1.128473e-04
1.963114e-05
5.213145e-04
5.877651e-04
9.850380e-04
1.009495e-03
2.018923e-03
1.439053e-03
4.955991e-04
4.109164e-03
1.022735e-03
1.421950e-03
2.946154e-03
1.689419e-04
7.752915e-04
6.599041e-04
1.602476e-03
5.400846e-04
1.810066e-05
1.226469e-03
2.571851e-03
2.352999e-04
1.758017e-04
1.077007e-03
8.231271e-04
1.473618e-03
8.601946e-04
1.186615e-03
1.076449e-04
3.985100e-05
3.336827e-04
3.852967e-04
6.626186e-05
5.031345e-03
1.918952e-03
1.128525e-03
6.468216e-04
1.458823e-03
1.170075e-03
1.205333e-02
4.791899e-03
6.624355e-04
1.919958e-03
1.476200e-03
2.129260e-03
7.295304e-03
1.125607e-02
1.410611e-03
2.534908e-03
4.589933e-03
5.253318e-03
1.415955e-03
1.238845e-03
2.649388e-02
4.309821e-03
4.305927e-03
6.938670e-03
3.580893e-03
4.871462e-03
3.198164e-03
2.715255e-03
2.863565e-04
1.313643e-04
4.539781e-04
1.566178e-04
7.715063e-04
7.175631e-04
2.872533e-04
3.824297e-04
1.586791e-03
1.030898e-03
5.239470e-03
1.222561e-03
1.588029e-03
1.692152e-03
2.199627e-04
3.006396e-04
1.804243e-03
1.117476e-03
1.748507e-04
6.184427e-04
3.288447e-04
1.732260e-04
4.845377e-04
2.423469e-04
1.502299e-03
6.486206e-04
1.457526e-04
4.055042e-04
4.935301e-04
1.419865e-03
1.307326e-03
3.802922e-04
2.516539e-03
6.728937e-04
2.574701e-04
1.024820e-03
1.062694e-03
1.800109e-03
4.055342e-04
3.323284e-03
3.386025e-03
9.992248e-04
2.903944e-03
5.887446e-03
2.325575e-03
6.801452e-04
2.641158e-05
8.263343e-04
1.213356e-03
8.874568e-04
1.312210e-03
6.708774e-04
2.935328e-04
1.926251e-04
8.865072e-05
5.515309e-05
1.706925e-04
3.545124e-03
1.222675e-04
6.340127e-04
6.850797e-04
2.221185e-04
2.951941e-04
1.179653e-03
3.444059e-05
5.528722e-04
1.034402e-03
1.694868e-03
8.858386e-04
2.314679e-03
2.057162e-03
2.815594e-04
2.469584e-03
4.411362e-04
2.241003e-04
1.550090e-04
3.392512e-04
2.001997e-04
1.343258e-03
1.460042e-04
3.419323e-04
5.648315e-04
2.562077e-04
7.264169e-04
1.943303e-04
2.888481e-03
1.092490e-03
9.141261e-04
2.555177e-04
2.848264e-04
6.567528e-05
3.337966e-04
1.157676e-03
2.348146e-04
1.883700e-04
3.575735e-04
7.524602e-05
1.276112e-04
1.024685e-04
1.395885e-03
1.567472e-04
4.114106e-05
3.236393e-04
1.559908e-03
5.562273e-04
2.561976e-04
8.618749e-04
8.422763e-05
3.344207e-04
2.155238e-04
4.357411e-04
4.672894e-04
1.526092e-04
1.797899e-04
7.235994e-05
2.700548e-04
3.554002e-04
1.451211e-04
2.807466e-04
1.452035e-04
1.157499e-04
1.085507e-04
3.939482e-04
3.999897e-04
3.259806e-04
1.341636e-04
7.542522e-05
5.803692e-04
1.839790e-04
3.732314e-04
6.728183e-04
4.006122e-04
1.701362e-04
5.146871e-04
9.536892e-05
2.364120e-03
1.985663e-03
1.145555e-04
5.951909e-05
6.066390e-04
6.662916e-04
2.030357e-04
1.581081e-03
1.358005e-03
3.385499e-05
1.162004e-04
4.277686e-04
9.230040e-05
9.126954e-04
5.313677e-04
1.112453e-03
5.321124e-05
2.176570e-03
4.307623e-03
4.058402e-03
4.216359e-03
1.609187e-03
5.527172e-04
1.469328e-03
2.630044e-04
2.206556e-03
1.319562e-04
5.423728e-04
1.038946e-03
2.222275e-04
1.007324e-03
2.656001e-04
1.615896e-04
1.793251e-03
2.668438e-04
5.973705e-04
2.119847e-03
2.694407e-04
8.944462e-04
1.569116e-04
1.478289e-03
7.065625e-04
5.473825e-04
3.112566e-04
1.374627e-04
1.703444e-03
5.435585e-04
1.250461e-03
6.522242e-04
3.436936e-04
3.292251e-04
2.190331e-04
4.026445e-04
1.855434e-04
2.481321e-03
5.431017e-04
7.574386e-04
6.359523e-04
5.536776e-04
1.567554e-04
3.100627e-04
3.549790e-04
8.421956e-04
1.249523e-03
1.849294e-04
2.294955e-04
1.648227e-04
2.207039e-03
1.227690e-03
8.825365e-04
1.347613e-03
2.159482e-04
2.142248e-04
2.638920e-04
1.008416e-03
9.072550e-04
7.596793e-04
9.097674e-04
2.338095e-03
8.844456e-05
4.281637e-04
4.640546e-04
1.092434e-03
9.099815e-04
4.495593e-04
1.569908e-03
5.416180e-05
1.850769e-04
6.744832e-04
1.815707e-03
7.153326e-04
6.647406e-04
8.029846e-05
1.322281e-04
4.227104e-04
7.949515e-04
1.359727e-03
7.208326e-04
1.920012e-04
1.217320e-04
2.309363e-04
8.400145e-04
2.385602e-03
7.991693e-04
1.183203e-03
4.182581e-04
1.935989e-03
2.255943e-03
1.281717e-03
3.974821e-04
9.628437e-05
2.426343e-03
1.724925e-03
5.292394e-04
1.339515e-03
8.086176e-04
2.406883e-03
3.240680e-03
1.480139e-04
4.796201e-03
3.255311e-04
1.282289e-03
3.214175e-03
5.128927e-04
1.760859e-03
1.214224e-03
7.304805e-05
9.508139e-04
6.656550e-04
2.237534e-04
7.812842e-04
1.326334e-04
1.053017e-04
2.831095e-04
2.922800e-04
9.012769e-05
4.753575e-04
5.240210e-04
3.593714e-04
1.617150e-03
9.141219e-04
8.995572e-05
7.756636e-05
2.812035e-03
1.490499e-02
5.890793e-04
1.785836e-03
6.471643e-03
6.806793e-04
1.044921e-03
1.533976e-03
1.538061e-03
3.731148e-04
2.154559e-03
1.034615e-03
5.778031e-04
9.425959e-05
6.042355e-04
3.220727e-04
5.722108e-04
9.843118e-04
9.036771e-04
1.447445e-03
4.697446e-04
2.711371e-03
1.444877e-03
1.462800e-03
4.832638e-03
1.876648e-03
9.610399e-04
1.770237e-03
3.220881e-03
2.629074e-04
5.680956e-05
2.877637e-04
3.522199e-04
2.886296e-04
1.861396e-03
2.333393e-05
2.237189e-05
9.129154e-04
5.450581e-04
1.227916e-04
9.311500e-05
6.028596e-04
5.006537e-05
6.457194e-05
3.684609e-05
2.469475e-04
6.746963e-04
2.177810e-04
7.880953e-05
1.568431e-05
1.343300e-04
1.097951e-04
1.748003e-04
2.860772e-04
1.802397e-04
7.372484e-05
1.274106e-04
6.429623e-05
1.129830e-04
3.648551e-05
7.600400e-04
3.344644e-04
1.030520e-03
6.986811e-05
1.946928e-03
2.691849e-03
1.521819e-03
1.092728e-04
5.014586e-04
4.378152e-04
2.127484e-03
1.038950e-03
1.324272e-03
1.087355e-03
4.531887e-03
1.167520e-02
1.103324e-03
1.483181e-03
1.857470e-03
5.551826e-03
2.208933e-03
1.609472e-04
1.646732e-03
6.006617e-05
2.272429e-03
1.041079e-03
6.627113e-04
2.532158e-04
7.145337e-05
2.333390e-03
6.339832e-04
5.430145e-03
3.232319e-03
1.524171e-03
2.891913e-03
1.359976e-03
7.111514e-04
7.228132e-04
4.184312e-04
6.203690e-04
2.012358e-04
4.733849e-05
2.174505e-03
4.561837e-04
6.553748e-04
1.562285e-03
4.505191e-04
5.074102e-04
1.311870e-04
7.561982e-04
2.000521e-04
2.266803e-04
4.759398e-04
1.564479e-04
6.976562e-04
2.595622e-04
2.825427e-05
6.293556e-05
2.967395e-04
3.525776e-04
4.408975e-04
9.849595e-04
5.563768e-04
5.807356e-04
1.953767e-04
5.610595e-04
2.532497e-04
1.913362e-04
4.543186e-04
5.382548e-04
1.308977e-03
8.687183e-04
4.163980e-04
7.176223e-04
1.085055e-04
2.759627e-05
4.678193e-05
9.550683e-04
9.771824e-04
1.111541e-04
1.572775e-03
2.264723e-04
1.353191e-03
8.865811e-04
1.982624e-04
4.220870e-03
5.078224e-04
3.527752e-03
5.132234e-03
1.713995e-03
1.949298e-04
4.384315e-03
4.385124e-03
1.351975e-03
2.968014e-03
6.389022e-04
6.412796e-04
4.619932e-05
5.224890e-05
3.075178e-04
1.238935e-03
3.442883e-03
3.818705e-02
7.651780e-03
3.665453e-05
4.098753e-03
1.055219e-03
1.130795e-03
1.104903e-03
2.493726e-04
9.549353e-04
7.782445e-04
1.190108e-03
3.900948e-05
5.706503e-04
3.518394e-04
1.303275e-04
4.634797e-04
2.271082e-04
1.332149e-04
2.367161e-04
4.026497e-04
6.045885e-04
4.107887e-05
9.455748e-04
2.428715e-04
2.014186e-03
1.012691e-03
7.533810e-03
7.727231e-04
3.607599e-03
1.305171e-03
2.232915e-04
8.364892e-04
3.079063e-03
2.620236e-04
8.484764e-04
9.525149e-05
1.244189e-04
9.801889e-05
1.240090e-04
8.719398e-02
2.187104e-02
3.870866e-03
1.638399e-03
4.105982e-03
7.769086e-03
3.504522e-03
1.257985e-03
3.196763e-04
3.334059e-04
3.409889e-03
5.277660e-04
8.322372e-03
3.975007e-04
1.225461e-04
1.622881e-03
2.735482e-04
2.502625e-04
2.574425e-04
1.125991e-04
4.105708e-04
5.713339e-05
4.487982e-05
2.172038e-04
1.539271e-04
2.823341e-04
5.266026e-04
1.386677e-02
8.931535e-02
4.859190e-03
7.521296e-04
6.591220e-03
4.033867e-03
3.359095e-03
2.532400e-03
4.958467e-04
1.474355e-03
5.284863e-04
3.906958e-04
1.991544e-04
9.564201e-05
8.709215e-04
2.723673e-04
1.911784e-03
6.770226e-04
6.102639e-04
3.017529e-05
6.423250e-04
1.447723e-04
1.398442e-03
1.013758e-03
1.412102e-03
6.276658e-04
1.666269e-04
8.387332e-04
1.871884e-04
4.053953e-03
2.094951e-03
8.125594e-04
1.889065e-03
1.783214e-03
4.493796e-03
3.663609e-04
7.137940e-04
1.730096e-03
1.914865e-03
1.117800e-03
3.551067e-04
2.100766e-04
5.885268e-05
7.817934e-04
1.333076e-03
1.869941e-03
7.361455e-04
5.049006e-04
7.255359e-05
3.485295e-05
9.380860e-04
8.073933e-04
1.845775e-03
1.237954e-03
5.241343e-04
2.643034e-04
8.778580e-06
3.276810e-05
7.727158e-04
1.171021e-03
2.726616e-03
6.569830e-04
3.519072e-04
3.240645e-05
1.543449e-03
9.367839e-04
2.279235e-03
8.822596e-03
1.909217e-03
3.400957e-03
7.593125e-04
3.320958e-04
4.941895e-04
2.926255e-05
8.626067e-04
1.421023e-04
9.269387e-05
9.436256e-05
1.573346e-04
3.586859e-03
1.553249e-03
1.054025e-04
1.364648e-03
1.518871e-06
2.793551e-04
1.316324e-03
1.615151e-04
9.181050e-04
9.669047e-04
6.574829e-04
8.677965e-04
2.402163e-05
1.173372e-03
1.534777e-03
1.201594e-02
2.452723e-02
4.849121e-03
8.485144e-04
2.320147e-03
1.200900e-03
1.523373e-03
2.654800e-04
1.451314e-03
1.200254e-03
7.808610e-04
4.492095e-05
6.044058e-04
4.851162e-04
2.473397e-03
7.700683e-04
2.645006e-04
2.656081e-04
3.326738e-04
1.263604e-03
3.794511e-04
5.907915e-04
2.916033e-03
3.017997e-04
3.280402e-03
3.795358e-04
1.037057e-03
2.689874e-03
4.541473e-04
1.099931e-03
1.956768e-04
3.196862e-03
2.208384e-03
5.471450e-02
2.281942e-02
4.038864e-04
5.646633e-04
1.161208e-04
3.646527e-03
4.124362e-03
2.486517e-03
8.896408e-04
3.578388e-04
4.235670e-05
1.661836e-04
1.694044e-04
2.108945e-04
4.433152e-04
8.288003e-05
2.007971e-03
3.348841e-05
5.749850e-04
1.876165e-04
2.917825e-04
5.169258e-04
3.821072e-04
9.832671e-04
5.161010e-04
9.608037e-05
2.927626e-05
1.100203e-04
3.756371e-04
2.308880e-03
7.198867e-04
4.235477e-05
4.028347e-03
2.703388e-03
5.408471e-03
1.541757e-02
3.743815e-04
1.988351e-03
1.146650e-04
1.045774e-03
1.190335e-03
1.222204e-04
8.130028e-04
5.229088e-04
1.363157e-03
1.517179e-04
3.887323e-05
5.202336e-05
3.533913e-04
3.012703e-04
2.295910e-04
1.883338e-05
2.512459e-01
6.611393e-03
2.972230e-03
2.707792e-03
1.183842e-02
6.656492e-03
1.987580e-03
1.783565e-03
3.747729e-03
3.723180e-03
1.501617e-03
4.836149e-04
2.837779e-04
1.473867e-03
4.518004e-04
3.396290e-04
1.087599e-04
9.383390e-04
2.146204e-03
2.565067e-04
6.489789e-04
2.111930e-04
7.404138e-04
1.676959e-03
4.889119e-04
5.164105e-04
3.715997e-04
6.440226e-04
1.031870e-03
9.187808e-04
3.070108e-03
2.397441e-03
1.120987e-03
9.665120e-04
2.365883e-03
7.029375e-04
1.652407e-03
1.916841e-05
7.762713e-04
1.033548e-03
9.689056e-04
1.329807e-03
4.689977e-04
2.727264e-04
3.720141e-04
1.077108e-03
1.644676e-03
3.151934e-04
1.183664e-03
4.126800e-04
6.018003e-04
8.273261e-04
6.442570e-03
4.574092e-03
6.059814e-03
1.016711e-04
4.857118e-04
1.057713e-04
9.073056e-04
4.676930e-04
1.942390e-04
8.842300e-04
5.060941e-04
1.846217e-04
2.963342e-05
1.099666e-04
3.134766e-04
1.376340e-04
8.606612e-05
3.862157e-04
3.420015e-01
1.360365e-03
3.367835e-03
4.661949e-03
1.090689e-02
1.867211e-02
2.704566e-03
1.377791e-03
4.753415e-03
4.457724e-04
1.594645e-03
1.732225e-03
6.790541e-04
3.379285e-03
2.233111e-04
6.394430e-05
1.292236e-03
1.358551e-03
8.539684e-04
1.991947e-03
8.460024e-05
1.869250e-03
1.533584e-03
5.872331e-05
5.546341e-04
2.048832e-03
9.184259e-04
6.434608e-04
7.799877e-04
9.100874e-04
1.470648e-03
1.649320e-03
7.135110e-03
1.299377e-03
1.467195e-03
1.750198e-03
2.223755e-03
4.722393e-04
3.743456e-03
2.064330e-03
6.881335e-03
1.805741e-03
1.603427e-03
5.909975e-03
2.152079e-03
1.918489e-02
7.763157e-04
4.383004e-03
9.608470e-03
1.084734e-02
1.220288e-03
2.319368e-02
9.470745e-04
3.175301e-05
1.245384e-03
7.013165e-03
6.316105e-03
1.967342e-03
3.092271e-03
5.554649e-04
4.193209e-04
1.215735e-04
6.313963e-04
1.602403e-04
4.236102e-04
1.099913e-03
1.258673e-04
5.598737e-05
2.646691e-03
2.942240e-04
1.377062e-04
1.760631e-04
8.724806e-02
6.340990e-03
2.910029e-04
1.293720e-03
7.741391e-03
1.191889e-02
5.942850e-04
3.404160e-04
8.768494e-04
1.248767e-04
9.477968e-05
3.170737e-03
1.318133e-03
3.048302e-04
2.557816e-04
4.682423e-03
4.052202e-03
1.181352e-04
7.304654e-03
2.673112e-03
4.799429e-04
3.543681e-04
1.973617e-03
1.081951e-03
2.304039e-03
1.000000e+00
8.930744e-01
8.930744e-01
8.930744e-01
8.930744e-01
8.930744e-01
8.930744e-01
8.930744e-01
8.930744e-01
8.930744e-01
8.930744e-01
8.930744e-01
8.930744e-01
8.930744e-01
8.930744e-01
8.930744e-01
8.930744e-01
8.930744e-01
8.930744e-01
8.930744e-01
8.930744e-01
8.930744e-01
8.930744e-01
8.930744e-01
8.930744e-01
