
8.523859e-01
8.523859e-01
8.523859e-01
8.523859e-01
8.523859e-01
8.523859e-01
8.523859e-01
8.523859e-01
8.523859e-01
8.523859e-01
8.523859e-01
8.523859e-01
8.523859e-01
8.523859e-01
8.523859e-01
8.523859e-01
8.523859e-01
8.523859e-01
8.523859e-01
8.523859e-01
8.523859e-01
8.523859e-01
2.868222e-03
2.118063e-03
1.449853e-02
5.611022e-03
3.224218e-04
9.614855e-03
4.427104e-03
1.448543e-03
2.845657e-03
2.616450e-03
2.242647e-03
7.431412e-04
2.429014e-04
8.435785e-05
4.432076e-04
3.796307e-04
7.250893e-04
1.134893e-03
2.157564e-04
3.794147e-04
4.836843e-05
2.240648e-04
5.115361e-04
7.951595e-04
1.419734e-03
1.845296e-03
1.933959e-03
6.187533e-04
1.568556e-03
4.954095e-04
2.862220e-04
2.404366e-04
9.215626e-05
1.074253e-04
1.485296e-04
1.626436e-03
9.894377e-04
1.305265e-03
1.615425e-03
3.255970e-04
1.500049e-03
3.846360e-04
1.521908e-04
3.312945e-04
2.048654e-04
1.400263e-04
1.605965e-03
8.268217e-05
5.221093e-04
4.508610e-05
3.653611e-04
4.724091e-05
4.777230e-04
8.315298e-05
3.338287e-04
2.215737e-04
1.011365e-03
2.786247e-04
6.465130e-04
8.605149e-04
1.097717e-03
8.924829e-04
9.538509e-04
4.154244e-04
3.473733e-04
9.517182e-04
1.299772e-04
4.343106e-04
6.691980e-05
2.000912e-04
8.568298e-05
2.006247e-04
1.123471e-04
4.236710e-04
3.806059e-04
8.655781e-04
8.427631e-04
1.913914e-03
6.983546e-04
1.014158e-03
7.371874e-04
3.098462e-04
3.670020e-04
8.031439e-05
9.282869e-04
6.252562e-05
1.292634e-03
2.879285e-04
1.348362e-03
1.254332e-04
1.955589e-04
1.285928e-03
8.357525e-04
3.927000e-03
2.756732e-03
2.133484e-03
3.627911e-03
6.332116e-03
6.453837e-04
1.029233e-04
3.666936e-04
1.106384e-03
3.298238e-04
2.347063e-03
3.921160e-03
4.307066e-04
5.512187e-04
5.077237e-03
2.695342e-04
1.198206e-03
5.309545e-04
1.849719e-03
8.607381e-04
2.249357e-03
7.393985e-04
1.101503e-03
1.891524e-04
1.826968e-03
2.674943e-03
6.942421e-04
2.925800e-03
3.566945e-04
1.272634e-03
1.757427e-04
4.266966e-04
1.736916e-03
1.739301e-03
1.641287e-03
6.627757e-04
4.685054e-04
1.443436e-03
7.339002e-03
1.044410e-02
1.598042e-02
7.155953e-04
5.358532e-04
5.635151e-04
1.228701e-04
1.509559e-03
4.602023e-04
1.022791e-03
1.745437e-03
5.144549e-04
8.986337e-04
1.431533e-03
1.773462e-03
2.083645e-03
2.554002e-03
2.952629e-03
1.953853e-04
1.766241e-03
1.458981e-03
2.262654e-03
1.046838e-03
1.335102e-04
3.069742e-04
1.111295e-03
1.720699e-03
1.796647e-03
4.126808e-05
7.884682e-05
2.065147e-03
2.640902e-03
1.961769e-03
2.994035e-04
5.396333e-05
1.368915e-03
2.574027e-03
1.816095e-03
3.933923e-04
3.307055e-04
3.708781e-04
1.390816e-03
2.032459e-03
1.230535e-03
4.520847e-04
1.519141e-05
1.526220e-03
6.491112e-04
1.237920e-03
2.205705e-03
4.196909e-04
1.109474e-03
5.108921e-04
1.851597e-03
1.323208e-03
4.648159e-04
1.418701e-03
2.547343e-04
1.338243e-03
5.117721e-04
1.751044e-03
2.203236e-03
1.669268e-03
1.942885e-03
1.854977e-05
2.513135e-03
1.437994e-03
5.455440e-03
3.166072e-03
1.043245e-03
4.967427e-03
4.601813e-03
3.911722e-03
1.749811e-03
2.631994e-03
6.390650e-04
4.569676e-04
1.863329e-03
4.612538e-05
2.018780e-03
1.301316e-03
6.971833e-04
1.314141e-03
1.579363e-03
5.783063e-04
8.956332e-04
1.088204e-03
2.360431e-04
4.491743e-04
4.264525e-04
4.657443e-04
1.808955e-03
7.426394e-04
8.627830e-04
4.921572e-03
8.858529e-04
8.533667e-04
2.873636e-03
2.910735e-03
1.475981e-02
3.129881e-02
1.238304e-02
5.679908e-03
2.035235e-04
1.135284e-03
1.041117e-03
1.075519e-03
1.220076e-03
9.674440e-06
2.540028e-03
8.480694e-04
1.174801e-03
3.672976e-03
1.369030e-03
4.807932e-03
3.647871e-04
4.622333e-04
1.974367e-03
1.606874e-03
1.095384e-03
2.163915e-03
1.014099e-03
4.806588e-03
1.383533e-03
4.933019e-04
4.948027e-04
2.892205e-03
9.132702e-04
2.057139e-03
4.491217e-04
2.293465e-04
2.527276e-04
6.848102e-04
1.191574e-03
9.719363e-04
3.288276e-04
6.207680e-05
6.810032e-04
1.751774e-03
3.713356e-03
3.272312e-04
1.601797e-04
5.331018e-04
4.176103e-03
7.086810e-03
1.093816e-03
4.376149e-04
1.715657e-04
2.657449e-04
1.818167e-03
4.302695e-04
2.293307e-04
3.906708e-04
4.458890e-04
2.196440e-03
7.291754e-04
3.258965e-03
1.713590e-03
5.458725e-04
6.467787e-04
1.616308e-04
7.998136e-04
6.589547e-05
4.451464e-05
3.840703e-05
5.259659e-04
2.376834e-05
1.292003e-04
1.990519e-03
2.380652e-03
6.777574e-04
2.653311e-03
2.105492e-01
2.929455e-03
1.875920e-03
4.545386e-03
3.457560e-03
6.344659e-04
3.866222e-03
1.658386e-03
8.998808e-04
1.635006e-04
2.718011e-04
4.517225e-04
1.141729e-03
2.029322e-04
2.000652e-03
2.616947e-04
1.775556e-03
1.891097e-03
1.308892e-03
2.039686e-04
7.756154e-04
5.633646e-04
4.389400e-04
8.257829e-04
1.384438e-03
1.030481e-02
3.202661e-03
1.751999e-04
4.034820e-04
7.071612e-04
7.250216e-05
9.859405e-04
5.053594e-05
1.476479e-04
4.395412e-04
2.513122e-04
2.821398e-04
1.126393e-03
2.121416e-03
1.271378e-03
1.222679e-03
1.531241e-04
1.578503e-04
2.040352e-04
1.592594e-03
9.743355e-04
1.408399e-03
1.041180e-03
6.554544e-04
2.900700e-04
8.259639e-05
9.139995e-04
1.899251e-03
1.527208e-03
6.137133e-04
1.484470e-04
3.127361e-04
1.096742e-03
1.565691e-03
1.163260e-03
3.989512e-05
5.485296e-04
1.617862e-03
1.171507e-03
1.899424e-04
3.764193e-04
2.661852e-03
7.035066e-04
3.176669e-05
3.402045e-04
1.741818e-03
6.473583e-04
1.856481e-05
7.708040e-04
1.759494e-03
1.458708e-03
2.368010e-04
1.598538e-03
2.138114e-04
3.586412e-04
3.476471e-03
1.843044e-03
3.823188e-04
1.146546e-03
9.547965e-04
4.312858e-03
7.923176e-04
8.479554e-04
3.008351e-03
1.954012e-03
1.414451e-04
3.623781e-03
1.049331e-03
1.434898e-03
9.837638e-04
1.805450e-04
1.948013e-03
1.650566e-03
8.239330e-04
4.018330e-03
1.217674e-03
4.524394e-04
2.666367e-03
7.399654e-03
3.679055e-03
9.919364e-04
1.709051e-04
1.864128e-03
3.154739e-03
1.135435e-04
8.405643e-04
5.562489e-04
1.252961e-03
2.701998e-04
1.665760e-04
1.953879e-04
2.739914e-04
2.066383e-04
3.815076e-04
2.327289e-04
1.350209e-05
4.264224e-04
1.598853e-04
3.358809e-04
5.373645e-04
9.784398e-04
8.388298e-04
2.134029e-03
3.765460e-04
7.831680e-04
1.061754e-03
5.613338e-04
2.616706e-05
1.999963e-04
8.523012e-04
3.046207e-03
3.490376e-04
6.573582e-03
7.559230e-03
1.570048e-03
1.121636e-02
3.361147e-03
1.238225e-04
1.439034e-04
3.006701e-04
1.449484e-04
5.656613e-04
4.158250e-04
2.709668e-04
8.527305e-04
6.922873e-04
1.758883e-04
2.703364e-03
1.944150e-04
1.656397e-04
3.074436e-04
8.449535e-05
1.432583e-04
1.166357e-04
2.089354e-04
1.463810e-03
1.746324e-03
6.764764e-04
3.851494e-04
4.833183e-05
3.024000e-03
6.291573e-04
5.307538e-04
2.309604e-03
5.692337e-04
2.079094e-04
4.928800e-04
1.129123e-03
5.683403e-04
5.486297e-04
5.957377e-04
3.050931e-04
1.037972e-04
1.686805e-04
1.680076e-04
5.270618e-05
1.857589e-04
1.994482e-04
5.316703e-05
1.285951e-04
4.569416e-05
2.610189e-04
1.257987e-03
1.287244e-03
2.393169e-04
9.225080e-05
3.456287e-04
1.411220e-04
1.593555e-04
3.495586e-04
8.291563e-05
3.492632e-04
1.779816e-04
1.029666e-04
6.733866e-04
3.301263e-04
8.179332e-05
8.771005e-05
6.124361e-04
2.512526e-04
1.455040e-04
1.272496e-04
8.914447e-05
6.203830e-05
1.042849e-03
1.799566e-04
5.191476e-04
2.541516e-04
1.336941e-04
7.230879e-05
3.185394e-04
4.187472e-05
1.348683e-04
5.006294e-04
5.024548e-04
7.732969e-04
1.944604e-04
1.963984e-04
3.077224e-05
1.691853e-04
2.095774e-04
1.626070e-03
3.062558e-04
8.487632e-04
4.007783e-04
8.140783e-02
1.097967e-02
4.030155e-04
1.075886e-03
5.265690e-03
7.982532e-03
3.563119e-04
1.273899e-02
8.738241e-03
2.015207e-03
2.505160e-03
1.520121e-03
1.437585e-04
1.630182e-03
9.488321e-04
1.676022e-03
3.489604e-04
1.831190e-03
1.247072e-04
2.742964e-04
6.630645e-05
3.601661e-04
1.599915e-04
2.784283e-04
4.274851e-04
2.124239e-03
4.987815e-04
9.525057e-04
8.424534e-03
4.396854e-03
3.170428e-03
2.703797e-03
2.855528e-04
5.835702e-04
1.332597e-03
1.545481e-03
1.591554e-04
1.062748e-03
1.158508e-04
1.391551e-04
4.419737e-03
8.036548e-04
3.249619e-04
1.167946e-04
1.672285e-03
3.213924e-05
2.504182e-04
1.327067e-04
1.692654e-03
9.651386e-04
7.750672e-04
5.570366e-05
5.362358e-05
2.203283e-01
4.856415e-02
3.799921e-04
4.204385e-03
1.472757e-03
3.075233e-03
1.049188e-02
7.045106e-03
3.029001e-03
2.049261e-03
1.204698e-03
2.096846e-03
3.379492e-04
9.131937e-04
4.426637e-04
3.910659e-04
4.063544e-04
4.491193e-04
8.056239e-04
5.739863e-04
1.078369e-03
5.533346e-04
1.274894e-03
4.791002e-04
1.100642e-03
9.701296e-04
1.610802e-04
3.464592e-03
3.234571e-04
3.490661e-04
5.200518e-03
1.554294e-03
4.302944e-04
1.360541e-02
1.217969e-02
1.495821e-03
2.058561e-02
7.508786e-03
1.418671e-03
2.218036e-03
9.765988e-04
5.344772e-04
2.474187e-03
1.587797e-02
2.517946e-02
7.138097e-03
5.226277e-04
1.903137e-03
2.010815e-03
1.694628e-03
1.179947e-03
2.159535e-03
4.776598e-04
1.150570e-03
8.549580e-04
7.977799e-04
2.372533e-04
1.946343e-04
9.247680e-05
6.569936e-04
1.832337e-03
2.898309e-04
6.966653e-04
1.406113e-03
1.270319e-03
7.222985e-04
3.549666e-03
1.281225e-03
3.424546e-04
1.125750e-03
1.451964e-03
3.150524e-04
7.170651e-04
1.026424e-03
1.524621e-03
1.449627e-03
2.510658e-03
1.782932e-03
1.188143e-02
1.950696e-02
3.380721e-03
1.341000e-03
4.224120e-04
3.037512e-03
1.379232e-04
1.261500e-03
2.655903e-04
7.547253e-04
8.224499e-05
2.501016e-04
2.004249e-05
1.497968e-04
2.382735e-04
5.916679e-04
2.704894e-04
6.728872e-04
4.055137e-04
1.299576e-03
2.133676e-04
4.726329e-04
2.637894e-04
5.657178e-04
5.070448e-05
5.987279e-04
2.326401e-04
1.606443e-04
3.970453e-04
1.119886e-04
4.098081e-04
1.188003e-04
2.322021e-04
3.894103e-04
1.033327e-04
4.453384e-04
2.181366e-04
7.460093e-04
5.775689e-04
1.467470e-03
6.679951e-04
8.243094e-04
7.409337e-03
1.102707e-03
5.424187e-04
1.263996e-03
2.561454e-04
6.749273e-04
2.923784e-03
7.102521e-03
3.626781e-04
8.415532e-03
8.901070e-03
1.351607e-04
1.829572e-03
1.394745e-02
2.692637e-05
3.565913e-03
1.137619e-02
6.054590e-04
3.595952e-04
5.290001e-04
5.878200e-05
3.150231e-04
6.598209e-06
4.993729e-05
1.210554e-04
3.264128e-04
5.342804e-05
2.008049e-04
1.469690e-04
4.571998e-04
1.992211e-02
9.902500e-02
7.044157e-04
2.537236e-04
8.366837e-04
2.732917e-04
1.774561e-02
1.448081e-02
1.047803e-03
3.434484e-03
7.396632e-03
2.874962e-04
3.410307e-03
3.104715e-04
3.493389e-04
2.855883e-03
5.067661e-04
2.658703e-03
5.936367e-06
3.557453e-04
1.464863e-03
2.140139e-03
2.129331e-03
4.067666e-04
3.095661e-03
9.566870e-05
3.897874e-03
5.351075e-03
1.214132e-03
4.776945e-04
1.977384e-03
1.728907e-03
1.491589e-03
1.188676e-03
1.415170e-03
1.716733e-03
1.364199e-03
2.747627e-04
4.775572e-05
3.387625e-03
7.962722e-04
1.133632e-03
2.339537e-04
2.161938e-04
1.141461e-03
2.626861e-03
1.033942e-03
4.968870e-04
3.801427e-04
2.775736e-03
2.544875e-03
1.325510e-03
1.138910e-03
2.275440e-04
8.764690e-04
2.252836e-03
9.364172e-04
4.627485e-04
1.879093e-05
1.712883e-03
1.182362e-03
1.210104e-03
1.816167e-03
3.761163e-05
4.950705e-03
1.638701e-03
7.478013e-03
1.440634e-03
5.082356e-04
3.039523e-03
1.798202e-04
1.639626e-03
1.048915e-03
2.055323e-03
5.296959e-04
2.115327e-04
1.796728e-03
1.457886e-03
1.568517e-03
6.847769e-04
1.551772e-03
2.271842e-03
9.350200e-04
5.309106e-04
2.061151e-03
2.270996e-03
3.443158e-04
6.999162e-04
1.150765e-03
2.798312e-03
4.913423e-05
3.004872e-03
1.321247e-03
1.890991e-04
1.482026e-04
1.503570e-03
2.244994e-03
1.556676e-03
6.191192e-05
1.571519e-03
2.072820e-03
7.072733e-04
5.697800e-04
1.275178e-03
2.066448e-03
5.045119e-04
5.795969e-05
3.308562e-03
1.289332e-03
1.970140e-03
1.147917e-03
1.849341e-03
2.708160e-03
2.953525e-03
2.901916e-03
2.443332e-03
5.138335e-04
7.402904e-04
5.576634e-04
2.457019e-04
1.607412e-04
9.654525e-04
5.604141e-03
3.753864e-02
1.134710e-02
3.377374e-04
1.275729e-02
7.672208e-03
1.910684e-03
3.607651e-03
1.984175e-03
9.525645e-04
4.784414e-04
1.128641e-03
2.763724e-03
2.919607e-03
3.297380e-04
1.303294e-03
8.127043e-04
1.780012e-03
6.361778e-04
1.418373e-03
4.064354e-03
1.083384e-03
3.041698e-04
4.104392e-03
1.954177e-03
3.189855e-04
3.121034e-03
8.479539e-04
6.669433e-04
4.821735e-03
3.938056e-04
4.477887e-03
1.241505e-03
8.546621e-05
2.103234e-03
1.936882e-03
6.222558e-04
3.374538e-03
9.778088e-04
2.483373e-03
1.458491e-04
1.353713e-04
1.220595e-03
4.041683e-03
4.570480e-04
2.930309e-03
9.061979e-04
2.186205e-03
7.525148e-04
2.579236e-04
1.586165e-03
4.157075e-05
6.042195e-05
3.240452e-04
3.255487e-03
7.222797e-04
9.169548e-04
4.198911e-04
8.139182e-04
6.040405e-03
3.334389e-03
2.187122e-03
1.181003e-03
3.325863e-04
7.409957e-04
9.406446e-04
1.713186e-03
3.085340e-03
1.437957e-03
3.903999e-03
3.468792e-04
5.243635e-04
5.814343e-04
2.321962e-03
2.134835e-03
3.088338e-04
2.143350e-04
4.069432e-03
6.123199e-04
1.285216e-04
3.775995e-04
1.986877e-03
1.554339e-04
2.895870e-03
2.920715e-03
5.736356e-05
1.274364e-04
1.250661e-03
1.790130e-04
1.919993e-03
3.407388e-03
1.180061e-03
5.830153e-04
1.301654e-03
3.163493e-03
1.420106e-02
1.000000e+00
8.523859e-01
8.523859e-01
8.523859e-01
8.523859e-01
8.523859e-01
8.523859e-01
8.523859e-01
8.523859e-01
8.523859e-01
8.523859e-01
8.523859e-01
8.523859e-01
8.523859e-01
8.523859e-01
8.523859e-01
8.523859e-01
8.523859e-01
8.523859e-01
8.523859e-01
8.523859e-01
8.523859e-01
8.523859e-01
8.523859e-01
8.523859e-01
