9.200000e-02 -1
0.280000 1
0.384000 1
0.452000 1
0.508000 1
0.616000 2
0.684000 1
0.772000 1
0.892000 1
0.952000 1
1.000000 1
1.052000 1
1.128000 1
1.184000 1
1.248000 1
1.272000 1
1.820000e+00 -1
1.888000 1
1.964000 1
2.020000 1
2.068000 1
2.124000 1
2.216000 1
2.256000 1
2.300000 1
2.380000 1
2.448000 1
2.500000 1
2.568000 1
2.608000 1
2.652000 1
2.700000 1
2.784000 1
2.836000 1
2.908000 1
3.012000 1
3.080000 1
3.108000 2
3.208000 1
3.280000 1
3.340000 1
3.396000 1
3.432000 1
3.480000 1
3.548000 1
3.656000 1
3.696000 1
3.724000 1
3.776000 1
3.812000 1
3.880000 1
3.956000 1
4.012000 1
4.056000 1
4.176000 2
4.224000 1
4.272000 1
4.304000 1
4.360000 1
4.396000 1
4.472000 1
4.536000 2
4.556000 1
4.876000e+00 -1
4.948000 2
5.000000 2
5.028000 1
5.072000 2
5.092000 2
5.152000 2
5.208000 2
5.268000 1
5.320000 2
5.352000 2
5.396000 1
5.428000 2
5.500000 1
5.528000 1
5.548000 2
5.584000 2
5.616000 2
5.668000 2
5.700000 2
5.724000 2
5.756000 1
5.792000 2
5.828000 1
5.920000 1
5.968000 2
5.992000 2
6.040000 1
6.084000 1
6.116000 2
6.144000 2
6.168000 2
6.228000 1
6.288000 1
6.320000 2
6.356000 2
6.420000 1
6.460000 2
6.536000 1
6.592000 2
6.616000 2
6.624000 1
6.964000e+00 -1
7.044000 1
7.120000 1
7.168000 1
7.256000 1
7.376000 1
7.448000 2
7.520000 1
7.600000 1
7.700000 1
7.788000 1
7.836000 1
7.940000 1
7.996000 2
8.040000 1
8.052000 1
8.364000e+00 -1
8.384000 1
8.448000 2
8.484000 2
8.564000 1
8.612000 1
8.688000 1
8.728000 1
8.780000 1
8.820000 1
8.856000 2
8.884000 2
8.956000 1
9.020000 2
9.060000 1
9.128000 1
9.204000 1
9.280000 1
9.336000 1
9.384000 1
9.416000 2
9.448000 2
9.484000 2
9.552000 1
9.592000 1
9.632000 1
9.676000 2
9.760000 1
9.796000 1
9.840000 1
9.864000 1
9.920000 2
9.952000 1
10.000000 2
10.036000 1
10.076000 1
10.112000 1
10.160000 1
10.228000 1
10.304000 1
10.356000 1
10.444000 1
10.524000 1
10.592000 2
10.660000 1
10.692000 1
10.788000 1
10.876000 1
10.912000 2
11.000000 1
11.044000 1
11.116000 1
11.160000 1
11.228000 1
11.268000 1
11.296000 1
11.324000 1
11.364000 1
11.384000 1
1.150400e+01 -1
