
9.941206e-01
9.941935e-01
9.943540e-01
9.945291e-01
9.944999e-01
9.942956e-01
9.940476e-01
9.939893e-01
9.943394e-01
9.948938e-01
9.951418e-01
9.945291e-01
9.934057e-01
9.930118e-01
9.948500e-01
9.985411e-01
1.000000e+00
9.907213e-01
9.599090e-01
8.985615e-01
8.041988e-01
6.833859e-01
5.509746e-01
4.253618e-01
3.224060e-01
2.507878e-01
2.098068e-01
1.912640e-01
1.831962e-01
1.739904e-01
1.558999e-01
1.265610e-01
8.951914e-02
5.300245e-02
2.741305e-02
2.162115e-02
3.904062e-02
7.563025e-02
1.202585e-01
1.587885e-01
1.792134e-01
1.761059e-01
1.521942e-01
1.159401e-01
7.722047e-02
4.308182e-02
1.631069e-02
-3.443044e-03
-1.706933e-02
-2.380952e-02
-2.097923e-02
-5.850257e-03
2.194211e-02
5.914449e-02
9.929388e-02
1.346726e-01
1.592116e-01
1.700076e-01
1.678046e-01
1.557831e-01
1.380427e-01
1.179388e-01
9.728058e-02
7.652019e-02
5.538049e-02
3.374475e-02
1.251751e-02
-6.448413e-03
-2.043943e-02
-2.675654e-02
-2.379493e-02
-1.186099e-02
6.623483e-03
2.763189e-02
4.674370e-02
6.060341e-02
6.816060e-02
7.080124e-02
7.141398e-02
7.303338e-02
7.697246e-02
8.231209e-02
8.620740e-02
8.517157e-02
7.669526e-02
6.022409e-02
3.737745e-02
1.151085e-02
-1.321779e-02
-3.254844e-02
-4.300887e-02
-4.258578e-02
-3.138130e-02
-1.193394e-02
1.110236e-02
3.228583e-02
4.691877e-02
5.295868e-02
5.177696e-02
4.788165e-02
4.726891e-02
5.520542e-02
7.415675e-02
1.025910e-01
1.348477e-01
1.627130e-01
1.777690e-01
1.743989e-01
1.519900e-01
1.154733e-01
7.370448e-02
3.634162e-02
1.043126e-02
-1.619398e-03
-1.706933e-03
5.894024e-03
1.730275e-02
3.044760e-02
4.475957e-02
5.975724e-02
7.392332e-02
8.499650e-02
9.154704e-02
9.468371e-02
9.825805e-02
1.067052e-01
1.223448e-01
1.434115e-01
1.640698e-01
1.775210e-01
1.795927e-01
1.709267e-01
1.561771e-01
1.413399e-01
1.300916e-01
1.225490e-01
1.162757e-01
1.090978e-01
1.012051e-01
9.504844e-02
9.338527e-02
9.656571e-02
1.017157e-01
1.042542e-01
1.007382e-01
9.124066e-02
7.942344e-02
6.979458e-02
6.500934e-02
6.404645e-02
6.375467e-02
6.169760e-02
5.894024e-02
6.009279e-02
7.064076e-02
9.275794e-02
1.232639e-01
1.542221e-01
1.769374e-01
1.865663e-01
1.848302e-01
1.789799e-01
1.780170e-01
1.879669e-01
2.088585e-01
2.349732e-01
2.577031e-01
2.695203e-01
2.675654e-01
2.545956e-01
2.381098e-01
2.272701e-01
2.293126e-01
2.463235e-01
2.739554e-01
3.023313e-01
3.194153e-01
3.154470e-01
2.868377e-01
2.378180e-01
1.788632e-01
1.227679e-01
7.990488e-02
5.523459e-02
4.767740e-02
5.193744e-02
6.190184e-02
7.266865e-02
8.194736e-02
8.916900e-02
9.462535e-02
9.854984e-02
1.011905e-01
1.027661e-01
1.039624e-01
1.052025e-01
1.063988e-01
1.069240e-01
1.059903e-01
1.038165e-01
1.023722e-01
1.049253e-01
1.144374e-01
1.316381e-01
1.532592e-01
1.723710e-01
1.802638e-01
1.698617e-01
1.387868e-01
9.081758e-02
3.507236e-02
-1.673378e-02
-5.395075e-02
-6.982376e-02
-6.241246e-02
-3.367180e-02
1.232785e-02
7.106384e-02
1.378385e-01
2.072975e-01
2.722339e-01
3.239087e-01
3.534226e-01
3.548669e-01
3.277749e-01
2.785510e-01
2.188229e-01
1.619398e-01
1.185370e-01
9.351657e-02
8.522993e-02
8.768091e-02
9.388130e-02
9.894374e-02
1.012780e-01
1.019199e-01
1.022555e-01
1.023868e-01
1.008257e-01
9.544234e-02
8.571137e-02
7.386496e-02
6.441118e-02
6.220822e-02
7.011555e-02
8.719946e-02
1.092729e-01
1.303688e-01
1.452789e-01
1.511584e-01
1.481530e-01
1.386992e-01
1.265319e-01
1.155608e-01
1.091853e-01
1.094771e-01
1.165091e-01
1.280200e-01
1.396038e-01
1.463731e-01
1.448267e-01
1.348477e-01
1.198500e-01
1.057131e-01
9.828723e-02
1.009862e-01
1.136059e-01
1.323384e-01
1.513626e-01
1.644491e-01
1.668563e-01
1.564542e-01
1.346872e-01
1.063988e-01
7.885446e-02
5.972806e-02
5.428630e-02
6.338994e-02
8.318744e-02
1.067344e-01
1.268528e-01
1.389181e-01
1.420256e-01
1.382470e-01
1.309086e-01
1.231618e-01
1.171364e-01
1.143645e-01
1.161444e-01
1.234098e-01
1.361024e-01
1.525298e-01
1.693511e-01
1.828898e-01
1.903887e-01
1.913078e-01
1.871353e-01
1.804534e-01
1.735819e-01
1.682131e-01
1.651202e-01
1.650327e-01
1.687092e-01
1.769666e-01
1.897030e-01
2.058386e-01
2.229954e-01
2.385475e-01
2.505690e-01
2.586514e-01
2.633929e-01
2.655958e-01
2.651436e-01
2.606793e-01
2.502188e-01
2.326535e-01
2.093838e-01
1.845968e-01
1.641136e-01
1.530987e-01
1.531425e-01
1.607289e-01
1.679797e-01
1.653974e-01
1.461251e-01
1.093021e-01
6.140581e-02
1.461835e-02
-1.717145e-02
-2.329890e-02
7.294585e-05
4.861111e-02
1.115342e-01
1.753618e-01
2.281162e-01
2.624883e-01
2.768587e-01
2.739408e-01
2.580095e-01
2.320991e-01
1.964869e-01
1.491597e-01
8.795810e-02
1.327614e-02
-7.059699e-02
0.000000e+00
0.000000e+00
0.000000e+00
0.000000e+00
0.000000e+00
0.000000e+00
0.000000e+00
0.000000e+00
0.000000e+00
0.000000e+00
0.000000e+00
0.000000e+00
0.000000e+00
0.000000e+00
0.000000e+00
0.000000e+00
0.000000e+00
0.000000e+00
0.000000e+00
0.000000e+00
0.000000e+00
0.000000e+00
0.000000e+00
0.000000e+00
0.000000e+00
0.000000e+00
0.000000e+00
0.000000e+00
0.000000e+00
0.000000e+00
0.000000e+00
0.000000e+00
0.000000e+00
0.000000e+00
0.000000e+00
0.000000e+00
0.000000e+00
0.000000e+00
0.000000e+00
0.000000e+00
0.000000e+00
0.000000e+00
0.000000e+00
0.000000e+00
0.000000e+00
0.000000e+00
0.000000e+00
0.000000e+00
0.000000e+00
0.000000e+00
0.000000e+00
0.000000e+00
0.000000e+00
0.000000e+00
0.000000e+00
0.000000e+00
0.000000e+00
0.000000e+00
0.000000e+00
0.000000e+00
0.000000e+00
0.000000e+00
0.000000e+00
0.000000e+00
0.000000e+00
0.000000e+00
0.000000e+00
0.000000e+00
0.000000e+00
0.000000e+00
0.000000e+00
0.000000e+00
0.000000e+00
0.000000e+00
0.000000e+00
0.000000e+00
0.000000e+00
0.000000e+00
0.000000e+00
0.000000e+00
0.000000e+00
0.000000e+00
0.000000e+00
0.000000e+00
0.000000e+00
0.000000e+00
0.000000e+00
0.000000e+00
0.000000e+00
0.000000e+00
0.000000e+00
0.000000e+00
0.000000e+00
0.000000e+00
0.000000e+00
0.000000e+00
0.000000e+00
0.000000e+00
0.000000e+00
0.000000e+00
0.000000e+00
0.000000e+00
0.000000e+00
0.000000e+00
0.000000e+00
0.000000e+00
0.000000e+00
0.000000e+00
0.000000e+00
0.000000e+00
0.000000e+00
0.000000e+00
0.000000e+00
0.000000e+00
0.000000e+00
0.000000e+00
0.000000e+00
0.000000e+00
0.000000e+00
0.000000e+00
0.000000e+00
0.000000e+00
0.000000e+00
0.000000e+00
0.000000e+00
0.000000e+00
0.000000e+00
0.000000e+00
0.000000e+00
0.000000e+00
0.000000e+00
0.000000e+00
0.000000e+00
0.000000e+00
0.000000e+00
0.000000e+00
0.000000e+00
0.000000e+00
8.742416e-01
8.528601e-01
7.941988e-01
7.120470e-01
6.238604e-01
5.458616e-01
4.902502e-01
4.648454e-01
4.717887e-01
5.045910e-01
5.473216e-01
5.764901e-01
5.684111e-01
5.090036e-01
4.003439e-01
2.613478e-01
1.217027e-01
1.142078e-02
-4.779209e-02
-4.840855e-02
1.265371e-03
7.965348e-02
1.578469e-01
2.092405e-01
2.187470e-01
1.891892e-01
1.395802e-01
9.626553e-02
8.082152e-02
1.005483e-01
1.477564e-01
2.058012e-01
2.575841e-01
2.927874e-01
3.090750e-01
3.113137e-01
3.084910e-01
3.118977e-01
3.321761e-01
3.756854e-01
4.403167e-01
5.148438e-01
5.823302e-01
6.275591e-01
6.431978e-01
6.317121e-01
6.008890e-01
5.575095e-01
5.035852e-01
4.383699e-01
3.646215e-01
2.925278e-01
2.385387e-01
2.172869e-01
2.317251e-01
2.691671e-01
3.053762e-01
3.151423e-01
2.844489e-01
2.171247e-01
1.330586e-01
5.934266e-02
1.891567e-02
2.209532e-02
6.359300e-02
1.258557e-01
1.880536e-01
2.337692e-01
2.558645e-01
2.554103e-01
2.359430e-01
1.978521e-01
1.378605e-01
5.347004e-02
-4.934947e-02
-1.534343e-01
-2.341910e-01
-2.712761e-01
-2.590766e-01
-2.100840e-01
-1.484053e-01
-9.733623e-02
-6.891405e-02
-6.177606e-02
-6.712955e-02
-7.644139e-02
-8.747283e-02
-1.023004e-01
-1.216054e-01
-1.387690e-01
-1.377632e-01
-9.688200e-02
2.433406e-03
1.664774e-01
3.821745e-01
6.168197e-01
8.249570e-01
9.622984e-01
1.000000e+00
9.342980e-01
7.868661e-01
5.952111e-01
3.990137e-01
2.279615e-01
9.613575e-02
3.374323e-03
-5.905065e-02
-1.022355e-01
-1.344862e-01
-1.589176e-01
-1.734856e-01
-1.728367e-01
-1.531748e-01
-1.155057e-01
-6.768113e-02
-2.102463e-02
1.411375e-02
3.377567e-02
4.127056e-02
4.441777e-02
5.188021e-02
7.112034e-02
1.084001e-01
1.678077e-01
2.495052e-01
3.447325e-01
4.349956e-01
4.978424e-01
5.182181e-01
4.989131e-01
4.618604e-01
4.375913e-01
4.484929e-01
4.970961e-01
5.654586e-01
6.269427e-01
6.614321e-01
6.627624e-01
6.379741e-01
5.993316e-01
5.575419e-01
5.194186e-01
4.889848e-01
4.686740e-01
4.591350e-01
4.588754e-01
4.649427e-01
4.763635e-01
4.951494e-01
5.254210e-01
5.682165e-01
6.187989e-01
6.668181e-01
7.004315e-01
7.113332e-01
6.958243e-01
6.541968e-01
5.889166e-01
5.054346e-01
4.128354e-01
3.237728e-01
2.503163e-01
1.993770e-01
1.702411e-01
1.566140e-01
1.518121e-01
1.520067e-01
1.563869e-01
1.639467e-01
1.726096e-01
1.805263e-01
1.885727e-01
2.007073e-01
2.201746e-01
2.451900e-01
2.679991e-01
2.791603e-01
2.738717e-01
2.566108e-01
2.381169e-01
2.290322e-01
2.336070e-01
2.481425e-01
2.643977e-01
2.744882e-01
2.741637e-01
2.634243e-01
2.452873e-01
2.251063e-01
2.095000e-01
2.053794e-01
2.166056e-01
2.413290e-01
2.711139e-01
2.940852e-01
2.999903e-01
2.853249e-01
2.541449e-01
2.148535e-01
1.747510e-01
1.371792e-01
1.020408e-01
7.060121e-02
5.042017e-02
5.645501e-02
1.050582e-01
2.038870e-01
3.441809e-01
4.994647e-01
6.336913e-01
7.158755e-01
7.321307e-01
6.894974e-01
6.107849e-01
5.222413e-01
4.434963e-01
3.829532e-01
3.399630e-01
3.101457e-01
2.896077e-01
2.764025e-01
2.695565e-01
2.683560e-01
2.718925e-01
2.798417e-01
2.932092e-01
3.141040e-01
3.456085e-01
3.905454e-01
4.502125e-01
5.218520e-01
5.959249e-01
6.560138e-01
6.821972e-01
6.586418e-01
5.811297e-01
4.613088e-01
3.227021e-01
1.909737e-01
8.289802e-02
6.489082e-05
-6.693488e-02
-1.282892e-01
-1.835437e-01
-2.174816e-01
-2.062879e-01
-1.307226e-01
1.116122e-02
2.001233e-01
4.020311e-01
5.812595e-01
7.120470e-01
7.848220e-01
8.033159e-01
7.792739e-01
7.284644e-01
6.689270e-01
6.205185e-01
6.008890e-01
6.184744e-01
6.665261e-01
7.232406e-01
7.608773e-01
7.586386e-01
7.133772e-01
6.398559e-01
5.623439e-01
5.019305e-01
4.675708e-01
4.550793e-01
4.529055e-01
4.499854e-01
4.407385e-01
4.258460e-01
4.093313e-01
3.944389e-01
3.807793e-01
3.643295e-01
3.396710e-01
3.039811e-01
2.599202e-01
2.157295e-01
1.813698e-01
1.642711e-01
1.661529e-01
1.839655e-01
2.128743e-01
2.488563e-01
2.878232e-01
3.237728e-01
3.476201e-01
3.508971e-01
3.307161e-01
2.936310e-01
2.532364e-01
2.234515e-01
2.117387e-01
2.168651e-01
2.325363e-01
2.531715e-01
2.766945e-01
3.032024e-01
3.307161e-01
3.545959e-01
3.696830e-01
3.754258e-01
3.787028e-01
3.896369e-01
4.151390e-01
4.527757e-01
4.906071e-01
5.142273e-01
5.159145e-01
4.994322e-01
4.776613e-01
4.638396e-01
4.632231e-01
4.701664e-01
4.731190e-01
4.638396e-01
4.440479e-01
4.252296e-01
4.222121e-01
4.440154e-01
4.889523e-01
5.456020e-01
5.992343e-01
6.381039e-01
6.581552e-01
6.625677e-01
6.597774e-01
6.588041e-01
6.664936e-01
6.853444e-01
7.129879e-01
7.440706e-01
7.730444e-01
7.963402e-01
8.136336e-01
8.259304e-01
8.331008e-01
8.331333e-01
8.227183e-01
8.002012e-01
7.675286e-01
7.299568e-01
6.934882e-01
6.616268e-01
6.334642e-01
6.049122e-01
5.718179e-01
5.332728e-01
4.920347e-01
4.533597e-01
4.206872e-01
3.928815e-01
3.639402e-01
3.263359e-01
2.764998e-01
2.184549e-01
1.633302e-01
1.239415e-01
1.091139e-01
1.191395e-01
1.461666e-01
1.789040e-01
2.066124e-01
2.231271e-01
2.279615e-01
2.258849e-01
2.257876e-01
2.365919e-01
2.616073e-01
2.923656e-01
3.068038e-01
2.754940e-01
1.745888e-01
-7.137990e-04
-2.299406e-01
0.000000e+00
0.000000e+00
0.000000e+00
0.000000e+00
0.000000e+00
0.000000e+00
0.000000e+00
0.000000e+00
0.000000e+00
0.000000e+00
0.000000e+00
0.000000e+00
0.000000e+00
0.000000e+00
0.000000e+00
0.000000e+00
0.000000e+00
0.000000e+00
0.000000e+00
0.000000e+00
0.000000e+00
0.000000e+00
0.000000e+00
0.000000e+00
0.000000e+00
0.000000e+00
0.000000e+00
