
1.000000e+00
1.000000e+00
1.000000e+00
1.000000e+00
1.000000e+00
1.000000e+00
1.000000e+00
1.000000e+00
1.000000e+00
1.000000e+00
1.000000e+00
1.000000e+00
1.000000e+00
1.000000e+00
1.000000e+00
1.000000e+00
1.000000e+00
1.000000e+00
1.000000e+00
1.000000e+00
1.000000e+00
1.000000e+00
3.306785e-04
1.061964e-03
2.947339e-04
2.290526e-03
1.237135e-01
3.410634e-03
3.512302e-04
2.753340e-03
4.334095e-03
5.792991e-04
2.195864e-04
5.257866e-04
5.359840e-05
1.216233e-04
3.599303e-04
7.516028e-04
9.588135e-05
1.371590e-04
3.114402e-04
4.883222e-04
2.532219e-04
3.039784e-04
4.603697e-04
3.486950e-04
8.363602e-04
2.757023e-05
2.560483e-04
1.637650e-04
4.751945e-05
3.663467e-04
4.314448e-04
1.172433e-03
3.079213e-04
9.042388e-05
1.274109e-04
1.516499e-04
9.499184e-05
8.154725e-05
5.821081e-04
2.371000e-04
1.543480e-04
1.875549e-04
1.021226e-04
6.643999e-04
3.938141e-04
5.654414e-04
7.083896e-04
3.529229e-04
1.198995e-03
7.750777e-04
3.235280e-03
1.530844e-03
2.159154e-04
1.408616e-04
1.012482e-04
3.442298e-04
5.148242e-05
5.020395e-04
4.925132e-04
2.496681e-04
3.337352e-04
2.363848e-03
4.474220e-05
1.647061e-01
1.650004e-02
7.813162e-04
1.213979e-03
5.086455e-03
6.840479e-03
4.843056e-04
1.934466e-03
1.720262e-02
8.731740e-03
4.787927e-03
3.538285e-04
6.553956e-04
1.095298e-03
1.417997e-03
1.408961e-03
1.464843e-03
1.032110e-03
3.380276e-04
3.695894e-04
8.249152e-04
8.614983e-04
1.172771e-03
1.163035e-04
6.846074e-04
4.293249e-04
5.841590e-05
6.894216e-04
3.615390e-03
1.855634e-03
2.896164e-03
9.938243e-04
1.867591e-03
1.849242e-04
7.597589e-04
4.778915e-05
1.745780e-04
4.017557e-04
3.433831e-04
1.421825e-03
7.507500e-04
3.850823e-04
1.098582e-04
3.331958e-04
6.453655e-05
3.398813e-03
1.046860e-03
2.870616e-03
7.507509e-04
1.342553e-03
1.539387e-04
3.161896e-04
4.701954e-05
3.651549e-05
2.736581e-04
3.252916e-04
9.662044e-04
2.236421e-03
7.386374e-04
2.715502e-03
2.519188e-04
1.136573e-03
3.513662e-05
2.279437e-04
2.185111e-04
8.263736e-04
1.038932e-03
1.109099e-03
8.183074e-04
6.559571e-04
6.613166e-04
5.427248e-05
3.864496e-04
9.529432e-05
1.107455e-03
4.844665e-04
1.231210e-03
8.460164e-04
6.088067e-04
4.291412e-04
2.419730e-05
2.375445e-03
5.068497e-04
2.357584e-03
5.260957e-04
2.694584e-03
1.900873e-04
2.514037e-04
3.642674e-03
6.858298e-04
2.349029e-04
1.488621e-03
2.094639e-03
4.994604e-03
2.285840e-03
4.487749e-04
1.059624e-03
2.706385e-03
7.168617e-05
1.278516e-03
4.225340e-04
6.064257e-04
2.030974e-02
9.646399e-02
1.684681e-02
2.400589e-03
3.723907e-03
1.472570e-02
1.168469e-02
5.300885e-04
3.355889e-03
1.688111e-03
1.421542e-03
2.021892e-03
2.054154e-03
1.965063e-03
5.276364e-04
2.260574e-04
1.012768e-03
1.310941e-04
3.331095e-04
1.360694e-03
4.059362e-03
7.434451e-04
6.763410e-04
3.110550e-03
1.896516e-03
1.004043e-03
4.223458e-03
2.503186e-03
1.176296e-03
6.602018e-03
2.795474e-04
3.285929e-04
2.589435e-04
1.489659e-04
2.015913e-04
4.623707e-05
5.004542e-04
2.014890e-04
2.553020e-04
2.485962e-04
7.481096e-04
1.273768e-04
6.076622e-04
9.689228e-05
1.635786e-04
9.784183e-04
6.338797e-04
1.028374e-03
3.783258e-05
3.793737e-04
5.886088e-04
9.880774e-04
2.588502e-03
5.561541e-04
1.351506e-03
7.312614e-04
9.314523e-04
1.339022e-03
2.537169e-04
1.650829e-04
6.713364e-04
1.297417e-03
7.693124e-04
5.529822e-04
4.656631e-04
2.166975e-04
2.494347e-03
1.152923e-03
1.791400e-04
6.500689e-04
3.165226e-04
4.267374e-04
2.965748e-04
6.962097e-04
1.233483e-03
4.546093e-04
2.051358e-04
1.901626e-04
1.083775e-03
7.597208e-04
9.332378e-04
1.799387e-03
3.496784e-05
1.564397e-03
5.231251e-04
1.301613e-03
1.051277e-03
1.666579e-04
4.692644e-04
5.947683e-04
3.467691e-03
7.371003e-03
1.745613e-03
5.218414e-04
8.764546e-05
5.710262e-04
1.367786e-03
6.444260e-05
7.667234e-04
1.620878e-04
5.346108e-04
2.791059e-03
2.514608e-04
6.867779e-04
2.078445e-03
3.314126e-03
2.108753e-03
1.036822e-04
2.658008e-04
1.378708e-03
1.174158e-03
8.907961e-04
7.734671e-05
3.523856e-04
6.082977e-04
9.129167e-04
9.750357e-04
8.285760e-04
4.924972e-04
4.079803e-05
5.675199e-04
3.503597e-04
2.299953e-03
1.639745e-03
1.496496e-03
4.800746e-04
4.575176e-04
1.433487e-04
7.424512e-05
5.805991e-04
2.283151e-03
2.044267e-03
4.833276e-04
2.550513e-04
1.017643e-04
6.630756e-04
6.744785e-04
1.063001e-04
4.673894e-04
6.885763e-04
1.553308e-03
9.864909e-04
7.464749e-04
1.828843e-04
8.021532e-04
2.539009e-03
3.800470e-04
2.914153e-04
3.149556e-04
4.035388e-04
3.117918e-03
1.404909e-04
4.716003e-04
1.827439e-03
5.716055e-04
4.176819e-04
2.781946e-05
1.846908e-04
2.384859e-01
2.310763e-02
2.166062e-03
6.308384e-03
5.339805e-03
7.195537e-03
3.533045e-03
4.482065e-03
3.760011e-03
6.986767e-04
5.371304e-05
8.603869e-04
2.579366e-04
2.793228e-03
1.150139e-04
1.198625e-03
1.266035e-04
1.079506e-03
6.830192e-04
2.169014e-03
4.174298e-04
7.178149e-05
9.674532e-05
1.983323e-03
3.533377e-03
6.951649e-04
1.439674e-04
3.141682e-03
5.390552e-04
6.633294e-04
6.682135e-05
7.668155e-04
1.153333e-03
3.297077e-03
8.507249e-04
1.614831e-03
3.046089e-03
8.800723e-04
7.153555e-03
2.254305e-03
6.086412e-04
3.611743e-03
2.789388e-03
4.358585e-04
4.450062e-03
2.580640e-03
1.326874e-02
7.734040e-04
3.113307e-03
1.630879e-02
1.020822e-02
1.235410e-02
2.643831e-04
6.434494e-03
1.905428e-02
7.590411e-04
3.648771e-03
1.010828e-02
1.683074e-03
2.335267e-03
5.201181e-03
1.567544e-02
5.044921e-03
5.926707e-04
2.776455e-03
2.230546e-03
1.440907e-03
1.182814e-03
4.591600e-04
8.000612e-03
3.646106e-03
1.539912e-03
5.258794e-04
2.424254e-04
6.971671e-04
1.901205e-04
1.991008e-01
1.670854e-03
2.494275e-03
9.435345e-03
2.030102e-02
2.455136e-03
8.080501e-03
1.062868e-03
1.281237e-03
7.757352e-04
4.519928e-04
7.447405e-04
9.111744e-04
9.136371e-04
1.363300e-04
5.397309e-05
6.738139e-05
3.932013e-05
1.879099e-04
3.505188e-03
8.963939e-04
1.572964e-03
3.589743e-04
1.778556e-03
5.927851e-04
7.078551e-05
1.444459e-04
6.489335e-04
9.472735e-04
4.617200e-04
1.677877e-04
1.207209e-04
2.686016e-04
4.857103e-04
4.493908e-03
2.517696e-04
7.835688e-04
1.022715e-04
1.936402e-03
2.312327e-04
2.444059e-04
9.643672e-04
1.622615e-03
3.224820e-03
1.516617e-03
5.924439e-04
2.709053e-03
1.641411e-04
1.677753e-05
8.453420e-05
1.621583e-04
6.878685e-05
2.152325e-03
1.042725e-03
3.011137e-04
7.114667e-04
9.747468e-05
2.994834e-03
9.000922e-04
4.673761e-04
4.007599e-04
6.563224e-04
1.183096e-04
3.725032e-04
3.565256e-04
1.380431e-03
3.100001e-03
1.272192e-04
6.557808e-05
4.582059e-05
1.074598e-04
5.845256e-05
8.038962e-05
3.246442e-04
2.348082e-04
2.811959e-04
3.111678e-04
1.305341e-04
1.002890e-03
1.265195e-03
1.450114e-03
1.118533e-04
1.355706e-04
1.594740e-04
1.188235e-03
2.220902e-04
1.164133e-04
1.327451e-04
7.781059e-04
2.019847e-04
5.696664e-04
4.777191e-04
9.228732e-05
1.898610e-04
4.352259e-04
1.404768e-04
7.948895e-04
4.943576e-04
2.199553e-04
9.784263e-05
3.971756e-05
1.481675e-04
2.171037e-04
1.363046e-04
2.451156e-04
1.994400e-04
2.378779e-04
2.560948e-04
7.050911e-04
5.860610e-04
6.978356e-05
2.267413e-04
3.954384e-05
2.523247e-04
1.065585e-04
1.732092e-04
1.932281e-04
3.423679e-04
1.340466e-04
1.612945e-04
1.863607e-04
1.711733e-03
1.553998e-04
1.890651e-03
1.789557e-04
7.976130e-04
2.251724e-04
1.482680e-04
9.508144e-05
1.453837e-03
6.480278e-04
4.405859e-04
2.564807e-04
3.715854e-05
1.098107e-04
2.395759e-04
9.128332e-05
8.891310e-05
4.334121e-05
5.922474e-05
1.999480e-03
4.574871e-03
4.846588e-03
2.795451e-03
4.168397e-04
1.607777e-03
7.036959e-05
4.908012e-05
1.189453e-03
1.193640e-04
3.269696e-04
1.960366e-04
5.663616e-03
6.525488e-05
1.620912e-04
1.645262e-04
4.264442e-04
5.300527e-03
1.639399e-04
1.387622e-04
6.656081e-04
1.845790e-03
3.929873e-03
1.674064e-03
6.334353e-04
5.773857e-05
3.714334e-03
2.911247e-03
1.491136e-03
1.186099e-01
3.298199e-02
2.966110e-03
3.077330e-03
4.173544e-03
3.017317e-03
1.322770e-03
1.157088e-03
7.238130e-04
9.696506e-05
5.137727e-04
1.088467e-04
2.755771e-04
1.430619e-04
2.485022e-04
1.875490e-04
1.162599e-04
4.706360e-05
2.689426e-04
2.890426e-04
3.432429e-04
1.001405e-04
2.006779e-04
3.872917e-04
5.116262e-04
5.020231e-04
7.878011e-04
1.140210e-03
1.186901e-04
1.370879e-03
2.117281e-03
1.765561e-03
5.503526e-03
3.442345e-03
3.223596e-04
2.574438e-03
1.406844e-03
3.230023e-03
1.546052e-04
1.374086e-04
1.280127e-04
2.920926e-04
6.135944e-04
7.174843e-04
1.092040e-03
1.308254e-03
7.631386e-04
7.748723e-04
3.787933e-04
1.340816e-03
1.577451e-03
9.582851e-04
6.115235e-04
1.857365e-03
1.530790e-04
4.299943e-04
2.690302e-03
7.832242e-03
2.156149e-02
1.162214e-02
2.001455e-03
1.198651e-04
5.563071e-04
2.034159e-04
5.743748e-04
1.077456e-04
2.599380e-04
5.536627e-04
2.257150e-04
8.335984e-04
2.087058e-05
5.337855e-04
9.875390e-05
4.435917e-04
2.600993e-04
9.887154e-04
9.828677e-05
6.117384e-04
1.955673e-04
5.213154e-04
2.589556e-04
3.122063e-04
1.848470e-04
1.770735e-04
2.183413e-04
5.698143e-05
1.869245e-04
2.110780e-05
4.085312e-04
7.604861e-05
1.835599e-04
3.815425e-04
3.911655e-04
2.205549e-04
1.703029e-04
2.516075e-04
1.091146e-04
1.310161e-04
8.517757e-05
8.915365e-04
4.715922e-04
4.771168e-05
3.105370e-04
6.231243e-05
3.321195e-03
5.694263e-04
8.328809e-04
1.662059e-03
9.159343e-04
8.190621e-04
1.297519e-03
5.178513e-03
3.099814e-04
5.845043e-04
4.621107e-05
5.062485e-03
4.183717e-03
2.204066e-03
1.112824e-02
7.135460e-03
1.612029e-03
1.157820e-02
1.174529e-02
1.871162e-03
3.349844e-04
3.011087e-04
1.256257e-04
6.638335e-04
6.772950e-04
8.221845e-04
2.589879e-01
1.311191e-05
2.562382e-03
9.193038e-03
2.147069e-02
2.408055e-03
2.734726e-02
7.697579e-04
1.409984e-02
2.643003e-03
3.601170e-03
1.218078e-02
2.256870e-03
1.202036e-03
2.402065e-03
1.779017e-03
2.119020e-04
4.490861e-04
2.496555e-04
3.735698e-04
1.054340e-04
4.299657e-04
4.327030e-04
1.174388e-03
8.625842e-04
1.062748e-03
5.883608e-04
6.322465e-03
2.526777e-03
6.519650e-04
3.378239e-03
4.658810e-03
2.655484e-03
2.556344e-04
6.176824e-04
1.163445e-03
3.012285e-05
1.230074e-04
2.606555e-04
2.796589e-04
9.038311e-04
4.205263e-04
1.418987e-04
1.858940e-03
7.384068e-04
2.215458e-03
2.016101e-04
1.920145e-03
9.149939e-04
1.428218e-03
1.285517e-03
1.305808e-03
3.043148e-04
1.824660e-04
2.864093e-03
1.888658e-02
2.138850e-02
7.230154e-03
1.785799e-03
5.760165e-05
8.272493e-04
1.158344e-04
3.067029e-03
7.065511e-05
2.887283e-04
1.548623e-04
1.852357e-03
1.798915e-04
1.264888e-03
1.709260e-04
1.342056e-03
1.251714e-04
3.222434e-04
2.833629e-04
3.936391e-04
6.113813e-04
4.397040e-04
2.963650e-03
5.986342e-04
1.059467e-03
3.916118e-04
2.348528e-04
9.979777e-04
5.196130e-04
3.213354e-04
3.627853e-04
5.509572e-04
3.179400e-03
1.449548e-03
3.020956e-04
7.476871e-04
6.385780e-03
2.452444e-03
8.593982e-04
3.222378e-05
3.324711e-04
8.129279e-04
9.107145e-04
1.794487e-04
5.268464e-04
4.061578e-04
1.568512e-03
1.096254e-04
3.793175e-04
2.214071e-03
1.386572e-03
8.226221e-04
1.443313e-05
8.163804e-04
1.175093e-03
8.146014e-04
4.233950e-04
2.205501e-04
8.802133e-04
1.392124e-03
2.345372e-05
5.209461e-04
5.767485e-04
2.286939e-03
2.267966e-03
8.040964e-05
3.178626e-03
1.110444e-03
6.293627e-03
1.795129e-04
1.078865e-03
1.985759e-03
4.121906e-04
1.627070e-03
9.453491e-03
9.563811e-03
2.533305e-02
4.502732e-03
2.641712e-03
2.852638e-02
5.754453e-03
3.053401e-03
3.006937e-04
2.023188e-01
2.867822e-03
2.381480e-03
6.686250e-03
1.292464e-02
2.041882e-02
1.464705e-03
1.250251e-03
2.579290e-03
8.761809e-05
1.589142e-03
7.027178e-05
2.406662e-04
8.343639e-04
1.393416e-03
1.466772e-03
7.467237e-04
2.144018e-04
1.824698e-05
1.741912e-03
4.192771e-04
1.569339e-03
4.323695e-03
7.981224e-04
5.073207e-03
6.807292e-03
5.571115e-04
3.938578e-03
4.727590e-03
6.440032e-05
3.754612e-04
3.707814e-04
3.053768e-04
7.125068e-04
3.380865e-04
1.398873e-04
1.062283e-04
1.845420e-04
3.042066e-01
7.582992e-03
2.665794e-03
1.020138e-02
1.562589e-02
3.286348e-03
6.215610e-04
2.080503e-03
1.350413e-04
3.004864e-03
7.862522e-04
3.712148e-04
6.455132e-04
1.716919e-03
4.994476e-03
1.577160e-03
3.255427e-04
9.296943e-04
2.194855e-04
3.458060e-04
1.368576e-04
3.923053e-04
2.635398e-03
1.919961e-03
7.338118e-03
3.163395e-03
2.679216e-03
4.786220e-04
2.741370e-04
5.355563e-04
1.059305e-03
1.118040e-04
1.184444e-03
1.802007e-04
1.206366e-03
6.710203e-05
6.889891e-04
6.171462e-05
8.713108e-04
1.756896e-04
1.910313e-03
2.177864e-04
1.792203e-03
2.436111e-03
1.019734e-02
8.560495e-04
5.620506e-05
1.601493e-04
1.593705e-04
1.381813e-05
4.724509e-03
1.036856e-05
8.134287e-04
4.043699e-05
9.963098e-05
8.613880e-04
9.616148e-05
1.376511e-04
9.851712e-05
7.820286e-05
4.902363e-04
5.384038e-05
1.999296e-01
1.130775e-02
1.351009e-03
2.498434e-03
7.757151e-03
4.749769e-03
2.992963e-03
6.257493e-03
1.147251e-04
8.892347e-04
6.657759e-04
8.910662e-04
7.115869e-04
1.397090e-03
1.536737e-03
1.904180e-03
1.324731e-03
1.047389e-04
2.816528e-03
5.255552e-04
1.998491e-03
1.759069e-03
3.535519e-04
5.482525e-04
8.808516e-04
1.979431e-03
1.270205e-04
2.320553e-03
1.517394e-03
3.668845e-04
5.943035e-04
4.787722e-03
7.872237e-04
1.064277e-03
1.709615e-03
1.225888e-03
4.952096e-03
3.576288e-04
3.936287e-03
3.321678e-04
2.777114e-04
2.345220e-03
4.392346e-03
2.517220e-03
1.709975e-03
2.088395e-02
8.338822e-03
1.938845e-03
4.821253e-02
3.745667e-03
3.835975e-03
1.037756e-02
1.035768e-02
1.452757e-02
1.975635e-04
8.122763e-05
5.681165e-04
4.310490e-04
6.387546e-04
2.576913e-02
4.317641e-03
1.152802e-03
2.234842e-04
1.725213e-03
2.875358e-03
1.793135e-03
2.326157e-03
1.245740e-03
3.723027e-03
3.060485e-04
3.260293e-03
1.671753e-03
2.226482e-03
2.816265e-03
1.001318e-03
3.072652e-03
4.176612e-03
1.668430e-03
5.097502e-04
1.115934e-03
1.374872e-04
6.585749e-04
1.658035e-04
3.281347e-04
5.243505e-04
2.088738e-04
2.410315e-04
4.890984e-04
1.318553e-03
4.684349e-04
2.180170e-03
6.410368e-03
8.408431e-04
6.889245e-03
1.868940e-03
1.114777e-04
9.547897e-04
7.011351e-04
2.586062e-04
3.277845e-04
1.187219e-03
2.546719e-05
2.665314e-03
1.603841e-03
3.167996e-04
2.734423e-04
3.613514e-04
4.453584e-05
1.673641e-03
6.452780e-04
5.194123e-04
2.009663e-04
3.972503e-04
4.264634e-04
1.073102e-03
1.479608e-05
1.040135e-04
3.765401e-05
9.050821e-05
3.707097e-04
3.068254e-04
4.818633e-04
7.573115e-05
7.629592e-04
9.966068e-05
4.141510e-04
3.196500e-04
8.212993e-05
4.991611e-04
1.658297e-04
4.831802e-04
1.556665e-03
4.490739e-04
1.438515e-03
5.162846e-04
3.285790e-04
8.509879e-05
2.392254e-04
4.901373e-04
1.148975e-04
5.134979e-04
1.775492e-04
3.090499e-05
1.325606e-04
6.693138e-04
2.059115e-05
4.348433e-05
7.708187e-05
2.895184e-04
4.108115e-04
1.894505e-04
2.431996e-04
4.737960e-05
4.271260e-04
2.326809e-04
1.263289e-03
7.632210e-05
2.738512e-04
3.968472e-04
1.129774e-04
1.553984e-04
9.439139e-05
4.476099e-04
3.755843e-05
2.645505e-04
4.011571e-04
1.314359e-04
5.948238e-04
1.297090e-04
4.048668e-04
3.132769e-04
3.729393e-04
1.477972e-04
7.866924e-05
1.346470e-04
2.543149e-05
2.539683e-05
8.611291e-05
4.953557e-04
6.340598e-04
1.246849e-04
5.585482e-05
3.125083e-04
2.969442e-04
7.984860e-05
9.375635e-05
2.850869e-04
4.755905e-04
1.653933e-04
3.306984e-04
3.718057e-04
2.379619e-04
7.502623e-05
1.123012e-03
1.150814e-02
4.545654e-05
2.119594e-03
9.547697e-05
1.353250e-04
5.795347e-04
1.817126e-04
3.750981e-03
2.534494e-04
1.208562e-03
1.546324e-05
1.852528e-03
9.984511e-04
3.343544e-04
6.024558e-04
1.208968e-04
4.182993e-03
3.267418e-04
1.015536e-05
4.944545e-05
1.028388e-03
1.278205e-02
8.429745e-03
2.180658e-03
4.790603e-04
6.237905e-03
1.396547e-03
2.194891e-03
3.304140e-03
3.101564e-03
5.877658e-03
4.325022e-03
2.871988e-04
1.098754e-03
2.397316e-04
1.051822e-03
3.268554e-04
8.584554e-04
2.477037e-03
3.116350e-03
2.862468e-03
2.142651e-03
1.049533e-03
2.421062e-03
1.888976e-04
3.904200e-04
4.537610e-05
3.913463e-04
5.521622e-05
4.031258e-04
8.426898e-05
7.032881e-04
2.987690e-04
9.650760e-04
2.686151e-04
5.241864e-04
1.055983e-03
6.781226e-04
9.637245e-04
6.937116e-04
2.130237e-03
6.614791e-04
4.152815e-03
2.557680e-03
2.163768e-03
6.289535e-03
5.217517e-03
4.011683e-04
9.063756e-04
1.501770e-04
2.897555e-04
1.753457e-04
3.760483e-05
1.394478e-04
1.122730e-03
2.252919e-04
5.100109e-04
7.113446e-04
3.428211e-04
5.195360e-04
8.324102e-05
1.585218e-04
2.090406e-04
2.808625e-04
3.910569e-04
3.519526e-04
1.524789e-03
1.439322e-03
2.264045e-03
1.504389e-03
2.663511e-03
2.276746e-02
5.844293e-03
2.478762e-04
2.374758e-03
8.322051e-04
1.924254e-04
8.391950e-04
1.303035e-03
9.837948e-04
7.546382e-04
1.015531e-03
1.818222e-04
4.987564e-04
1.963921e-04
1.137646e-03
1.940167e-03
1.295134e-03
1.550303e-03
3.262565e-04
9.614141e-04
4.289745e-05
4.068227e-03
3.189767e-03
6.588716e-04
8.653729e-04
1.293544e-04
2.584505e-03
6.056881e-05
4.752580e-03
1.385554e-03
7.324918e-04
9.344656e-04
2.019606e-03
1.392584e-02
6.094298e-03
1.547832e-03
1.326229e-03
1.916318e-02
1.760345e-02
2.345635e-03
2.885337e-03
5.139937e-03
2.063301e-02
2.418133e-03
5.322146e-03
1.777321e-03
7.044245e-03
3.257029e-02
2.193435e-03
5.874138e-04
1.184464e-04
7.232163e-04
5.780780e-04
1.011347e-04
4.092128e-04
2.304290e-04
5.780538e-05
4.445070e-04
3.234785e-05
2.578766e-04
2.239249e-04
5.352891e-04
3.010195e-04
1.354669e-01
3.302315e-03
5.410069e-04
1.716775e-03
2.515972e-03
4.921135e-04
2.131361e-03
1.023276e-03
7.735934e-04
2.964420e-03
4.967521e-04
6.045318e-04
6.753529e-04
6.525294e-04
9.657536e-04
7.235922e-04
2.031745e-03
1.574206e-03
1.923988e-04
1.122691e-03
3.712009e-05
1.741237e-03
2.409090e-04
1.253693e-03
1.279087e-03
1.424093e-03
1.082702e-03
1.259147e-03
4.621603e-04
8.480768e-05
1.678143e-04
1.140130e-03
3.496360e-04
5.159650e-04
2.113260e-04
3.296018e-04
5.389316e-04
6.515833e-04
4.884642e-04
1.000806e-03
1.754137e-04
1.302445e-03
6.486046e-04
3.795803e-04
2.665512e-04
1.936915e-03
3.317177e-04
2.231266e-03
7.457784e-04
1.304635e-03
2.283386e-03
6.756799e-03
4.609789e-03
5.735322e-05
3.171461e-04
1.449832e-02
3.929121e-02
5.606353e-03
4.842949e-03
4.620247e-02
8.952630e-03
1.336195e-03
1.462050e-04
1.669170e-03
3.939704e-03
1.633711e-04
9.635708e-04
4.149500e-04
4.381689e-03
4.975881e-04
1.215653e-04
6.739058e-04
1.405044e-03
1.233392e-03
2.351582e-04
1.341530e-04
1.317716e-04
4.250787e-05
1.884277e-04
2.119398e-05
2.215669e-05
1.512897e-04
1.956548e-04
6.691198e-04
1.023734e-03
7.534089e-04
1.566845e-04
9.382094e-05
4.830540e-04
7.764190e-05
1.770771e-04
7.443292e-05
7.511000e-06
2.365120e-05
1.129046e-04
4.032237e-05
2.633833e-04
1.563448e-04
9.858344e-05
3.894221e-05
6.227071e-04
2.048787e-01
2.998986e-02
4.110042e-03
5.082106e-03
9.971750e-03
4.892223e-03
1.939684e-03
3.225711e-03
3.155228e-04
2.044558e-03
1.764818e-03
3.198244e-04
2.811823e-03
1.023024e-03
7.168599e-04
2.932842e-04
8.259091e-04
2.816538e-04
1.492333e-03
1.348135e-03
1.746174e-03
6.709615e-04
8.599253e-05
3.063855e-03
4.768102e-04
1.697036e-03
7.318352e-04
1.064066e-04
7.549879e-04
1.083418e-03
1.158333e-03
1.673520e-03
8.270687e-05
1.572262e-03
2.431693e-03
4.752919e-04
5.439503e-03
1.052774e-04
4.195229e-04
1.816249e-03
1.460753e-04
2.034744e-03
8.624067e-04
3.481534e-05
6.612840e-04
2.614711e-03
5.354077e-04
1.814022e-04
2.839515e-03
2.476212e-04
2.562818e-04
1.155986e-03
8.799974e-04
5.095611e-04
6.161454e-04
3.688528e-03
8.241245e-04
2.462409e-04
2.250927e-03
1.514215e-03
8.647892e-04
4.234800e-03
2.023405e-04
1.917438e-03
1.055914e-03
6.357779e-04
2.272590e-04
8.801075e-05
1.979193e-03
8.871204e-05
1.123684e-03
2.135257e-04
4.312200e-04
4.053484e-04
2.510406e-04
4.933454e-04
9.171255e-05
3.539401e-04
3.997849e-05
6.880550e-05
2.396856e-04
1.303451e-03
2.927207e-04
5.919795e-04
5.955541e-04
8.909700e-04
5.014240e-04
7.707507e-04
8.160844e-04
6.420874e-04
3.287829e-04
2.205906e-05
3.405783e-04
2.200587e-04
1.232872e-03
6.037758e-04
3.757547e-04
7.347374e-04
3.574913e-05
8.588569e-04
1.150953e-03
8.806266e-04
2.407486e-04
2.569943e-04
1.069094e-03
6.495859e-04
9.041845e-04
1.005720e-03
1.277052e-04
1.093751e-03
1.462595e-04
3.243204e-05
1.256545e-03
7.953453e-04
6.500456e-04
1.391138e-03
1.536635e-03
3.504655e-03
1.226946e-04
5.736935e-05
3.197611e-03
2.079480e-03
4.273386e-04
1.227878e-04
2.799204e-04
3.936376e-04
8.977298e-05
1.792723e-04
1.894782e-04
2.858979e-04
2.775241e-04
3.421833e-04
4.095976e-04
3.565866e-05
3.299344e-04
9.392537e-05
6.818945e-05
2.432939e-04
2.784581e-04
1.431311e-03
1.924487e-04
1.342150e-03
1.819187e-04
5.485805e-06
6.820611e-05
1.128257e-05
1.445014e-04
1.744777e-04
7.337860e-04
1.181953e-04
3.430213e-04
1.164668e-03
6.663363e-05
1.319138e-01
2.690609e-03
1.430487e-03
2.935735e-03
8.567308e-04
2.043968e-03
1.649043e-03
4.072754e-03
5.145520e-03
6.812466e-04
1.349640e-03
1.042643e-03
8.482449e-05
5.315067e-04
4.717004e-03
4.956126e-03
2.497637e-03
1.276501e-03
7.237057e-04
1.587081e-04
1.374250e-04
7.660398e-04
5.767793e-04
1.530378e-03
9.427857e-03
8.234173e-03
3.124024e-04
1.217705e-02
8.879035e-05
3.766250e-03
1.247866e-03
7.499311e-03
2.643107e-03
3.351351e-05
2.543179e-04
6.712070e-04
7.583408e-05
8.766564e-06
8.088148e-04
3.972125e-05
9.890470e-04
2.358634e-04
1.329038e-04
3.662691e-05
2.044407e-04
1.270425e-04
2.654589e-04
1.263844e-04
6.149238e-05
1.211632e-05
2.320235e-04
2.217872e-04
1.429380e-04
7.947956e-04
1.428463e-04
5.525662e-05
1.459692e-04
1.385387e-04
9.841505e-05
4.047846e-05
4.418381e-05
1.671771e-04
1.921906e-04
1.525797e-04
8.872725e-05
2.915553e-04
2.915314e-05
7.362667e-04
1.143993e-03
6.188542e-04
1.178936e-03
5.189574e-05
6.870126e-04
1.514333e-04
2.684950e-04
1.258437e-04
4.306344e-05
9.303843e-04
2.949768e-02
7.032350e-02
2.276874e-03
1.802622e-03
1.401825e-02
7.058284e-02
4.106530e-03
3.846781e-04
1.056277e-04
1.121966e-05
3.749926e-04
6.538993e-05
1.836626e-04
7.665870e-05
2.182273e-04
8.847276e-04
1.127785e-04
8.846034e-05
3.268271e-05
1.212688e-04
8.169258e-04
3.099762e-04
1.191183e-03
9.630743e-05
4.022117e-05
1.019080e-04
4.255471e-05
1.489466e-04
4.202633e-05
7.868083e-05
4.010783e-05
6.104343e-05
7.771621e-05
9.573842e-04
1.921975e-05
2.155804e-05
3.112609e-04
1.187824e-04
6.727335e-04
1.121729e-04
5.258704e-04
2.917328e-04
4.608368e-04
3.190920e-01
3.947780e-04
4.483241e-03
1.304739e-02
8.370733e-03
5.295241e-04
3.796549e-03
8.712567e-03
9.104781e-04
1.236165e-04
1.884042e-04
1.811059e-04
2.865574e-04
1.187033e-03
1.844946e-04
1.097407e-03
6.056761e-04
1.516488e-03
3.972126e-04
5.939170e-04
6.980906e-05
3.297536e-04
3.689734e-03
1.594330e-03
1.096022e-03
8.369340e-04
2.079941e-04
9.071718e-04
2.315955e-03
8.036998e-04
2.001339e-03
6.844501e-05
2.169249e-03
2.607827e-04
1.056172e-03
1.276217e-03
1.491058e-03
5.652452e-04
8.255040e-05
1.825340e-03
2.443480e-04
3.692374e-04
1.017454e-03
9.711788e-04
1.911911e-03
6.216281e-04
9.927789e-04
1.674216e-04
3.164607e-04
2.375164e-05
7.761770e-04
1.601164e-04
1.522294e-04
2.189770e-04
4.266906e-04
2.865541e-04
7.169658e-04
1.161157e-04
5.189657e-04
7.195295e-05
5.156860e-05
3.256341e-05
4.641151e-05
3.032204e-05
4.173295e-04
1.721697e-04
9.426845e-05
2.277863e-04
1.509473e-04
6.541206e-04
1.829566e-04
1.468916e-04
1.178898e-04
2.846003e-04
5.035007e-04
1.700964e-04
1.474944e-03
4.557536e-03
3.033991e-03
3.828995e-03
1.280456e-03
4.634192e-04
4.384136e-04
2.015110e-04
6.275612e-04
5.238142e-04
2.217366e-04
7.028934e-04
2.610125e-04
1.819911e-03
2.332863e-04
4.775389e-04
8.066887e-04
2.323167e-04
1.336028e-04
8.087324e-05
1.394849e-04
4.846449e-04
1.649933e-04
1.759521e-04
8.972685e-04
8.451531e-04
5.999249e-04
1.373962e-04
4.437163e-04
2.360929e-04
2.329066e-04
1.956049e-03
6.303809e-04
1.304077e-03
5.991602e-05
4.145687e-04
8.387294e-04
9.975715e-04
1.174618e-03
1.486563e-04
1.160158e-04
6.138952e-04
9.385525e-04
9.440927e-04
1.911443e-04
6.852217e-04
3.777055e-04
1.191933e-03
1.009980e-03
8.720073e-04
9.988293e-04
1.381922e-05
7.671093e-04
8.197685e-04
1.537956e-03
6.337315e-04
1.463933e-04
2.023375e-04
4.818954e-04
1.045623e-03
1.798561e-03
7.139812e-04
6.684928e-04
6.403637e-05
8.415047e-04
7.279597e-04
3.406606e-04
2.035171e-03
1.188203e-03
1.081411e-03
1.867496e-04
5.440456e-04
1.315845e-04
3.062256e-04
6.425368e-04
1.343956e-03
7.347534e-04
9.645200e-04
3.856296e-04
1.998119e-04
2.069886e-03
1.473424e-03
2.287204e-03
5.794915e-04
6.693852e-04
3.353586e-04
1.452764e-04
1.798739e-04
7.225518e-05
4.099176e-04
6.779142e-04
8.270189e-04
8.163122e-04
2.617487e-05
7.231937e-05
6.977048e-04
7.253137e-04
3.004826e-03
6.789846e-04
1.286455e-03
9.181593e-05
7.051714e-04
9.246337e-04
2.623145e-04
1.864827e-03
9.299265e-04
2.808560e-04
1.759246e-03
1.441468e-03
3.940655e-04
6.032586e-04
2.685124e-03
4.854289e-04
3.485655e-03
4.251298e-03
6.131231e-04
1.287018e-03
1.494815e-03
1.318424e-04
9.266336e-04
1.480432e-03
1.065141e-04
8.606617e-04
3.970709e-04
1.220364e-03
5.309987e-04
7.254849e-04
1.792681e-04
1.721641e-05
3.834214e-04
3.553602e-03
1.567743e-03
1.566005e-04
1.522036e-03
8.951776e-04
1.745658e-04
2.414047e-04
5.949317e-04
1.867369e-04
1.967988e-03
4.745430e-04
6.904618e-04
1.602707e-03
1.043961e-04
7.675670e-04
9.742858e-04
3.771326e-04
3.363897e-03
3.170086e-05
5.084046e-04
1.778121e-03
8.434069e-04
4.358646e-04
4.890035e-04
1.699793e-03
2.051752e-03
7.401214e-06
2.010997e-03
6.150188e-04
2.059044e-03
4.700658e-03
5.306734e-05
1.684941e-03
1.921753e-03
1.227934e-03
1.401095e-03
4.191886e-03
1.944816e-03
3.047825e-03
3.271468e-04
6.000397e-05
1.300569e-04
6.774030e-05
6.886355e-04
2.865391e-03
1.222238e-04
2.347527e-03
6.649893e-04
1.614438e-04
1.779702e-04
3.710022e-01
8.447777e-04
7.113754e-03
1.213125e-02
1.447653e-02
1.213732e-03
3.071171e-03
1.885738e-03
1.110231e-04
4.405534e-04
5.472054e-04
6.518983e-04
2.065713e-04
2.420057e-04
2.417629e-03
1.365514e-03
6.281238e-05
3.362450e-04
8.190866e-04
1.073143e-03
4.874528e-04
1.186157e-05
5.068318e-04
1.515746e-03
6.061210e-04
1.992902e-04
4.049453e-04
1.122997e-03
1.557448e-03
2.765220e-04
4.133160e-04
1.238417e-03
1.225692e-03
5.174350e-04
6.561940e-05
2.132061e-03
8.607136e-04
4.849197e-05
2.413707e-03
2.264964e-04
5.125948e-04
6.186859e-04
1.928418e-04
1.074850e-04
1.768955e-03
9.019166e-04
4.076634e-04
1.438881e-04
6.389556e-04
1.340832e-04
3.060892e-04
3.055676e-04
4.930651e-04
4.705795e-04
7.074489e-05
4.986970e-04
2.205422e-04
9.212148e-05
5.807788e-04
8.613178e-04
1.973528e-04
3.098773e-04
6.863294e-04
4.968068e-04
3.964522e-03
7.106060e-05
9.706450e-04
1.275176e-03
3.586112e-03
2.683005e-03
2.031935e-04
3.113596e-03
3.037990e-03
1.096436e-03
3.703595e-04
3.421074e-04
3.083260e-03
5.287568e-03
2.295403e-04
1.335960e-03
1.143376e-03
4.640367e-04
2.276869e-03
1.432490e-04
1.058127e-03
3.434289e-03
1.771724e-03
1.124516e-03
3.783638e-04
2.500601e-03
1.425019e-03
3.023802e-05
3.538696e-03
1.602331e-03
6.426761e-04
5.396014e-03
1.372660e-02
4.064639e-04
3.498833e-02
1.506496e-03
4.516556e-03
4.636817e-03
9.276677e-03
3.211939e-03
5.313301e-02
8.215628e-03
5.203898e-03
8.082960e-03
7.375248e-03
5.762918e-03
5.999671e-04
8.937911e-04
3.018170e-04
2.222024e-03
8.295587e-04
2.465455e-04
3.795003e-04
2.644751e-04
2.783957e-05
4.162418e-04
2.595611e-05
1.134995e-04
5.526107e-05
7.648479e-05
3.271232e-04
1.962118e-04
3.359560e-05
1.591669e-04
1.052366e-03
2.212796e-04
4.388065e-04
1.327337e-04
6.319610e-04
1.132970e-04
5.715192e-04
6.800718e-05
1.780441e-04
3.010855e-04
3.608548e-04
4.937879e-04
4.627331e-05
3.119443e-04
2.148125e-04
4.035347e-04
1.654005e-04
4.709337e-04
2.728855e-05
2.625144e-04
2.386804e-05
2.054464e-04
6.829327e-05
5.535489e-01
1.266263e-03
9.881830e-03
4.674375e-03
4.101458e-03
2.045030e-03
3.316408e-03
1.788275e-03
3.800954e-03
1.831197e-03
8.442458e-03
1.236896e-02
6.862475e-03
2.398649e-03
3.312138e-04
2.155136e-04
1.840084e-04
1.186603e-04
3.580438e-04
6.444144e-04
2.579752e-04
1.311125e-04
1.164227e-04
2.137380e-03
3.528833e-01
2.764606e-01
1.000000e+00
1.000000e+00
1.000000e+00
1.000000e+00
1.000000e+00
1.000000e+00
1.000000e+00
1.000000e+00
1.000000e+00
1.000000e+00
1.000000e+00
1.000000e+00
1.000000e+00
1.000000e+00
1.000000e+00
1.000000e+00
1.000000e+00
1.000000e+00
1.000000e+00
1.000000e+00
1.000000e+00
1.000000e+00
1.000000e+00
1.000000e+00
