
0.000000e+00
0.000000e+00
0.000000e+00
0.000000e+00
0.000000e+00
0.000000e+00
0.000000e+00
0.000000e+00
0.000000e+00
0.000000e+00
0.000000e+00
0.000000e+00
0.000000e+00
0.000000e+00
0.000000e+00
0.000000e+00
0.000000e+00
0.000000e+00
0.000000e+00
0.000000e+00
0.000000e+00
0.000000e+00
0.000000e+00
0.000000e+00
0.000000e+00
0.000000e+00
0.000000e+00
0.000000e+00
3.166814e-01
3.292241e-01
3.653748e-01
4.199769e-01
4.849461e-01
5.501840e-01
6.047861e-01
6.391642e-01
6.473827e-01
6.287165e-01
5.878656e-01
5.337201e-01
4.769156e-01
4.271211e-01
3.907018e-01
3.691618e-01
3.602449e-01
3.593586e-01
3.616684e-01
3.634410e-01
3.631456e-01
3.603524e-01
3.551957e-01
3.475143e-01
3.363414e-01
3.210324e-01
3.017216e-01
2.809336e-01
2.633685e-01
2.550426e-01
2.615959e-01
2.862246e-01
3.280960e-01
3.817313e-01
4.385894e-01
4.885182e-01
5.230038e-01
5.368893e-01
5.295034e-01
5.043913e-01
4.676228e-01
4.258856e-01
3.846051e-01
3.469234e-01
3.136734e-01
2.842371e-01
2.576209e-01
2.329922e-01
2.105928e-01
1.908791e-01
1.746300e-01
1.621143e-01
1.533317e-01
1.477721e-01
1.455698e-01
1.468321e-01
1.521500e-01
1.617114e-01
1.745226e-01
1.887841e-01
2.014879e-01
2.097064e-01
2.112105e-01
2.056778e-01
1.943169e-01
1.795182e-01
1.642897e-01
1.507534e-01
1.403325e-01
1.337523e-01
1.318723e-01
1.361964e-01
1.490882e-01
1.730186e-01
2.092499e-01
2.566540e-01
3.111219e-01
3.659388e-01
4.131550e-01
4.453039e-01
4.574974e-01
4.483120e-01
4.202186e-01
3.784277e-01
3.304595e-01
2.841834e-01
2.470389e-01
2.251497e-01
2.219536e-01
2.376387e-01
2.687132e-01
3.083823e-01
3.471383e-01
3.758494e-01
3.878549e-01
3.812747e-01
3.604329e-01
3.341391e-01
3.134853e-01
3.081406e-01
3.229930e-01
3.565654e-01
4.016330e-01
4.478823e-01
4.853222e-01
5.073994e-01
5.128784e-01
5.047673e-01
4.882497e-01
4.682405e-01
4.469691e-01
4.234147e-01
3.949453e-01
3.593586e-01
3.175409e-01
2.743265e-01
2.384444e-01
2.194290e-01
2.249886e-01
2.580775e-01
3.153654e-01
3.879086e-01
4.635135e-01
5.302017e-01
5.792979e-01
6.072570e-01
6.158784e-01
6.107485e-01
5.988773e-01
5.860393e-01
5.752155e-01
5.663793e-01
5.572207e-01
5.449735e-01
5.277039e-01
5.055462e-01
4.804340e-01
4.557248e-01
4.346413e-01
4.196546e-01
4.113287e-01
4.090995e-01
4.111675e-01
4.153842e-01
4.199500e-01
4.239250e-01
4.271211e-01
4.300755e-01
4.335670e-01
4.383208e-01
4.445787e-01
4.519915e-01
4.592700e-01
4.646416e-01
4.661725e-01
4.624124e-01
4.530658e-01
4.396369e-01
4.252142e-01
4.139607e-01
4.103886e-01
4.177477e-01
4.374077e-01
4.678377e-01
5.052239e-01
5.441947e-01
5.786533e-01
6.037386e-01
6.162813e-01
6.157172e-01
6.036580e-01
5.835415e-01
5.590739e-01
5.338544e-01
5.104343e-01
4.899954e-01
4.734241e-01
4.610963e-01
4.542744e-01
4.547847e-01
4.651250e-01
4.869605e-01
5.206134e-01
5.638546e-01
6.122526e-01
6.603819e-01
7.027368e-01
7.360943e-01
7.595681e-01
7.743937e-01
7.825853e-01
7.848414e-01
7.800607e-01
7.648860e-01
7.360943e-01
6.925308e-01
6.371498e-01
5.769882e-01
5.219832e-01
4.813740e-01
4.604786e-01
4.589746e-01
4.705772e-01
4.863159e-01
4.978917e-01
5.009535e-01
4.969785e-01
4.916069e-01
4.921441e-01
5.039078e-01
5.283217e-01
5.616792e-01
5.977762e-01
6.300056e-01
6.536674e-01
6.671501e-01
6.710982e-01
6.665861e-01
6.538555e-01
6.321006e-01
5.996831e-01
5.564687e-01
5.049821e-01
4.509709e-01
4.020627e-01
3.654554e-01
3.459565e-01
3.441033e-01
3.562700e-01
3.762522e-01
3.970671e-01
4.133161e-01
4.218301e-01
4.220450e-01
4.151425e-01
4.034862e-01
3.893320e-01
3.751779e-01
3.633336e-01
3.557865e-01
3.542288e-01
3.594929e-01
3.709344e-01
3.868343e-01
4.047753e-01
4.221792e-01
4.374614e-01
4.502457e-01
4.613112e-01
4.721618e-01
4.836301e-01
4.961459e-01
5.088497e-01
5.204791e-01
5.301211e-01
5.375071e-01
5.439529e-01
5.515537e-01
5.628340e-01
5.797814e-01
6.034432e-01
6.331480e-01
6.669084e-01
7.015014e-01
7.328445e-01
7.565332e-01
7.680821e-01
7.633819e-01
7.391293e-01
6.939811e-01
6.293611e-01
5.496200e-01
4.629764e-01
3.804958e-01
3.141837e-01
2.752397e-01
2.713453e-01
3.045954e-01
3.710418e-01
4.615529e-01
5.632638e-01
6.627454e-01
7.482610e-01
8.116187e-01
8.486289e-01
8.589692e-01
8.447345e-01
8.093895e-01
7.568018e-01
6.910805e-01
6.170870e-01
5.401123e-01
4.663605e-01
4.021970e-01
3.529396e-01
3.221873e-01
3.101013e-01
3.137808e-01
3.279618e-01
3.456611e-01
3.608895e-01
3.698332e-01
3.717133e-01
3.690275e-01
3.668788e-01
3.704241e-01
3.834770e-01
4.067091e-01
4.374077e-01
4.692074e-01
4.947493e-01
5.072113e-01
5.025112e-01
4.802192e-01
4.435313e-01
3.983026e-01
3.510327e-01
3.073617e-01
2.707813e-01
2.426342e-01
2.219536e-01
2.067521e-01
1.947735e-01
1.839229e-01
1.728037e-01
1.609594e-01
1.490882e-01
1.390702e-01
1.338060e-01
1.372707e-01
1.528751e-01
1.829023e-01
2.275938e-01
2.842640e-01
3.478366e-01
4.115704e-01
4.686971e-01
5.137110e-01
5.433889e-01
5.568179e-01
5.557973e-01
5.430935e-01
5.221712e-01
4.965488e-01
4.690463e-01
4.418392e-01
4.166465e-01
3.948379e-01
3.775683e-01
3.660194e-01
3.616147e-01
3.657777e-01
3.802272e-01
4.062257e-01
4.442564e-01
4.936750e-01
5.522252e-01
6.160395e-01
6.799613e-01
7.379475e-01
7.839551e-01
8.128273e-01
8.210190e-01
8.072946e-01
7.730776e-01
7.226654e-01
6.625037e-01
6.003277e-01
5.436844e-01
4.983214e-01
4.673005e-01
4.503532e-01
4.448473e-01
4.465931e-01
4.516155e-01
4.574168e-01
4.631644e-01
4.692880e-01
4.764859e-01
4.844090e-01
4.915263e-01
4.953670e-01
4.933258e-01
4.843821e-01
4.696103e-01
4.521527e-01
4.363334e-01
4.261274e-01
4.237639e-01
4.288400e-01
4.386431e-01
4.490640e-01
4.563693e-01
4.579808e-01
4.538716e-01
4.458948e-01
4.375957e-01
4.331104e-01
4.361454e-01
4.489029e-01
4.721349e-01
5.043107e-01
5.424489e-01
5.823060e-01
6.191819e-01
6.488330e-01
6.679558e-01
6.750732e-01
6.697822e-01
6.524857e-01
6.235597e-01
5.830849e-01
5.306314e-01
4.666291e-01
3.935219e-01
3.170843e-01
2.470389e-01
1.957672e-01
1.762415e-01
1.985336e-01
2.665377e-01
3.757151e-01
5.132544e-01
6.601939e-01
7.949937e-01
8.989069e-01
9.592566e-01
9.723901e-01
9.429538e-01
8.824430e-01
8.054414e-01
7.257003e-01
6.539897e-01
5.960304e-01
5.528698e-01
5.221175e-01
5.002014e-01
4.833347e-01
4.691806e-01
4.572019e-01
4.483388e-01
4.448473e-01
4.487686e-01
4.621169e-01
4.856445e-01
5.184917e-01
5.577848e-01
5.988236e-01
6.358338e-01
6.625306e-01
6.739720e-01
6.675798e-01
6.440523e-01
6.072570e-01
5.635324e-01
5.201300e-01
4.832272e-01
4.570677e-01
4.426450e-01
4.387506e-01
4.426718e-01
4.512932e-01
4.630838e-01
4.775602e-01
4.960653e-01
5.202374e-01
5.513926e-01
5.890205e-01
6.307577e-01
6.721994e-01
7.075981e-01
7.311793e-01
7.379744e-01
7.245991e-01
6.902479e-01
6.366395e-01
5.677490e-01
4.901566e-01
4.118658e-01
3.423844e-01
2.914082e-01
2.679881e-01
2.786775e-01
3.265383e-01
4.095292e-01
5.201569e-01
6.461472e-01
7.720033e-01
8.814761e-01
9.605458e-01
1.000000e+00
9.969382e-01
9.548250e-01
8.828459e-01
7.933822e-01
6.992453e-01
6.120377e-01
5.397900e-01
4.863428e-01
4.517766e-01
4.331641e-01
4.256171e-01
4.239250e-01
4.240862e-01
4.235221e-01
4.220718e-01
4.212392e-01
4.236564e-01
4.319824e-01
4.475868e-01
4.700400e-01
4.968173e-01
5.241318e-01
5.475788e-01
5.638815e-01
5.715629e-01
5.716972e-01
5.676685e-01
5.639084e-01
5.649290e-01
5.737384e-01
5.914108e-01
6.166304e-01
6.463352e-01
6.763624e-01
7.028980e-01
7.229877e-01
7.347514e-01
7.377864e-01
7.328714e-01
7.212956e-01
7.044289e-01
6.839900e-01
6.616174e-01
6.387076e-01
6.170601e-01
5.980716e-01
5.828163e-01
5.720194e-01
5.660301e-01
5.652781e-01
5.704885e-01
5.831118e-01
6.048935e-01
6.371230e-01
6.796927e-01
7.301050e-01
7.826928e-01
8.295867e-01
8.620579e-01
8.724787e-01
8.569011e-01
8.152983e-01
7.517525e-01
6.728440e-01
5.851530e-01
4.928424e-01
3.972283e-01
2.965649e-01
1.882201e-01
7.087798e-02
-5.382322e-02
0.000000e+00
0.000000e+00
0.000000e+00
0.000000e+00
0.000000e+00
0.000000e+00
0.000000e+00
0.000000e+00
0.000000e+00
0.000000e+00
0.000000e+00
0.000000e+00
0.000000e+00
0.000000e+00
0.000000e+00
0.000000e+00
0.000000e+00
0.000000e+00
0.000000e+00
0.000000e+00
0.000000e+00
0.000000e+00
0.000000e+00
0.000000e+00
0.000000e+00
0.000000e+00
0.000000e+00
0.000000e+00
0.000000e+00
0.000000e+00
0.000000e+00
0.000000e+00
0.000000e+00
0.000000e+00
0.000000e+00
0.000000e+00
0.000000e+00
0.000000e+00
0.000000e+00
0.000000e+00
0.000000e+00
0.000000e+00
0.000000e+00
0.000000e+00
0.000000e+00
0.000000e+00
0.000000e+00
0.000000e+00
0.000000e+00
0.000000e+00
0.000000e+00
0.000000e+00
0.000000e+00
0.000000e+00
0.000000e+00
0.000000e+00
0.000000e+00
0.000000e+00
0.000000e+00
0.000000e+00
0.000000e+00
0.000000e+00
0.000000e+00
0.000000e+00
0.000000e+00
0.000000e+00
0.000000e+00
0.000000e+00
0.000000e+00
0.000000e+00
0.000000e+00
0.000000e+00
0.000000e+00
0.000000e+00
0.000000e+00
0.000000e+00
0.000000e+00
0.000000e+00
0.000000e+00
0.000000e+00
0.000000e+00
0.000000e+00
0.000000e+00
0.000000e+00
0.000000e+00
0.000000e+00
0.000000e+00
0.000000e+00
0.000000e+00
0.000000e+00
0.000000e+00
0.000000e+00
0.000000e+00
0.000000e+00
0.000000e+00
0.000000e+00
0.000000e+00
0.000000e+00
0.000000e+00
0.000000e+00
0.000000e+00
0.000000e+00
0.000000e+00
0.000000e+00
0.000000e+00
0.000000e+00
0.000000e+00
0.000000e+00
0.000000e+00
0.000000e+00
0.000000e+00
0.000000e+00
0.000000e+00
0.000000e+00
0.000000e+00
0.000000e+00
0.000000e+00
0.000000e+00
0.000000e+00
0.000000e+00
0.000000e+00
0.000000e+00
0.000000e+00
0.000000e+00
0.000000e+00
0.000000e+00
0.000000e+00
0.000000e+00
0.000000e+00
0.000000e+00
0.000000e+00
0.000000e+00
0.000000e+00
0.000000e+00
0.000000e+00
0.000000e+00
0.000000e+00
0.000000e+00
0.000000e+00
0.000000e+00
0.000000e+00
0.000000e+00
0.000000e+00
0.000000e+00
0.000000e+00
0.000000e+00
0.000000e+00
0.000000e+00
0.000000e+00
0.000000e+00
0.000000e+00
0.000000e+00
0.000000e+00
0.000000e+00
0.000000e+00
0.000000e+00
0.000000e+00
0.000000e+00
0.000000e+00
0.000000e+00
0.000000e+00
0.000000e+00
0.000000e+00
0.000000e+00
0.000000e+00
0.000000e+00
0.000000e+00
0.000000e+00
0.000000e+00
0.000000e+00
0.000000e+00
0.000000e+00
0.000000e+00
0.000000e+00
0.000000e+00
0.000000e+00
0.000000e+00
0.000000e+00
0.000000e+00
0.000000e+00
0.000000e+00
0.000000e+00
0.000000e+00
0.000000e+00
0.000000e+00
0.000000e+00
0.000000e+00
0.000000e+00
0.000000e+00
-8.164227e-02
-7.316278e-02
-3.196115e-02
7.501087e-02
2.653645e-01
5.154733e-01
7.613785e-01
9.307508e-01
9.816278e-01
9.262574e-01
8.198652e-01
7.253587e-01
6.774170e-01
6.710030e-01
6.772358e-01
6.731773e-01
6.590086e-01
6.528482e-01
6.699884e-01
7.060081e-01
7.377518e-01
7.392376e-01
7.004276e-01
6.317945e-01
5.548630e-01
4.864835e-01
4.291564e-01
3.738585e-01
3.111320e-01
2.417379e-01
1.781418e-01
1.379910e-01
1.338600e-01
1.664734e-01
2.254675e-01
2.960574e-01
3.651979e-01
4.238658e-01
4.641615e-01
4.773880e-01
4.549572e-01
3.954196e-01
3.099725e-01
2.209378e-01
1.524496e-01
1.170097e-01
1.094362e-01
1.113567e-01
1.035657e-01
7.852587e-02
4.362951e-02
1.489346e-02
7.030004e-03
2.598203e-02
6.816205e-02
1.240397e-01
1.831062e-01
2.374620e-01
2.826497e-01
3.181621e-01
3.456660e-01
3.672271e-01
3.816858e-01
3.835701e-01
3.655602e-01
3.222568e-01
2.565589e-01
1.803885e-01
1.109943e-01
6.337875e-02
4.250616e-02
4.265111e-02
5.134802e-02
5.881287e-02
6.327004e-02
6.997391e-02
8.479490e-02
1.077692e-01
1.324105e-01
1.514712e-01
1.644441e-01
1.787216e-01
2.039788e-01
2.420278e-01
2.818887e-01
3.041383e-01
2.933759e-01
2.484056e-01
1.854617e-01
1.302363e-01
1.048703e-01
1.166836e-01
1.557110e-01
2.006450e-01
2.285839e-01
2.255762e-01
1.918756e-01
1.407813e-01
9.298449e-02
6.685752e-02
7.203943e-02
1.062110e-01
1.587911e-01
2.171329e-01
2.723583e-01
3.207349e-01
3.608494e-01
3.897304e-01
4.016524e-01
3.912524e-01
3.590375e-01
3.143572e-01
2.731193e-01
2.506160e-01
2.541310e-01
2.797507e-01
3.163864e-01
3.534208e-01
3.876649e-01
4.248804e-01
4.743803e-01
5.405131e-01
6.163212e-01
6.830700e-01
7.172779e-01
7.020583e-01
6.359255e-01
5.346065e-01
4.241919e-01
3.273300e-01
2.532613e-01
1.937962e-01
1.319394e-01
5.482679e-02
-3.630961e-02
-1.240035e-01
-1.821278e-01
-1.885781e-01
-1.353457e-01
-3.428033e-02
8.515727e-02
1.841934e-01
2.284389e-01
2.024206e-01
1.188940e-01
1.641542e-02
-5.580519e-02
-6.044354e-02
1.112480e-02
1.365778e-01
2.769242e-01
3.965792e-01
4.790549e-01
5.280838e-01
5.564212e-01
5.728729e-01
5.758806e-01
5.577620e-01
5.145673e-01
4.535802e-01
3.925931e-01
3.508479e-01
3.396144e-01
3.582766e-01
3.985360e-01
4.530729e-01
5.198580e-01
6.007392e-01
6.927816e-01
7.831570e-01
8.501594e-01
8.746920e-01
8.516452e-01
7.949340e-01
7.311567e-01
6.849906e-01
6.671619e-01
6.719814e-01
6.862589e-01
7.004638e-01
7.152123e-01
7.371358e-01
7.684447e-01
8.002609e-01
8.151906e-01
7.974344e-01
7.432237e-01
6.623424e-01
5.702276e-01
4.787650e-01
3.905276e-01
3.030149e-01
2.151761e-01
1.308885e-01
5.700101e-02
-2.029280e-03
-4.482534e-02
-7.062618e-02
-7.696768e-02
-5.989999e-02
-2.014785e-02
3.322945e-02
8.537469e-02
1.223003e-01
1.374837e-01
1.326279e-01
1.146905e-01
9.186114e-02
7.359762e-02
6.914046e-02
8.497608e-02
1.192564e-01
1.600232e-01
1.912596e-01
2.043412e-01
2.043050e-01
2.050297e-01
2.158284e-01
2.314103e-01
2.355414e-01
2.156834e-01
1.766560e-01
1.388969e-01
1.231338e-01
1.340774e-01
1.579214e-01
1.749529e-01
1.764386e-01
1.708943e-01
1.744818e-01
1.952095e-01
2.256849e-01
2.495289e-01
2.550732e-01
2.438397e-01
2.272068e-01
2.162270e-01
2.137266e-01
2.155022e-01
2.169155e-01
2.170967e-01
2.181476e-01
2.195608e-01
2.162632e-01
2.023119e-01
1.763661e-01
1.446224e-01
1.166836e-01
9.921728e-02
9.135382e-02
8.671547e-02
7.896072e-02
6.645891e-02
5.359472e-02
4.765183e-02
5.479055e-02
7.685897e-02
1.090738e-01
1.410349e-01
1.604218e-01
1.592622e-01
1.402015e-01
1.161038e-01
1.030947e-01
1.088201e-01
1.256341e-01
1.354182e-01
1.229526e-01
8.932454e-02
5.308740e-02
3.852008e-02
5.783447e-02
1.013553e-01
1.431367e-01
1.587187e-01
1.415060e-01
1.070445e-01
8.182345e-02
8.577330e-02
1.203435e-01
1.715466e-01
2.231120e-01
2.698942e-01
3.196478e-01
3.816858e-01
4.508262e-01
5.025728e-01
5.042760e-01
4.372373e-01
3.136686e-01
1.742281e-01
6.750978e-02
2.384404e-02
4.228874e-02
9.660820e-02
1.554935e-01
1.976373e-01
2.156472e-01
2.073127e-01
1.676692e-01
8.921583e-02
-2.837368e-02
-1.683215e-01
-2.965647e-01
-3.732425e-01
-3.701623e-01
-2.844253e-01
-1.408900e-01
1.844470e-02
1.517611e-01
2.343093e-01
2.652558e-01
2.633715e-01
2.524279e-01
2.478982e-01
2.511234e-01
2.540948e-01
2.517031e-01
2.478258e-01
2.544934e-01
2.819974e-01
3.291057e-01
3.820481e-01
4.204232e-01
4.281055e-01
4.005291e-01
3.446514e-01
2.765256e-01
2.143789e-01
1.748079e-01
1.680316e-01
1.954631e-01
2.480432e-01
3.098637e-01
3.637484e-01
3.978475e-01
4.089361e-01
4.005653e-01
3.801276e-01
3.551602e-01
3.320409e-01
3.150819e-01
3.051892e-01
2.987389e-01
2.897521e-01
2.756921e-01
2.622119e-01
2.619945e-01
2.859110e-01
3.332729e-01
3.889694e-01
4.332512e-01
4.561531e-01
4.651036e-01
4.786563e-01
5.105450e-01
5.584867e-01
6.056675e-01
6.347659e-01
6.400565e-01
6.276997e-01
6.046891e-01
5.692129e-01
5.127192e-01
4.324902e-01
3.424772e-01
2.709813e-01
2.439846e-01
2.680823e-01
3.267865e-01
3.923395e-01
4.436513e-01
4.747427e-01
4.906871e-01
4.962676e-01
4.901073e-01
4.698507e-01
4.410059e-01
4.207856e-01
4.291202e-01
4.736918e-01
5.398246e-01
5.938904e-01
6.002682e-01
5.410567e-01
4.258951e-01
2.883389e-01
1.701696e-01
1.042542e-01
1.030222e-01
1.564357e-01
2.365198e-01
3.055878e-01
3.252283e-01
2.664154e-01
1.194014e-01
-1.009204e-01
-3.574069e-01
0.000000e+00
0.000000e+00
0.000000e+00
0.000000e+00
0.000000e+00
0.000000e+00
0.000000e+00
0.000000e+00
0.000000e+00
0.000000e+00
0.000000e+00
0.000000e+00
0.000000e+00
0.000000e+00
0.000000e+00
0.000000e+00
0.000000e+00
0.000000e+00
0.000000e+00
0.000000e+00
0.000000e+00
0.000000e+00
0.000000e+00
0.000000e+00
0.000000e+00
0.000000e+00
0.000000e+00
0.000000e+00
0.000000e+00
0.000000e+00
0.000000e+00
0.000000e+00
0.000000e+00
0.000000e+00
0.000000e+00
0.000000e+00
0.000000e+00
0.000000e+00
0.000000e+00
0.000000e+00
0.000000e+00
0.000000e+00
0.000000e+00
0.000000e+00
0.000000e+00
0.000000e+00
0.000000e+00
0.000000e+00
0.000000e+00
0.000000e+00
0.000000e+00
0.000000e+00
0.000000e+00
0.000000e+00
0.000000e+00
0.000000e+00
0.000000e+00
0.000000e+00
0.000000e+00
0.000000e+00
0.000000e+00
0.000000e+00
0.000000e+00
0.000000e+00
0.000000e+00
0.000000e+00
0.000000e+00
0.000000e+00
0.000000e+00
0.000000e+00
0.000000e+00
0.000000e+00
0.000000e+00
0.000000e+00
0.000000e+00
0.000000e+00
0.000000e+00
0.000000e+00
0.000000e+00
0.000000e+00
0.000000e+00
0.000000e+00
0.000000e+00
0.000000e+00
0.000000e+00
0.000000e+00
0.000000e+00
0.000000e+00
0.000000e+00
0.000000e+00
0.000000e+00
0.000000e+00
0.000000e+00
0.000000e+00
0.000000e+00
9.938748e-01
9.840744e-01
9.561302e-01
9.144125e-01
8.643512e-01
8.113432e-01
7.591630e-01
7.098301e-01
6.638413e-01
6.209979e-01
5.814323e-01
5.456081e-01
5.140549e-01
4.872364e-01
4.644903e-01
4.444592e-01
4.255206e-01
4.063835e-01
3.868821e-01
3.681753e-01
3.521504e-01
3.406946e-01
3.349667e-01
3.348012e-01
3.387412e-01
3.445353e-01
3.500315e-01
3.537397e-01
3.550310e-01
3.543026e-01
3.522498e-01
3.499321e-01
3.480449e-01
3.469854e-01
3.468199e-01
3.475151e-01
3.488726e-01
3.508261e-01
3.530444e-01
3.554614e-01
3.579446e-01
3.602291e-01
3.625137e-01
3.646658e-01
3.668510e-01
3.690031e-01
3.708903e-01
3.719498e-01
3.713538e-01
3.683740e-01
3.627454e-01
3.553621e-01
3.486078e-01
3.463894e-01
3.531437e-01
3.729431e-01
4.073768e-01
4.545575e-01
5.084925e-01
5.598782e-01
5.980863e-01
6.140450e-01
6.020263e-01
5.617654e-01
4.973347e-01
4.163494e-01
3.276165e-01
2.390491e-01
1.569381e-01
8.595173e-02
2.983147e-02
-7.383373e-03
-2.122306e-02
-7.217826e-03
3.791014e-02
1.146244e-01
2.193822e-01
3.449657e-01
4.804159e-01
6.129192e-01
7.294309e-01
8.192564e-01
8.757077e-01
8.973281e-01
8.891170e-01
8.605768e-01
8.244876e-01
7.934311e-01
7.764792e-01
7.770420e-01
7.918750e-01
8.129987e-01
8.305466e-01
8.370361e-01
8.297520e-01
8.123365e-01
7.930338e-01
7.818098e-01
7.866437e-01
8.104824e-01
8.503791e-01
8.985200e-01
9.446744e-01
9.797040e-01
9.983114e-01
1.000000e+00
9.892395e-01
9.731484e-01
9.591100e-01
9.519915e-01
9.521571e-01
9.552031e-01
9.530179e-01
9.364633e-01
8.984538e-01
8.361421e-01
7.524749e-01
6.554316e-01
5.556402e-01
4.633977e-01
3.856902e-01
3.245704e-01
2.780187e-01
2.414661e-01
2.109724e-01
1.855776e-01
1.684270e-01
1.657451e-01
1.847167e-01
2.304076e-01
3.032149e-01
3.972453e-01
5.013078e-01
6.009006e-01
6.814224e-01
7.317154e-01
7.464159e-01
7.266828e-01
6.795020e-01
6.150382e-01
5.440850e-01
4.753501e-01
4.138662e-01
3.617853e-01
3.190743e-01
2.851703e-01
2.604377e-01
2.459689e-01
2.425587e-01
2.494785e-01
2.638811e-01
2.814952e-01
2.982816e-01
3.123200e-01
3.258948e-01
3.446015e-01
3.753601e-01
4.230043e-01
4.871039e-01
5.603417e-01
6.301030e-01
6.820846e-01
7.048638e-01
6.945668e-01
6.557958e-01
6.007350e-01
5.443830e-01
4.998510e-01
4.741251e-01
4.659471e-01
4.676688e-01
4.686952e-01
4.596232e-01
4.359170e-01
3.992981e-01
3.561898e-01
3.154322e-01
2.842433e-01
2.665960e-01
2.616959e-01
2.657683e-01
2.735821e-01
2.811641e-01
2.870576e-01
2.923220e-01
2.993411e-01
3.104327e-01
3.260934e-01
3.450320e-01
3.641691e-01
3.802933e-01
3.908883e-01
3.951594e-01
3.939675e-01
3.891004e-01
3.826441e-01
3.759560e-01
3.701950e-01
3.659570e-01
3.637387e-01
3.644671e-01
3.690362e-01
3.778433e-01
3.908552e-01
4.070457e-01
4.253551e-01
4.448896e-01
4.650531e-01
4.863424e-01
5.088567e-01
5.323643e-01
5.551435e-01
5.740489e-01
5.849750e-01
5.843128e-01
5.700758e-01
5.429924e-01
5.060424e-01
4.644241e-01
4.241301e-01
3.905241e-01
3.677449e-01
3.578452e-01
3.612886e-01
3.771149e-01
4.032050e-01
4.363805e-01
4.733636e-01
5.105453e-01
5.449790e-01
5.748436e-01
5.993775e-01
6.194087e-01
6.360958e-01
6.505314e-01
6.632785e-01
6.737079e-01
6.810251e-01
6.845678e-01
6.849651e-01
6.838394e-01
6.840380e-01
6.878125e-01
6.961560e-01
7.078767e-01
7.194318e-01
7.263848e-01
7.242327e-01
7.106910e-01
6.855610e-01
6.516571e-01
6.131841e-01
5.746449e-01
5.398470e-01
5.109095e-01
4.882959e-01
4.715426e-01
4.599212e-01
4.533325e-01
4.524716e-01
4.584975e-01
4.725027e-01
4.940569e-01
5.211734e-01
5.495812e-01
5.735192e-01
5.875906e-01
5.877231e-01
5.732212e-01
5.471642e-01
5.156441e-01
4.860113e-01
4.647883e-01
4.553852e-01
4.571731e-01
4.661457e-01
4.760785e-01
4.809125e-01
4.758468e-01
4.582326e-01
4.270437e-01
3.812866e-01
3.199682e-01
2.413005e-01
1.444558e-01
3.059299e-02
-9.585141e-02
0.000000e+00
0.000000e+00
0.000000e+00
0.000000e+00
0.000000e+00
0.000000e+00
0.000000e+00
0.000000e+00
0.000000e+00
0.000000e+00
0.000000e+00
0.000000e+00
0.000000e+00
0.000000e+00
0.000000e+00
0.000000e+00
0.000000e+00
0.000000e+00
0.000000e+00
0.000000e+00
0.000000e+00
0.000000e+00
0.000000e+00
0.000000e+00
0.000000e+00
0.000000e+00
0.000000e+00
0.000000e+00
0.000000e+00
0.000000e+00
0.000000e+00
0.000000e+00
0.000000e+00
0.000000e+00
0.000000e+00
0.000000e+00
0.000000e+00
0.000000e+00
0.000000e+00
0.000000e+00
0.000000e+00
0.000000e+00
0.000000e+00
0.000000e+00
0.000000e+00
0.000000e+00
0.000000e+00
0.000000e+00
0.000000e+00
0.000000e+00
0.000000e+00
0.000000e+00
0.000000e+00
0.000000e+00
0.000000e+00
0.000000e+00
0.000000e+00
0.000000e+00
0.000000e+00
0.000000e+00
0.000000e+00
0.000000e+00
0.000000e+00
0.000000e+00
0.000000e+00
0.000000e+00
0.000000e+00
0.000000e+00
0.000000e+00
0.000000e+00
0.000000e+00
0.000000e+00
0.000000e+00
0.000000e+00
0.000000e+00
0.000000e+00
0.000000e+00
0.000000e+00
0.000000e+00
0.000000e+00
0.000000e+00
0.000000e+00
0.000000e+00
0.000000e+00
0.000000e+00
0.000000e+00
0.000000e+00
0.000000e+00
0.000000e+00
0.000000e+00
0.000000e+00
0.000000e+00
0.000000e+00
0.000000e+00
0.000000e+00
0.000000e+00
0.000000e+00
0.000000e+00
0.000000e+00
0.000000e+00
0.000000e+00
0.000000e+00
0.000000e+00
0.000000e+00
0.000000e+00
0.000000e+00
0.000000e+00
0.000000e+00
0.000000e+00
0.000000e+00
0.000000e+00
0.000000e+00
0.000000e+00
0.000000e+00
0.000000e+00
0.000000e+00
0.000000e+00
0.000000e+00
0.000000e+00
2.203681e-01
2.746789e-01
3.922690e-01
4.741414e-01
4.463611e-01
3.123652e-01
1.400581e-01
3.906128e-03
-6.477923e-02
-8.234118e-02
-8.284116e-02
-8.627855e-02
-9.077841e-02
-8.502859e-02
-6.268554e-02
-2.706165e-02
1.362457e-02
5.284210e-02
9.055967e-02
1.333708e-01
1.890253e-01
2.562732e-01
3.181776e-01
3.488953e-01
3.324271e-01
2.783976e-01
2.170870e-01
1.754945e-01
1.585888e-01
1.561514e-01
1.692447e-01
2.213993e-01
3.363332e-01
4.986719e-01
6.432299e-01
6.914471e-01
6.069185e-01
4.214556e-01
2.108684e-01
4.452986e-02
-4.693603e-02
-6.999781e-02
-4.802975e-02
-4.531108e-03
4.468610e-02
9.574701e-02
1.589013e-01
2.504297e-01
3.733946e-01
5.034843e-01
5.958876e-01
6.132308e-01
5.493891e-01
4.312053e-01
2.982719e-01
1.811506e-01
9.409081e-02
4.077998e-02
2.131183e-02
3.056154e-02
5.587325e-02
7.877879e-02
8.449736e-02
6.809162e-02
3.368645e-02
-1.196838e-02
-6.359176e-02
-1.162151e-01
-1.613387e-01
-1.882441e-01
-1.888066e-01
-1.628074e-01
-1.175588e-01
-6.446674e-02
-1.584325e-02
1.734321e-02
2.799913e-02
1.759320e-02
-3.437393e-04
-3.312396e-03
2.818662e-02
9.512203e-02
1.712134e-01
2.136183e-01
1.886191e-01
9.899691e-02
-1.243711e-02
-8.934096e-02
-1.006531e-01
-5.934190e-02
-4.374863e-03
3.646761e-02
6.674791e-02
1.061529e-01
1.610575e-01
2.113996e-01
2.287741e-01
2.035874e-01
1.528702e-01
1.036218e-01
7.212275e-02
5.727946e-02
5.174838e-02
5.224837e-02
6.077935e-02
7.777882e-02
9.684072e-02
1.071842e-01
9.884066e-02
6.899784e-02
2.640542e-02
-9.687197e-03
-1.759320e-02
1.321834e-02
7.090403e-02
1.244961e-01
1.412456e-01
1.098403e-01
5.131090e-02
8.718478e-03
1.884316e-02
8.568482e-02
1.739633e-01
2.308053e-01
2.203056e-01
1.457767e-01
4.409237e-02
-4.081122e-02
-8.309115e-02
-8.234118e-02
-5.243586e-02
-7.124777e-03
4.699853e-02
1.087154e-01
1.769632e-01
2.451798e-01
2.988969e-01
3.180213e-01
2.859286e-01
2.019937e-01
8.643480e-02
-2.596794e-02
-1.022781e-01
-1.267148e-01
-1.073091e-01
-7.071654e-02
-5.027968e-02
-6.871660e-02
-1.267460e-01
-2.030249e-01
-2.694291e-01
-3.097403e-01
-3.244586e-01
-3.160214e-01
-2.718353e-01
-1.684322e-01
1.562451e-04
1.966501e-01
3.513015e-01
4.074873e-01
3.666448e-01
2.891472e-01
2.466798e-01
2.681479e-01
3.240524e-01
3.601450e-01
3.465517e-01
2.980219e-01
2.538358e-01
2.415237e-01
2.578669e-01
2.811475e-01
2.970532e-01
3.107715e-01
3.372082e-01
3.804256e-01
4.237680e-01
4.418612e-01
4.223618e-01
3.777069e-01
3.345520e-01
3.097716e-01
2.946783e-01
2.641480e-01
2.029937e-01
1.263711e-01
7.337271e-02
7.787257e-02
1.426518e-01
2.383363e-01
3.275835e-01
3.881754e-01
4.168932e-01
4.153933e-01
3.813943e-01
3.168963e-01
2.414925e-01
1.892128e-01
1.846192e-01
2.183994e-01
2.502422e-01
2.378051e-01
1.672448e-01
5.921690e-02
-5.021718e-02
-1.315896e-01
-1.700572e-01
-1.624012e-01
-1.165276e-01
-5.409206e-02
-6.906034e-03
7.499766e-04
-2.968657e-02
-7.112278e-02
-9.409081e-02
-9.209087e-02
-8.415362e-02
-9.234086e-02
-1.176213e-01
-1.376832e-01
-1.289647e-01
-9.046592e-02
-4.493610e-02
-2.068685e-02
-3.090528e-02
-7.012281e-02
-1.274648e-01
-2.012437e-01
-3.001469e-01
-4.315803e-01
-5.877629e-01
0.000000e+00
0.000000e+00
0.000000e+00
0.000000e+00
0.000000e+00
0.000000e+00
0.000000e+00
0.000000e+00
0.000000e+00
0.000000e+00
0.000000e+00
0.000000e+00
0.000000e+00
0.000000e+00
0.000000e+00
0.000000e+00
0.000000e+00
0.000000e+00
0.000000e+00
0.000000e+00
0.000000e+00
0.000000e+00
0.000000e+00
0.000000e+00
0.000000e+00
0.000000e+00
0.000000e+00
0.000000e+00
0.000000e+00
0.000000e+00
0.000000e+00
0.000000e+00
0.000000e+00
0.000000e+00
0.000000e+00
0.000000e+00
0.000000e+00
0.000000e+00
0.000000e+00
-3.845453e-02
-4.749909e-02
-6.701469e-02
-7.797135e-02
-6.194610e-02
-1.183683e-02
6.212820e-02
1.360932e-01
1.831978e-01
1.861722e-01
1.459269e-01
8.319170e-02
2.968314e-02
1.365789e-02
4.576909e-02
1.134211e-01
1.869309e-01
2.348549e-01
2.402270e-01
2.078123e-01
1.585529e-01
1.162741e-01
9.551414e-02
9.657642e-02
1.105682e-01
1.276861e-01
1.424366e-01
1.539395e-01
1.629234e-01
1.701165e-01
1.760046e-01
1.823479e-01
1.914532e-01
2.035935e-01
2.154304e-01
2.208632e-01
2.154304e-01
2.004674e-01
1.833192e-01
1.726660e-01
1.726357e-01
1.790093e-01
1.815588e-01
1.707843e-01
1.447129e-01
1.109931e-01
8.346485e-02
7.420784e-02
8.622678e-02
1.115697e-01
1.346971e-01
1.407976e-01
1.223139e-01
8.209907e-02
3.019910e-02
-2.194367e-02
-6.671118e-02
-1.019789e-01
-1.288090e-01
-1.479604e-01
-1.574299e-01
-1.535146e-01
-1.331492e-01
-9.675853e-02
-4.801505e-02
7.435960e-03
6.525434e-02
1.229513e-01
1.793432e-01
2.307879e-01
2.699102e-01
2.854498e-01
2.669965e-01
2.110599e-01
1.253794e-01
2.901542e-02
-5.341751e-02
-1.006131e-01
-1.026769e-01
-6.382785e-02
1.517543e-04
6.822872e-02
1.209178e-01
1.453199e-01
1.378536e-01
1.038606e-01
5.669540e-02
1.350613e-02
-9.590870e-03
-2.974384e-03
3.286998e-02
8.725871e-02
1.426187e-01
1.809215e-01
1.897839e-01
1.671422e-01
1.224050e-01
7.305451e-02
3.894015e-02
3.438752e-02
6.309943e-02
1.177613e-01
1.843511e-01
2.501214e-01
3.082736e-01
3.587168e-01
4.034539e-01
4.419995e-01
4.692849e-01
4.786937e-01
4.677674e-01
4.421209e-01
4.139250e-01
3.972624e-01
4.012687e-01
4.280381e-01
4.728056e-01
5.285602e-01
5.879568e-01
6.434078e-01
6.855651e-01
7.030776e-01
6.851706e-01
6.277771e-01
5.384849e-01
4.364150e-01
3.467889e-01
2.901542e-01
2.745538e-01
2.927340e-01
3.283659e-01
3.656368e-01
3.976569e-01
4.284327e-01
4.679191e-01
5.221561e-01
5.871373e-01
6.471106e-01
6.814374e-01
6.738497e-01
6.208571e-01
5.342661e-01
4.366274e-01
3.530108e-01
3.011108e-01
2.856623e-01
2.978633e-01
3.203533e-01
3.351949e-01
3.309761e-01
3.069989e-01
2.717312e-01
2.370705e-01
2.122132e-01
1.989195e-01
1.920906e-01
1.846546e-01
1.730606e-01
1.596759e-01
1.506920e-01
1.504188e-01
1.570050e-01
1.634697e-01
1.619218e-01
1.503278e-01
1.339990e-01
1.221622e-01
1.211910e-01
1.297196e-01
1.400085e-01
1.435292e-01
1.371859e-01
1.255311e-01
1.173668e-01
1.205232e-01
1.384606e-01
1.698434e-01
2.105742e-01
2.545830e-01
2.931893e-01
3.151936e-01
3.110963e-01
2.793493e-01
2.315770e-01
1.913318e-01
1.842904e-01
2.245356e-01
3.054510e-01
4.016632e-01
4.806362e-01
5.192424e-01
5.132026e-01
4.764477e-01
4.314374e-01
3.971409e-01
3.819655e-01
3.843329e-01
3.980515e-01
4.182348e-01
4.426976e-01
4.702562e-01
4.975719e-01
5.172696e-01
5.199102e-01
4.984521e-01
4.523492e-01
3.893408e-01
3.240257e-01
2.721258e-01
2.449921e-01
2.449011e-01
2.662984e-01
2.998665e-01
3.385638e-01
3.808425e-01
4.290093e-01
4.833070e-01
5.372709e-01
5.765449e-01
5.847092e-01
5.514143e-01
4.793918e-01
3.853952e-01
2.942515e-01
2.287544e-01
2.009834e-01
2.080551e-01
2.348549e-01
2.621100e-01
2.757679e-01
2.735826e-01
2.651147e-01
2.649630e-01
2.838716e-01
3.210817e-01
3.647262e-01
3.984764e-01
4.100401e-01
3.974445e-01
3.680345e-01
3.319473e-01
2.951317e-01
2.563433e-01
2.094816e-01
1.501153e-01
7.942819e-02
5.705961e-03
-6.003399e-02
-1.089596e-01
-1.374287e-01
-1.479301e-01
-1.454717e-01
-1.343632e-01
-1.162741e-01
-9.050625e-02
-5.639189e-02
-1.556999e-02
2.734612e-02
6.637732e-02
9.633362e-02
1.144531e-01
1.212213e-01
1.189754e-01
1.104771e-01
9.766905e-02
8.182591e-02
6.358504e-02
4.409979e-02
2.594998e-02
1.250455e-02
8.316135e-03
1.663227e-02
3.799927e-02
6.938206e-02
1.051961e-01
1.400692e-01
1.713609e-01
1.993748e-01
2.252641e-01
2.471774e-01
2.590446e-01
2.530047e-01
2.232609e-01
1.707539e-01
1.040427e-01
3.611752e-02
-2.039578e-02
-5.787908e-02
-7.575574e-02
-7.976205e-02
-7.961030e-02
-8.504310e-02
-1.021306e-01
-1.303266e-01
-1.620432e-01
-1.855348e-01
-1.909069e-01
-1.756404e-01
-1.471713e-01
-1.201287e-01
-1.092024e-01
-1.219801e-01
-1.543948e-01
-1.917871e-01
-2.151876e-01
-2.080855e-01
-1.623467e-01
-7.927644e-02
3.077577e-02
1.521488e-01
2.655700e-01
3.513719e-01
3.929222e-01
3.824208e-01
3.262414e-01
2.476933e-01
1.827729e-01
1.684169e-01
2.270851e-01
3.555906e-01
5.226721e-01
6.794950e-01
7.772551e-01
7.853891e-01
7.023795e-01
5.542977e-01
3.849703e-01
2.395593e-01
1.512080e-01
1.344239e-01
1.852920e-01
2.874530e-01
4.178099e-01
5.507163e-01
6.600704e-01
7.218344e-01
7.197705e-01
6.519667e-01
5.349945e-01
4.009045e-01
2.862693e-01
2.181923e-01
2.046255e-01
2.326090e-01
2.776193e-01
3.151329e-01
3.302173e-01
3.209300e-01
2.947068e-01
2.628991e-01
2.345818e-01
2.141556e-01
2.006495e-01
1.895411e-01
1.764599e-01
1.596759e-01
1.419510e-01
1.291125e-01
1.272915e-01
1.397353e-01
1.662013e-01
2.030776e-01
2.460544e-01
2.910647e-01
3.349824e-01
3.747420e-01
4.085832e-01
4.363239e-01
4.592388e-01
4.785723e-01
4.937174e-01
5.015479e-01
4.989074e-01
4.866760e-01
4.717737e-01
4.657035e-01
4.786633e-01
5.137186e-01
5.646777e-01
6.191271e-01
6.648962e-01
6.959755e-01
7.143984e-01
7.276314e-01
7.440816e-01
7.683623e-01
7.994415e-01
8.302780e-01
8.500971e-01
8.483064e-01
8.188054e-01
7.637489e-01
6.940634e-01
6.259561e-01
5.741471e-01
5.457387e-01
5.372405e-01
5.382724e-01
5.393347e-01
5.391830e-01
5.471349e-01
5.777285e-01
6.394622e-01
7.248391e-01
8.065436e-01
8.457266e-01
8.090021e-01
6.863239e-01
5.010623e-01
3.052689e-01
1.601918e-01
1.111145e-01
1.691150e-01
3.088503e-01
4.820626e-01
6.396746e-01
7.497875e-01
8.022035e-01
8.019303e-01
7.577091e-01
6.757618e-01
5.619461e-01
4.278864e-01
2.938266e-01
1.824693e-01
1.089292e-01
7.335802e-02
6.343329e-02
6.631662e-02
8.012626e-02
1.170633e-01
1.930618e-01
3.123103e-01
4.580248e-01
5.964247e-01
6.938509e-01
7.332767e-01
7.211363e-01
6.792825e-01
6.288697e-01
5.778196e-01
5.203047e-01
4.458844e-01
3.512201e-01
2.449618e-01
1.426794e-01
5.824329e-02
-3.581401e-03
-4.692242e-02
-8.024766e-02
-1.110538e-01
-1.438024e-01
-1.795860e-01
-2.173425e-01
-2.530047e-01
-2.792886e-01
-2.880600e-01
-2.739772e-01
-2.386488e-01
-1.907248e-01
-1.414957e-01
-9.921695e-02
-6.671118e-02
-4.200558e-02
-2.333981e-02
-1.104771e-02
-6.889644e-03
-1.037999e-02
-1.666262e-02
-1.851402e-02
-9.803326e-03
1.068350e-02
4.018453e-02
7.478451e-02
1.121464e-01
1.512990e-01
1.889037e-01
2.178584e-01
2.295132e-01
2.197705e-01
1.954595e-01
1.758225e-01
1.874469e-01
2.535814e-01
3.823297e-01
5.602161e-01
7.523674e-01
9.127413e-01
1.000000e+00
9.944761e-01
9.086439e-01
7.846607e-01
6.778864e-01
6.320262e-01
6.598580e-01
7.380114e-01
8.203229e-01
8.618126e-01
8.396564e-01
7.603496e-01
6.520274e-01
5.475294e-01
4.703472e-01
4.276739e-01
4.129537e-01
4.122253e-01
4.112237e-01
4.006313e-01
3.799017e-01
3.579883e-01
3.500668e-01
3.690664e-01
4.161406e-01
4.754765e-01
5.188175e-01
5.184533e-01
4.618490e-01
3.590810e-01
2.377990e-01
1.288697e-01
5.183926e-02
8.528591e-03
-1.283841e-02
-2.655700e-02
-4.021488e-02
-5.268909e-02
-5.772733e-02
-5.074663e-02
-3.195945e-02
-6.343329e-03
1.942455e-02
3.997208e-02
5.235523e-02
5.684715e-02
5.739347e-02
6.070171e-02
7.484521e-02
1.057424e-01
1.540913e-01
2.144591e-01
2.780138e-01
3.363482e-01
3.844846e-01
4.211485e-01
4.471592e-01
4.643984e-01
4.757497e-01
4.854619e-01
4.975112e-01
5.119886e-01
5.217312e-01
5.143560e-01
4.797863e-01
4.205718e-01
3.569261e-01
3.207782e-01
3.412347e-01
4.275829e-01
5.625531e-01
7.081462e-01
8.222047e-01
8.757436e-01
8.620554e-01
7.952835e-01
7.014083e-01
6.085954e-01
5.394561e-01
5.075877e-01
5.156003e-01
5.546012e-01
6.066833e-01
6.520881e-01
6.770365e-01
6.794646e-01
6.669904e-01
6.486888e-01
6.269273e-01
5.949071e-01
5.439177e-01
4.741411e-01
4.005402e-01
3.466978e-01
3.312796e-01
3.543462e-01
3.949557e-01
4.225750e-01
4.136215e-01
3.640585e-01
2.895775e-01
2.155214e-01
1.638946e-01
1.451378e-01
1.568229e-01
1.872041e-01
2.191939e-01
2.342783e-01
2.177370e-01
1.645927e-01
8.461819e-02
6.373680e-04
-6.054996e-02
-8.061187e-02
-5.827364e-02
-8.073328e-03
4.925944e-02
9.885274e-02
1.369127e-01
1.676885e-01
1.961576e-01
2.221986e-01
2.419267e-01
2.519425e-01
2.537635e-01
2.527316e-01
2.529137e-01
2.529440e-01
2.460544e-01
2.253551e-01
1.903909e-01
1.499332e-01
1.182773e-01
1.076848e-01
1.215855e-01
1.523916e-01
1.850492e-01
2.043523e-01
2.010137e-01
1.753672e-01
1.357897e-01
9.536239e-02
6.710574e-02
5.966978e-02
7.466311e-02
1.067743e-01
1.450467e-01
1.773401e-01
1.947614e-01
1.953078e-01
1.840779e-01
1.702380e-01
1.623467e-01
1.634394e-01
1.705111e-01
1.762474e-01
1.738497e-01
1.607988e-01
1.408280e-01
1.217676e-01
1.117822e-01
1.159706e-01
1.343632e-01
1.636518e-01
1.991016e-01
2.374651e-01
2.773765e-01
3.195035e-01
3.640585e-01
4.088260e-01
4.477662e-01
4.717737e-01
4.719558e-01
4.440634e-01
3.931043e-01
3.334042e-01
2.843268e-01
2.617761e-01
2.710331e-01
3.040852e-01
3.446643e-01
3.775039e-01
3.957145e-01
4.019364e-01
4.036360e-01
4.055481e-01
4.069139e-01
4.027255e-01
3.890676e-01
3.671543e-01
3.424184e-01
3.209603e-01
3.058759e-01
2.972259e-01
2.940694e-01
2.968314e-01
3.070900e-01
3.247542e-01
3.461515e-01
3.653029e-01
3.771701e-01
3.808425e-01
3.800231e-01
3.795678e-01
3.818138e-01
3.849399e-01
3.842418e-01
3.755615e-01
3.579883e-01
3.342236e-01
3.090628e-01
2.875137e-01
2.735219e-01
2.679981e-01
2.689693e-01
2.721258e-01
2.727935e-01
2.695763e-01
2.655700e-01
2.672089e-01
2.798045e-01
3.035693e-01
3.333435e-01
3.627231e-01
3.897353e-01
4.193881e-01
4.599369e-01
5.158128e-01
5.820991e-01
6.453806e-01
6.893286e-01
7.038667e-01
6.886913e-01
6.529987e-01
6.097487e-01
5.710817e-01
5.454352e-01
5.367549e-01
5.445551e-01
5.641314e-01
5.880782e-01
6.089596e-01
6.214945e-01
6.232245e-01
6.114787e-01
5.809761e-01
5.249484e-01
4.411800e-01
3.394743e-01
2.435049e-01
1.828032e-01
1.786148e-01
2.315467e-01
3.200801e-01
4.110113e-01
4.753855e-01
5.000911e-01
4.891951e-01
4.566286e-01
4.180830e-01
3.855166e-01
3.655761e-01
3.591720e-01
3.594452e-01
3.495812e-01
3.061794e-01
2.080248e-01
4.880418e-02
-1.560641e-01
0.000000e+00
0.000000e+00
0.000000e+00
0.000000e+00
0.000000e+00
0.000000e+00
0.000000e+00
0.000000e+00
0.000000e+00
0.000000e+00
0.000000e+00
0.000000e+00
0.000000e+00
0.000000e+00
0.000000e+00
0.000000e+00
0.000000e+00
0.000000e+00
0.000000e+00
0.000000e+00
0.000000e+00
0.000000e+00
0.000000e+00
0.000000e+00
0.000000e+00
0.000000e+00
0.000000e+00
0.000000e+00
