
0.000000e+00
0.000000e+00
0.000000e+00
0.000000e+00
0.000000e+00
0.000000e+00
0.000000e+00
0.000000e+00
0.000000e+00
0.000000e+00
0.000000e+00
0.000000e+00
0.000000e+00
0.000000e+00
0.000000e+00
0.000000e+00
0.000000e+00
0.000000e+00
0.000000e+00
0.000000e+00
0.000000e+00
0.000000e+00
0.000000e+00
0.000000e+00
0.000000e+00
0.000000e+00
0.000000e+00
5.871695e-01
5.762533e-01
5.426404e-01
4.834176e-01
3.933030e-01
2.719764e-01
1.357001e-01
1.799091e-02
-4.648185e-02
-4.660990e-02
-7.843012e-03
2.263269e-02
8.195147e-03
-5.051540e-02
-1.158845e-01
-1.395096e-01
-9.424419e-02
1.005186e-02
1.353480e-01
2.391318e-01
2.948012e-01
2.962738e-01
2.504962e-01
1.671682e-01
5.733402e-02
-6.040720e-02
-1.562200e-01
-1.965875e-01
-1.627825e-01
-6.453678e-02
6.117549e-02
1.687048e-01
2.252385e-01
2.215891e-01
1.689929e-01
8.918625e-02
5.794225e-03
-6.111147e-02
-9.959024e-02
-1.109866e-01
-1.099622e-01
-1.164287e-01
-1.432550e-01
-1.875920e-01
-2.334016e-01
-2.620846e-01
-2.624688e-01
-2.347461e-01
-1.864076e-01
-1.268007e-01
-6.277611e-02
1.536590e-03
6.325629e-02
1.177732e-01
1.583968e-01
1.779243e-01
1.722261e-01
1.429029e-01
9.549267e-02
3.649401e-02
-3.028363e-02
-1.023113e-01
-1.738588e-01
-2.347461e-01
-2.720405e-01
-2.750496e-01
-2.397080e-01
-1.697612e-01
-7.564505e-02
2.740252e-02
1.215827e-01
1.904091e-01
2.216531e-01
2.112491e-01
1.623663e-01
8.643319e-02
2.144824e-03
-6.728984e-02
-1.019912e-01
-9.645304e-02
-6.402459e-02
-2.903515e-02
-9.123503e-03
-1.632627e-03
1.466163e-02
6.370446e-02
1.543953e-01
2.736091e-01
3.923106e-01
4.766951e-01
4.995198e-01
4.499968e-01
3.412831e-01
2.113452e-01
1.096101e-01
7.273193e-02
1.047762e-01
1.766118e-01
2.461425e-01
2.831167e-01
2.822844e-01
2.575389e-01
2.291760e-01
2.125936e-01
2.143223e-01
2.313849e-01
2.520328e-01
2.613804e-01
2.510084e-01
2.270632e-01
2.087522e-01
2.138741e-01
2.428773e-01
2.741213e-01
2.785710e-01
2.423651e-01
1.807414e-01
1.295537e-01
1.189897e-01
1.514822e-01
2.007811e-01
2.374032e-01
2.557462e-01
2.812280e-01
3.447724e-01
4.481721e-01
5.508035e-01
5.922594e-01
5.354696e-01
3.957360e-01
2.319291e-01
1.100903e-01
6.495294e-02
8.662526e-02
1.381330e-01
1.845189e-01
2.139382e-01
2.379474e-01
2.721685e-01
3.181702e-01
3.593380e-01
3.759204e-01
3.633395e-01
3.355208e-01
3.089186e-01
2.859978e-01
2.555221e-01
2.105448e-01
1.612779e-01
1.262245e-01
1.110827e-01
1.001024e-01
7.535694e-02
4.129586e-02
2.439337e-02
4.545746e-02
9.350791e-02
1.335233e-01
1.409181e-01
1.257123e-01
1.182534e-01
1.346437e-01
1.605416e-01
1.710417e-01
1.615020e-01
1.512261e-01
1.566682e-01
1.665279e-01
1.510340e-01
9.680517e-02
2.929125e-02
-4.321660e-03
2.429733e-02
9.987835e-02
1.782124e-01
2.233178e-01
2.313528e-01
2.234458e-01
2.195083e-01
2.204046e-01
2.133619e-01
1.914655e-01
1.666240e-01
1.621423e-01
1.912414e-01
2.412446e-01
2.783469e-01
2.740572e-01
2.297202e-01
1.799731e-01
1.688008e-01
2.176836e-01
3.116397e-01
4.134067e-01
4.905884e-01
5.327166e-01
5.466099e-01
5.390550e-01
5.072348e-01
4.437224e-01
3.499904e-01
2.441257e-01
1.541712e-01
1.042000e-01
1.018951e-01
1.366605e-01
1.868878e-01
2.299123e-01
2.503041e-01
2.425892e-01
2.095205e-01
1.603496e-01
1.085217e-01
6.898649e-02
5.528523e-02
7.474870e-02
1.245918e-01
1.911774e-01
2.544337e-01
2.989948e-01
3.259492e-01
3.566490e-01
4.203214e-01
5.299955e-01
6.631667e-01
7.669825e-01
7.889430e-01
7.123375e-01
5.664255e-01
4.042192e-01
2.664063e-01
1.632627e-01
8.774569e-02
3.975927e-02
3.498944e-02
8.787374e-02
1.875280e-01
2.940969e-01
3.622191e-01
3.703822e-01
3.329919e-01
2.854216e-01
2.596837e-01
2.677828e-01
3.018759e-01
3.429797e-01
3.706703e-01
3.712466e-01
3.447084e-01
3.062296e-01
2.762021e-01
2.633971e-01
2.555541e-01
2.302004e-01
1.777643e-01
1.142519e-01
6.866637e-02
5.557334e-02
6.139958e-02
6.114348e-02
4.660990e-02
3.482937e-02
4.785838e-02
8.608106e-02
1.264806e-01
1.496575e-01
1.621743e-01
1.892567e-01
2.411806e-01
2.938408e-01
3.053653e-01
2.549779e-01
1.635828e-01
7.618926e-02
2.560983e-02
1.258083e-02
2.029579e-02
3.886292e-02
7.532492e-02
1.374608e-01
2.150266e-01
2.787310e-01
2.983546e-01
2.616365e-01
1.774762e-01
6.434471e-02
-6.143159e-02
-1.876240e-01
-2.999872e-01
-3.786094e-01
-4.032589e-01
-3.622511e-01
-2.569307e-01
-9.920610e-02
9.382803e-02
3.007875e-01
4.937256e-01
6.400538e-01
7.132659e-01
7.080479e-01
6.459120e-01
5.625520e-01
4.852743e-01
4.175363e-01
3.447084e-01
2.548819e-01
1.550035e-01
6.921058e-02
2.157629e-02
1.898329e-02
5.096357e-02
9.978232e-02
1.508099e-01
1.943786e-01
2.204046e-01
2.185479e-01
1.860875e-01
1.373647e-01
1.028235e-01
1.124272e-01
1.745310e-01
2.654139e-01
3.395224e-01
3.552084e-01
2.981945e-01
1.875600e-01
6.101543e-02
-4.792240e-02
-1.244638e-01
-1.695691e-01
-1.880722e-01
-1.771880e-01
-1.288815e-01
-4.203214e-02
6.648953e-02
1.613740e-01
2.049747e-01
1.797810e-01
1.029835e-01
2.180037e-02
-1.274089e-02
2.176836e-02
1.032717e-01
1.778923e-01
1.978680e-01
1.548114e-01
8.483258e-02
3.924707e-02
4.529739e-02
8.832192e-02
1.286254e-01
1.367245e-01
1.153083e-01
8.928228e-02
7.913439e-02
8.297586e-02
8.416032e-02
7.266790e-02
5.723798e-02
5.538127e-02
7.330815e-02
9.766951e-02
1.066970e-01
8.870606e-02
5.035534e-02
7.202766e-03
-2.858698e-02
-5.310839e-02
-6.357641e-02
-5.358858e-02
-1.802292e-02
3.675011e-02
9.110699e-02
1.243998e-01
1.318266e-01
1.282092e-01
1.353480e-01
1.634228e-01
2.036622e-01
2.399641e-01
2.638773e-01
2.803316e-01
2.978424e-01
3.163455e-01
3.261412e-01
3.195467e-01
3.001152e-01
2.802676e-01
2.682630e-01
2.605481e-01
2.476791e-01
2.279275e-01
2.123375e-01
2.155708e-01
2.409565e-01
2.775466e-01
3.110955e-01
3.374416e-01
3.634996e-01
3.941994e-01
4.212498e-01
4.257315e-01
3.939113e-01
3.301108e-01
2.556182e-01
1.937704e-01
1.554197e-01
1.339714e-01
1.130354e-01
7.859018e-02
2.711441e-02
-3.236443e-02
-8.579294e-02
-1.245278e-01
-1.521864e-01
-1.809975e-01
-2.186760e-01
-2.565785e-01
-2.715283e-01
-2.413087e-01
-1.623984e-01
-5.397273e-02
5.461297e-02
1.404059e-01
1.925860e-01
2.072796e-01
1.811896e-01
1.156284e-01
2.666624e-02
-5.230809e-02
-8.249568e-02
-4.043153e-02
6.991485e-02
2.203726e-01
3.735514e-01
4.957424e-01
5.613035e-01
5.521160e-01
4.593124e-01
2.871183e-01
5.528523e-02
-2.039503e-01
-4.558230e-01
0.000000e+00
0.000000e+00
0.000000e+00
0.000000e+00
0.000000e+00
0.000000e+00
0.000000e+00
0.000000e+00
0.000000e+00
0.000000e+00
0.000000e+00
0.000000e+00
0.000000e+00
0.000000e+00
0.000000e+00
0.000000e+00
0.000000e+00
0.000000e+00
0.000000e+00
0.000000e+00
0.000000e+00
0.000000e+00
0.000000e+00
0.000000e+00
0.000000e+00
0.000000e+00
0.000000e+00
0.000000e+00
0.000000e+00
0.000000e+00
0.000000e+00
0.000000e+00
0.000000e+00
0.000000e+00
0.000000e+00
0.000000e+00
0.000000e+00
0.000000e+00
0.000000e+00
0.000000e+00
0.000000e+00
0.000000e+00
0.000000e+00
0.000000e+00
0.000000e+00
0.000000e+00
0.000000e+00
0.000000e+00
0.000000e+00
0.000000e+00
0.000000e+00
0.000000e+00
0.000000e+00
0.000000e+00
0.000000e+00
0.000000e+00
0.000000e+00
0.000000e+00
0.000000e+00
0.000000e+00
0.000000e+00
0.000000e+00
0.000000e+00
0.000000e+00
0.000000e+00
0.000000e+00
0.000000e+00
0.000000e+00
0.000000e+00
0.000000e+00
0.000000e+00
0.000000e+00
0.000000e+00
0.000000e+00
0.000000e+00
0.000000e+00
0.000000e+00
0.000000e+00
0.000000e+00
0.000000e+00
0.000000e+00
0.000000e+00
0.000000e+00
0.000000e+00
7.208034e-01
6.944730e-01
6.280018e-01
5.517080e-01
4.979915e-01
4.848849e-01
5.078727e-01
5.437912e-01
5.631726e-01
5.449054e-01
4.859405e-01
4.019059e-01
3.185750e-01
2.579387e-01
2.268289e-01
2.128427e-01
1.929922e-01
1.476910e-01
7.353760e-02
-1.357572e-02
-8.764111e-02
-1.262865e-01
-1.208034e-01
-7.614719e-02
-3.430582e-03
8.796364e-02
1.914675e-01
2.986366e-01
3.940185e-01
4.571764e-01
4.727753e-01
4.398182e-01
3.740800e-01
2.985486e-01
2.305820e-01
1.746371e-01
1.269609e-01
8.614573e-02
5.899428e-02
5.409764e-02
6.975517e-02
8.787568e-02
8.377071e-02
4.518399e-02
-1.536432e-02
-6.767336e-02
-8.547134e-02
-6.559156e-02
-2.635977e-02
1.290133e-02
5.175194e-02
1.097786e-01
2.057176e-01
3.344671e-01
4.637443e-01
5.551092e-01
5.913209e-01
5.870987e-01
5.738748e-01
5.732297e-01
5.814690e-01
5.764551e-01
5.384255e-01
4.654743e-01
3.729952e-01
2.813957e-01
2.040463e-01
1.452866e-01
1.052338e-01
8.462102e-02
8.426917e-02
1.016860e-01
1.295998e-01
1.585984e-01
1.809119e-01
1.929922e-01
1.952206e-01
1.896203e-01
1.798270e-01
1.703269e-01
1.671896e-01
1.765724e-01
2.031667e-01
2.491424e-01
3.135317e-01
3.929629e-01
4.813077e-01
5.679812e-01
6.372086e-01
6.703416e-01
6.537751e-01
5.902067e-01
5.040317e-01
4.345697e-01
4.166251e-01
4.595514e-01
5.389826e-01
6.104090e-01
6.351561e-01
6.017593e-01
5.286908e-01
4.483214e-01
3.859258e-01
3.481308e-01
3.252309e-01
3.019499e-01
2.660314e-01
2.129013e-01
1.455212e-01
7.465181e-02
1.633192e-02
-1.337047e-02
-6.010849e-03
3.442311e-02
9.362264e-02
1.553145e-01
2.087670e-01
2.505205e-01
2.802815e-01
2.961443e-01
2.948541e-01
2.761179e-01
2.458877e-01
2.156868e-01
1.969506e-01
1.965987e-01
2.165372e-01
2.571470e-01
3.188682e-01
4.000000e-01
4.908371e-01
5.712359e-01
6.151297e-01
6.034306e-01
5.347896e-01
4.283536e-01
3.143234e-01
2.172409e-01
1.434687e-01
8.148365e-02
1.363436e-02
-6.755608e-02
-1.514147e-01
-2.143381e-01
-2.341299e-01
-2.035185e-01
-1.347603e-01
-5.186923e-02
2.073010e-02
6.770268e-02
8.497288e-02
7.629380e-02
4.890778e-02
1.146459e-02
-2.747398e-02
-6.043102e-02
-8.309632e-02
-9.558716e-02
-1.012462e-01
-1.046767e-01
-1.086351e-01
-1.137956e-01
-1.188975e-01
-1.210380e-01
-1.169330e-01
-1.027122e-01
-7.523823e-02
-3.369007e-02
2.070078e-02
8.503152e-02
1.547280e-01
2.229292e-01
2.797830e-01
3.136783e-01
3.168744e-01
2.921273e-01
2.549773e-01
2.294971e-01
2.359185e-01
2.796657e-01
3.472218e-01
4.125495e-01
4.509016e-01
4.509603e-01
4.187363e-01
3.730538e-01
3.344964e-01
3.153790e-01
3.136197e-01
3.127694e-01
2.881396e-01
2.184430e-01
9.813810e-02
-5.538777e-02
-2.076235e-01
-3.228852e-01
-3.825246e-01
-3.903240e-01
-3.614426e-01
-3.038557e-01
-2.100572e-01
-6.890485e-02
1.121830e-01
2.959683e-01
4.291746e-01
4.758247e-01
4.439818e-01
3.829057e-01
3.518839e-01
3.812931e-01
4.552412e-01
5.264038e-01
5.499780e-01
5.115086e-01
4.309339e-01
3.441724e-01
2.772907e-01
2.323413e-01
1.931095e-01
1.432928e-01
8.362410e-02
3.430582e-02
2.140449e-02
5.673655e-02
1.270488e-01
2.021404e-01
2.548893e-01
2.781704e-01
2.852954e-01
2.948248e-01
3.139422e-01
3.351415e-01
3.466940e-01
3.459317e-01
3.410057e-01
3.403607e-01
3.417387e-01
3.318575e-01
2.984020e-01
2.426624e-01
1.805894e-01
1.322094e-01
1.084005e-01
1.061428e-01
1.152324e-01
1.272247e-01
1.403020e-01
1.563407e-01
1.773054e-01
2.027562e-01
2.301129e-01
2.564727e-01
2.781704e-01
2.913063e-01
2.934467e-01
2.842105e-01
2.646533e-01
2.354493e-01
1.967160e-01
1.512681e-01
1.076382e-01
7.828764e-02
7.289254e-02
9.165811e-02
1.260226e-01
1.664565e-01
2.098226e-01
2.578508e-01
3.094561e-01
3.536432e-01
3.746665e-01
3.630553e-01
3.255534e-01
2.811318e-01
2.478229e-01
2.312857e-01
2.250110e-01
2.204076e-01
2.165078e-01
2.199971e-01
2.366222e-01
2.638909e-01
2.916581e-01
3.095734e-01
3.143527e-01
3.095734e-01
3.006597e-01
2.899282e-01
2.764111e-01
2.593755e-01
2.402873e-01
2.216097e-01
2.037238e-01
1.841372e-01
1.612960e-01
1.380443e-01
1.220056e-01
1.202463e-01
1.333529e-01
1.539950e-01
1.724087e-01
1.838733e-01
1.917607e-01
2.024337e-01
2.174168e-01
2.300249e-01
2.299663e-01
2.131359e-01
1.879783e-01
1.715291e-01
1.794458e-01
2.162146e-01
2.729805e-01
3.345551e-01
3.879197e-01
4.262718e-01
4.465034e-01
4.441284e-01
4.115526e-01
3.443190e-01
2.505498e-01
1.564580e-01
9.969213e-02
1.120364e-01
2.006451e-01
3.408005e-01
4.872306e-01
5.974491e-01
6.510776e-01
6.536871e-01
6.239554e-01
5.781264e-01
5.227093e-01
4.598446e-01
3.963642e-01
3.442897e-01
3.139129e-01
3.046181e-01
3.046474e-01
3.010409e-01
2.894590e-01
2.767043e-01
2.734203e-01
2.839466e-01
3.030054e-01
3.204809e-01
3.288081e-01
3.272247e-01
3.198944e-01
3.109808e-01
3.033866e-01
2.992523e-01
3.006890e-01
3.080194e-01
3.169330e-01
3.185163e-01
3.051752e-01
2.777305e-01
2.492303e-01
2.369447e-01
2.499047e-01
2.794312e-01
3.020378e-01
2.954992e-01
2.550946e-01
1.989151e-01
1.568978e-01
1.517959e-01
1.861311e-01
2.427503e-01
2.959390e-01
3.232664e-01
3.115965e-01
2.578508e-01
1.699751e-01
6.787861e-02
-1.908811e-02
-6.289400e-02
-5.075502e-02
7.623516e-03
8.743586e-02
1.654596e-01
2.323120e-01
2.911010e-01
3.437912e-01
3.816742e-01
3.893857e-01
3.607096e-01
3.097493e-01
2.664419e-01
2.569418e-01
2.846503e-01
3.280457e-01
3.567512e-01
3.519719e-01
3.174901e-01
2.734496e-01
2.400821e-01
2.253922e-01
2.226067e-01
2.182671e-01
2.021111e-01
1.727313e-01
1.381322e-01
1.107169e-01
1.011289e-01
1.124762e-01
1.371353e-01
1.571617e-01
1.495382e-01
9.368128e-02
-2.040756e-02
-1.874798e-01
-3.872160e-01
0.000000e+00
0.000000e+00
0.000000e+00
0.000000e+00
0.000000e+00
0.000000e+00
0.000000e+00
0.000000e+00
0.000000e+00
0.000000e+00
0.000000e+00
0.000000e+00
0.000000e+00
0.000000e+00
0.000000e+00
0.000000e+00
0.000000e+00
0.000000e+00
0.000000e+00
0.000000e+00
0.000000e+00
0.000000e+00
0.000000e+00
0.000000e+00
0.000000e+00
0.000000e+00
0.000000e+00
0.000000e+00
0.000000e+00
0.000000e+00
0.000000e+00
0.000000e+00
0.000000e+00
