
0.000000e+00
0.000000e+00
0.000000e+00
0.000000e+00
0.000000e+00
0.000000e+00
0.000000e+00
0.000000e+00
0.000000e+00
0.000000e+00
0.000000e+00
0.000000e+00
0.000000e+00
0.000000e+00
0.000000e+00
0.000000e+00
0.000000e+00
0.000000e+00
0.000000e+00
0.000000e+00
0.000000e+00
0.000000e+00
0.000000e+00
0.000000e+00
0.000000e+00
0.000000e+00
0.000000e+00
0.000000e+00
0.000000e+00
0.000000e+00
0.000000e+00
0.000000e+00
1.000000e+00
9.708120e-01
8.949744e-01
8.024134e-01
7.255537e-01
6.825667e-01
6.681715e-01
6.568143e-01
6.181431e-01
5.348382e-01
4.133163e-01
2.800114e-01
1.673481e-01
9.747303e-02
7.359455e-02
8.225440e-02
1.019307e-01
1.139125e-01
1.085179e-01
8.776263e-02
6.240772e-02
4.690517e-02
5.110733e-02
7.413401e-02
1.028677e-01
1.181431e-01
1.063032e-01
6.749006e-02
1.683702e-02
-2.379330e-02
-3.801817e-02
-2.186258e-02
1.655309e-02
6.320273e-02
1.051107e-01
1.335037e-01
1.444918e-01
1.382737e-01
1.196479e-01
9.860875e-02
8.770585e-02
9.755821e-02
1.330494e-01
1.914821e-01
2.646792e-01
3.423623e-01
4.126633e-01
4.621238e-01
4.766610e-01
4.478421e-01
3.813174e-01
3.023282e-01
2.504827e-01
2.634867e-01
3.570131e-01
5.127484e-01
6.835037e-01
8.133731e-01
8.624929e-01
8.226292e-01
7.168370e-01
5.841283e-01
4.606190e-01
3.658149e-01
3.006530e-01
2.546564e-01
2.163543e-01
1.800398e-01
1.473595e-01
1.229415e-01
1.106190e-01
1.117263e-01
1.277115e-01
1.629756e-01
2.238785e-01
3.123793e-01
4.173197e-01
5.114708e-01
5.592561e-01
5.339864e-01
4.338728e-01
2.873367e-01
1.411982e-01
4.023282e-02
8.233958e-03
4.142533e-02
1.147359e-01
1.952300e-01
2.546564e-01
2.771721e-01
2.622658e-01
2.230267e-01
1.802385e-01
1.521295e-01
1.445202e-01
1.474446e-01
1.431573e-01
1.197047e-01
8.174333e-02
4.863714e-02
4.071550e-02
6.448041e-02
1.073822e-01
1.478137e-01
1.704145e-01
1.753833e-01
1.754401e-01
1.831630e-01
2.014764e-01
2.235945e-01
2.410278e-01
2.527541e-01
2.664395e-01
2.920500e-01
3.335889e-01
3.866837e-01
4.410562e-01
4.870812e-01
5.175468e-01
5.271437e-01
5.107893e-01
4.660704e-01
3.996593e-01
3.302669e-01
2.843555e-01
2.816865e-01
3.210960e-01
3.755537e-01
4.044577e-01
3.767178e-01
2.911698e-01
1.814594e-01
1.008802e-01
9.534355e-02
1.804940e-01
3.339580e-01
5.064452e-01
6.433560e-01
7.068995e-01
6.887564e-01
6.101079e-01
5.103634e-01
4.291312e-01
3.904032e-01
3.923339e-01
4.111868e-01
4.150767e-01
3.821976e-01
3.127768e-01
2.282226e-01
1.565588e-01
1.151618e-01
1.002271e-01
9.068711e-02
6.428166e-02
1.433844e-02
-4.420784e-02
-8.381601e-02
-8.401476e-02
-4.605338e-02
6.445202e-03
4.329926e-02
4.860875e-02
3.097672e-02
1.624077e-02
2.629188e-02
6.155593e-02
9.980125e-02
1.134015e-01
9.068711e-02
4.625213e-02
9.227712e-03
9.937535e-04
1.831346e-02
3.608745e-02
2.773992e-02
-1.306076e-02
-6.607041e-02
-9.872232e-02
-8.878478e-02
-3.921068e-02
2.589438e-02
7.867689e-02
1.047984e-01
1.081772e-01
1.032368e-01
1.035775e-01
1.154174e-01
1.391255e-01
1.725724e-01
2.117263e-01
2.485236e-01
2.711528e-01
2.698751e-01
2.443782e-01
2.067575e-01
1.747587e-01
1.593981e-01
1.580068e-01
1.569847e-01
1.449461e-01
1.222033e-01
1.019023e-01
9.892107e-02
1.177172e-01
1.487507e-01
1.758660e-01
1.883589e-01
1.867689e-01
1.800681e-01
1.756672e-01
1.736229e-01
1.683986e-01
1.572686e-01
1.467064e-01
1.504259e-01
1.803521e-01
2.363430e-01
3.045713e-01
3.634015e-01
3.955423e-01
3.967064e-01
3.753549e-01
3.457694e-01
3.180863e-01
2.927030e-01
2.613004e-01
2.130324e-01
1.421068e-01
5.210108e-02
-4.480409e-02
-1.327371e-01
-1.992334e-01
-2.408007e-01
-2.630892e-01
-2.767746e-01
-2.898921e-01
-3.021011e-01
-3.057354e-01
-2.919364e-01
-2.582340e-01
-2.110449e-01
-1.605338e-01
-1.116695e-01
-5.954003e-02
8.319137e-03
1.018739e-01
2.194776e-01
3.454855e-01
4.557070e-01
5.276831e-01
5.478137e-01
5.149631e-01
4.382169e-01
3.354912e-01
2.291880e-01
1.421352e-01
9.102783e-02
8.063600e-02
1.020727e-01
1.373367e-01
1.674617e-01
1.811755e-01
1.773708e-01
1.644520e-01
1.549972e-01
1.615843e-01
1.917944e-01
2.443782e-01
3.072118e-01
3.596820e-01
3.814878e-01
3.644520e-01
3.198467e-01
2.755821e-01
2.624645e-01
2.971039e-01
3.732822e-01
4.654174e-01
5.429302e-01
5.843839e-01
5.841567e-01
5.493186e-01
4.916241e-01
4.208120e-01
3.419932e-01
2.566723e-01
1.651334e-01
7.044293e-02
-1.902328e-02
-8.781942e-02
-1.177172e-01
-9.735945e-02
-3.253833e-02
5.042589e-02
1.137422e-01
1.265474e-01
8.162976e-02
9.369676e-04
-7.498580e-02
-1.053095e-01
-6.513345e-02
4.804089e-02
2.175468e-01
4.151051e-01
6.080352e-01
7.650199e-01
8.630608e-01
8.922771e-01
8.589722e-01
7.812890e-01
6.799830e-01
5.688245e-01
4.513345e-01
3.254685e-01
1.921068e-01
6.203861e-02
-4.522998e-02
-1.085463e-01
-1.154458e-01
-6.831346e-02
1.595684e-02
1.118115e-01
1.938671e-01
2.448609e-01
2.589154e-01
2.414253e-01
2.053947e-01
1.661556e-01
1.365417e-01
1.235094e-01
1.268030e-01
1.394378e-01
1.513629e-01
1.543441e-01
1.463941e-01
1.335037e-01
1.270301e-01
1.376491e-01
1.692220e-01
2.164111e-01
2.672061e-01
3.088586e-01
3.338160e-01
3.411414e-01
3.342703e-01
3.177172e-01
2.946053e-01
2.677740e-01
2.422771e-01
2.260931e-01
2.270869e-01
2.482396e-01
2.842135e-01
3.227144e-01
3.510789e-01
3.636570e-01
3.658433e-01
3.702442e-01
3.889835e-01
4.245883e-01
4.675185e-01
5.017604e-01
5.144236e-01
5.047700e-01
4.851789e-01
4.729131e-01
4.781090e-01
4.955423e-01
5.068427e-01
4.936400e-01
4.526405e-01
4.017604e-01
3.718058e-01
3.861442e-01
4.429869e-01
5.130040e-01
5.547984e-01
5.396650e-01
4.681147e-01
3.674901e-01
2.731970e-01
2.075809e-01
1.711811e-01
1.517036e-01
1.398637e-01
1.381601e-01
1.543725e-01
1.866553e-01
2.126917e-01
1.962805e-01
1.069563e-01
-5.902896e-02
0.000000e+00
0.000000e+00
0.000000e+00
0.000000e+00
0.000000e+00
0.000000e+00
0.000000e+00
0.000000e+00
0.000000e+00
0.000000e+00
0.000000e+00
0.000000e+00
0.000000e+00
0.000000e+00
0.000000e+00
0.000000e+00
0.000000e+00
0.000000e+00
0.000000e+00
0.000000e+00
0.000000e+00
0.000000e+00
0.000000e+00
0.000000e+00
0.000000e+00
0.000000e+00
0.000000e+00
0.000000e+00
0.000000e+00
0.000000e+00
0.000000e+00
0.000000e+00
0.000000e+00
0.000000e+00
0.000000e+00
0.000000e+00
0.000000e+00
0.000000e+00
0.000000e+00
0.000000e+00
0.000000e+00
0.000000e+00
0.000000e+00
0.000000e+00
0.000000e+00
0.000000e+00
0.000000e+00
0.000000e+00
0.000000e+00
0.000000e+00
0.000000e+00
0.000000e+00
0.000000e+00
0.000000e+00
0.000000e+00
0.000000e+00
0.000000e+00
0.000000e+00
0.000000e+00
0.000000e+00
0.000000e+00
0.000000e+00
0.000000e+00
0.000000e+00
0.000000e+00
0.000000e+00
0.000000e+00
0.000000e+00
0.000000e+00
0.000000e+00
0.000000e+00
0.000000e+00
0.000000e+00
0.000000e+00
0.000000e+00
0.000000e+00
0.000000e+00
0.000000e+00
0.000000e+00
0.000000e+00
0.000000e+00
0.000000e+00
0.000000e+00
0.000000e+00
0.000000e+00
0.000000e+00
0.000000e+00
0.000000e+00
0.000000e+00
0.000000e+00
0.000000e+00
0.000000e+00
0.000000e+00
0.000000e+00
0.000000e+00
5.817403e-02
6.912372e-02
1.020645e-01
1.562624e-01
2.296070e-01
3.177244e-01
4.137330e-01
5.087628e-01
5.936076e-01
6.607126e-01
7.052149e-01
7.259826e-01
7.247286e-01
7.052149e-01
6.718458e-01
6.285976e-01
5.786512e-01
5.246368e-01
4.692766e-01
4.156293e-01
3.669674e-01
3.269001e-01
2.984554e-01
2.834990e-01
2.825814e-01
2.942652e-01
3.158893e-01
3.432023e-01
3.713106e-01
3.951369e-01
4.100627e-01
4.127848e-01
4.022328e-01
3.791711e-01
3.467197e-01
3.083958e-01
2.680838e-01
2.282918e-01
1.900291e-01
1.535097e-01
1.187643e-01
8.710812e-02
6.181373e-02
4.768313e-02
5.003823e-02
7.257991e-02
1.159199e-01
1.761126e-01
2.456951e-01
3.146047e-01
3.733598e-01
4.150482e-01
4.371005e-01
4.414131e-01
4.328796e-01
4.181985e-01
4.027833e-01
3.899679e-01
3.804557e-01
3.728093e-01
3.648570e-01
3.549167e-01
3.422848e-01
3.274507e-01
3.117908e-01
2.963756e-01
2.819391e-01
2.683897e-01
2.555131e-01
2.441352e-01
2.359994e-01
2.348065e-01
2.453586e-01
2.722740e-01
3.189173e-01
3.860529e-01
4.708365e-01
5.678850e-01
6.696131e-01
7.679462e-01
8.554519e-01
9.261049e-01
9.754091e-01
1.000000e+00
9.974308e-01
9.666616e-01
9.086405e-01
8.273130e-01
7.308457e-01
6.306469e-01
5.402661e-01
4.726717e-01
4.365499e-01
4.344089e-01
4.613855e-01
5.062854e-01
5.551002e-01
5.943416e-01
6.148647e-01
6.133354e-01
5.925677e-01
5.591375e-01
5.208442e-01
4.841413e-01
4.521792e-01
4.251109e-01
4.009176e-01
3.772442e-01
3.526533e-01
3.274201e-01
3.035938e-01
2.839578e-01
2.712647e-01
2.677168e-01
2.742927e-01
2.914207e-01
3.183056e-01
3.534180e-01
3.936382e-01
4.345924e-01
4.701942e-01
4.941122e-01
5.008717e-01
4.877504e-01
4.558189e-01
4.102768e-01
3.590763e-01
3.110567e-01
2.737727e-01
2.512617e-01
2.441046e-01
2.494877e-01
2.633736e-01
2.816944e-01
3.012081e-01
3.196819e-01
3.352195e-01
3.456798e-01
3.481266e-01
3.402049e-01
3.208136e-01
2.917877e-01
2.582658e-01
2.275883e-01
2.073712e-01
2.032115e-01
2.164245e-01
2.438293e-01
2.782688e-01
3.108732e-01
3.335678e-01
3.409696e-01
3.312127e-01
3.057348e-01
2.679615e-01
2.222358e-01
1.729622e-01
1.240863e-01
7.949228e-02
4.321762e-02
1.975837e-02
1.306010e-02
2.636489e-02
6.010093e-02
1.118826e-01
1.759596e-01
2.437682e-01
3.062854e-01
3.557119e-01
3.876740e-01
4.032115e-01
4.078911e-01
4.112861e-01
4.237039e-01
4.529133e-01
5.020034e-01
5.677627e-01
6.413519e-01
7.110873e-01
7.654076e-01
7.968497e-01
8.033644e-01
7.888668e-01
7.615843e-01
7.303257e-01
7.020340e-01
6.791864e-01
6.594586e-01
6.371616e-01
6.063007e-01
5.633277e-01
5.100474e-01
4.538920e-01
4.064536e-01
3.805169e-01
3.859917e-01
4.263955e-01
4.974461e-01
5.877963e-01
6.818474e-01
7.642453e-01
8.233981e-01
8.541367e-01
8.577152e-01
8.393332e-01
8.053525e-01
7.601468e-01
7.049396e-01
6.383851e-01
5.587705e-01
4.674109e-01
3.698731e-01
2.761890e-01
1.983790e-01
1.467197e-01
1.266249e-01
1.362900e-01
1.672427e-01
2.070959e-01
2.438599e-01
2.692155e-01
2.810521e-01
2.831626e-01
2.827649e-01
2.876892e-01
3.028904e-01
3.287965e-01
3.613091e-01
3.931794e-01
4.167304e-01
4.257226e-01
4.172198e-01
3.916807e-01
3.526533e-01
3.055819e-01
2.574400e-01
2.156293e-01
1.878575e-01
1.810063e-01
2.005505e-01
2.486007e-01
3.232299e-01
4.178009e-01
5.215476e-01
6.214712e-01
7.046949e-01
7.614620e-01
7.869705e-01
7.817709e-01
7.509711e-01
7.027986e-01
6.460315e-01
5.884386e-01
5.356171e-01
4.909007e-01
4.555742e-01
4.300046e-01
4.131824e-01
4.039761e-01
4.003364e-01
4.001835e-01
4.014375e-01
4.024163e-01
4.022939e-01
4.011928e-01
3.998165e-01
3.992659e-01
4.001223e-01
4.021410e-01
4.045267e-01
4.060560e-01
4.054443e-01
4.020492e-01
3.959933e-01
3.881022e-01
3.797217e-01
3.722282e-01
3.665698e-01
3.632971e-01
3.621961e-01
3.625631e-01
3.632666e-01
3.633583e-01
3.621043e-01
3.593210e-01
3.560177e-01
3.536932e-01
3.541520e-01
3.590151e-01
3.689861e-01
3.835143e-01
4.008258e-01
4.182291e-01
4.329102e-01
4.423918e-01
4.454504e-01
4.419636e-01
4.333996e-01
4.219911e-01
4.103380e-01
4.009787e-01
3.959627e-01
3.965132e-01
4.025386e-01
4.130601e-01
4.256614e-01
4.377428e-01
4.464291e-01
4.494265e-01
4.459092e-01
4.366111e-01
4.238874e-01
4.108273e-01
4.010093e-01
3.970944e-01
4.004588e-01
4.113167e-01
4.290258e-01
4.526074e-01
4.814498e-01
5.156446e-01
5.553754e-01
6.001835e-01
6.475914e-01
6.931641e-01
7.306928e-01
7.531427e-01
7.552225e-01
7.346995e-01
6.936229e-01
6.382627e-01
5.768466e-01
5.176633e-01
4.665851e-01
4.257226e-01
3.934852e-01
3.661110e-01
3.398685e-01
3.130754e-01
2.868940e-01
2.650252e-01
2.527909e-01
2.550543e-01
2.749656e-01
3.136565e-01
3.695366e-01
4.394250e-01
5.184279e-01
6.001835e-01
6.773207e-01
7.416730e-01
7.853189e-01
8.027221e-01
7.917419e-01
7.551308e-01
7.000765e-01
6.365193e-01
5.746444e-01
5.218535e-01
4.815109e-01
4.524239e-01
4.305857e-01
4.111332e-01
3.908855e-01
3.692002e-01
3.478819e-01
3.304175e-01
3.196819e-01
3.171433e-01
3.222817e-01
3.335984e-01
3.488913e-01
3.666004e-01
3.859612e-01
4.065148e-01
4.280165e-01
4.490595e-01
4.676250e-01
4.811439e-01
4.871081e-01
4.842331e-01
4.719376e-01
4.513840e-01
4.242545e-01
3.933323e-01
3.617373e-01
3.333537e-01
3.123413e-01
3.029821e-01
3.084264e-01
3.295305e-01
3.638783e-01
4.058725e-01
4.475302e-01
4.805628e-01
4.992506e-01
5.021563e-01
4.935617e-01
4.819697e-01
4.778406e-01
4.900443e-01
5.226793e-01
5.737269e-01
6.354183e-01
6.964979e-01
7.457715e-01
7.754091e-01
7.826885e-01
7.699954e-01
7.437835e-01
7.119131e-01
6.817250e-01
6.584187e-01
6.445022e-01
6.400367e-01
6.432482e-01
6.508029e-01
6.583270e-01
6.607432e-01
6.526686e-01
6.300046e-01
5.906714e-01
5.359535e-01
4.709894e-01
4.033338e-01
3.417342e-01
2.938676e-01
2.638324e-01
2.519957e-01
2.552378e-01
2.679309e-01
2.846918e-01
3.012693e-01
3.156140e-01
3.274507e-01
3.374828e-01
3.461997e-01
3.531733e-01
3.566906e-01
3.546108e-01
3.447316e-01
3.256767e-01
2.976296e-01
2.622113e-01
2.223276e-01
1.820768e-01
1.457104e-01
1.171739e-01
9.964826e-02
9.475455e-02
1.025233e-01
1.208442e-01
1.466585e-01
1.757149e-01
2.040679e-01
2.285365e-01
2.470714e-01
2.590610e-01
2.645053e-01
2.642912e-01
2.589387e-01
2.494571e-01
2.364276e-01
2.212265e-01
2.057195e-01
1.924453e-01
1.843401e-01
1.841260e-01
1.932711e-01
2.119284e-01
2.383239e-01
2.691849e-01
3.005658e-01
3.287965e-01
3.513687e-01
3.677321e-01
3.790182e-01
3.876128e-01
3.960850e-01
4.061171e-01
4.181985e-01
4.317786e-01
4.457562e-01
4.593669e-01
4.731610e-01
4.886068e-01
5.073865e-01
5.302340e-01
5.558648e-01
5.800887e-01
5.970026e-01
6.007035e-01
5.870011e-01
5.557731e-01
5.105062e-01
4.578376e-01
4.044349e-01
3.548555e-01
3.099251e-01
2.667686e-01
2.211347e-01
1.702401e-01
1.159505e-01
6.594280e-02
3.257379e-02
2.951522e-02
6.762502e-02
1.505735e-01
2.732528e-01
4.218688e-01
5.771525e-01
7.186420e-01
8.294235e-01
8.988836e-01
9.243615e-01
9.103533e-01
8.659428e-01
8.026610e-01
7.314268e-01
6.610185e-01
5.970944e-01
5.423459e-01
4.971402e-01
4.602539e-01
4.302493e-01
4.063007e-01
3.883163e-01
3.773054e-01
3.744303e-01
3.804251e-01
3.949839e-01
4.161798e-01
4.408931e-01
4.655452e-01
4.871999e-01
5.044808e-01
5.176938e-01
5.287353e-01
5.403273e-01
5.548555e-01
5.736351e-01
5.969108e-01
6.238874e-01
6.530662e-01
6.830096e-01
7.118214e-01
7.376969e-01
7.580058e-01
7.702095e-01
7.718611e-01
7.618902e-01
7.419483e-01
7.162563e-01
6.912678e-01
6.737422e-01
6.681144e-01
6.743233e-01
6.864964e-01
6.937452e-01
6.823979e-01
6.400367e-01
5.586787e-01
4.381098e-01
2.860070e-01
1.164092e-01
-5.340266e-02
0.000000e+00
0.000000e+00
0.000000e+00
0.000000e+00
0.000000e+00
0.000000e+00
0.000000e+00
0.000000e+00
0.000000e+00
0.000000e+00
0.000000e+00
0.000000e+00
0.000000e+00
0.000000e+00
0.000000e+00
0.000000e+00
0.000000e+00
0.000000e+00
0.000000e+00
0.000000e+00
0.000000e+00
0.000000e+00
0.000000e+00
0.000000e+00
0.000000e+00
0.000000e+00
0.000000e+00
0.000000e+00
0.000000e+00
0.000000e+00
0.000000e+00
0.000000e+00
