
0.000000e+00
0.000000e+00
0.000000e+00
0.000000e+00
0.000000e+00
0.000000e+00
0.000000e+00
0.000000e+00
0.000000e+00
0.000000e+00
0.000000e+00
0.000000e+00
0.000000e+00
0.000000e+00
0.000000e+00
0.000000e+00
0.000000e+00
0.000000e+00
0.000000e+00
0.000000e+00
0.000000e+00
0.000000e+00
0.000000e+00
0.000000e+00
0.000000e+00
9.450739e-01
9.028769e-01
7.900817e-01
6.388419e-01
4.785888e-01
3.226400e-01
1.726142e-01
3.222721e-02
-8.557133e-02
-1.639320e-01
-1.963800e-01
-1.932161e-01
-1.742329e-01
-1.552498e-01
-1.391730e-01
-1.194908e-01
-9.101611e-02
-5.912001e-02
-3.870208e-02
-4.631742e-02
-8.902950e-02
-1.581561e-01
-2.298580e-01
-2.748878e-01
-2.720550e-01
-2.211022e-01
-1.467147e-01
-8.741079e-02
-7.582224e-02
-1.194541e-01
-1.966007e-01
-2.696637e-01
-3.077404e-01
-3.032889e-01
-2.716136e-01
-2.360753e-01
-2.104702e-01
-1.917077e-01
-1.662865e-01
-1.237952e-01
-6.522699e-02
1.103672e-03
6.736075e-02
1.320359e-01
1.952395e-01
2.481789e-01
2.704363e-01
2.396807e-01
1.489589e-01
1.846810e-02
-1.108454e-01
-1.984401e-01
-2.257008e-01
-2.010522e-01
-1.460525e-01
-7.490251e-02
1.581929e-02
1.384372e-01
2.943492e-01
4.617394e-01
6.012067e-01
6.774704e-01
6.822162e-01
6.410124e-01
5.981164e-01
5.898389e-01
6.219189e-01
6.669487e-01
6.837613e-01
6.453168e-01
5.566919e-01
4.510338e-01
3.668972e-01
3.237069e-01
3.117136e-01
3.038776e-01
2.784931e-01
2.343095e-01
1.876242e-01
1.544036e-01
1.352733e-01
1.151497e-01
7.902288e-02
2.935766e-02
-9.565153e-03
-6.070194e-03
5.816349e-02
1.715106e-01
2.964462e-01
3.859172e-01
4.042749e-01
3.415496e-01
2.161725e-01
6.754470e-02
-5.753808e-02
-1.223236e-01
-1.152969e-01
-5.650798e-02
1.195644e-02
4.771540e-02
3.303657e-02
-1.409021e-02
-5.073210e-02
-3.631079e-02
4.138768e-02
1.566110e-01
2.578545e-01
2.946067e-01
2.416305e-01
1.093739e-01
-6.048120e-02
-2.119049e-01
-2.949746e-01
-2.831285e-01
-1.814804e-01
-2.523729e-02
1.330292e-01
2.414098e-01
2.678243e-01
2.104334e-01
9.874181e-02
-1.839453e-02
-9.314988e-02
-9.704952e-02
-3.333088e-02
6.588919e-02
1.547348e-01
1.935840e-01
1.661761e-01
8.535060e-02
-1.280259e-02
-8.483555e-02
-9.955117e-02
-5.275550e-02
2.961519e-02
1.048120e-01
1.361195e-01
1.148922e-01
6.438084e-02
2.545802e-02
2.998308e-02
8.130380e-02
1.543301e-01
2.136340e-01
2.357810e-01
2.211022e-01
1.902362e-01
1.694504e-01
1.771761e-01
2.173865e-01
2.814362e-01
3.525127e-01
4.111177e-01
4.384151e-01
4.210875e-01
3.581046e-01
2.671989e-01
1.852329e-01
1.579722e-01
2.199250e-01
3.742182e-01
5.856081e-01
7.939445e-01
9.419101e-01
1.000000e+00
9.748363e-01
8.967331e-01
7.986167e-01
7.027445e-01
6.195644e-01
5.535649e-01
5.060334e-01
4.722978e-01
4.376793e-01
3.837098e-01
3.009344e-01
1.996542e-01
1.090060e-01
6.118019e-02
7.269517e-02
1.350158e-01
2.212494e-01
3.025164e-01
3.623354e-01
4.016261e-01
4.319403e-01
4.632477e-01
4.949599e-01
5.138327e-01
5.003679e-01
4.392245e-01
3.288941e-01
1.840556e-01
3.079244e-02
-1.034508e-01
-1.981458e-01
-2.442057e-01
-2.443161e-01
-2.105805e-01
-1.618350e-01
-1.190494e-01
-9.646089e-02
-9.565153e-02
-1.042234e-01
-1.043338e-01
-8.678537e-02
-5.713340e-02
-3.108675e-02
-1.990288e-02
-1.861526e-02
-8.535060e-03
2.939445e-02
9.881539e-02
1.835774e-01
2.570819e-01
2.960415e-01
2.919947e-01
2.520418e-01
1.939887e-01
1.385844e-01
1.021632e-01
9.127364e-02
1.009859e-01
1.194908e-01
1.354573e-01
1.443970e-01
1.482599e-01
1.485542e-01
1.417850e-01
1.222868e-01
9.053786e-02
5.794276e-02
3.987933e-02
4.315356e-02
5.882569e-02
6.971525e-02
6.625708e-02
5.481569e-02
5.205651e-02
6.791259e-02
9.631374e-02
1.205945e-01
1.293871e-01
1.252299e-01
1.193805e-01
1.190862e-01
1.223972e-01
1.251931e-01
1.335443e-01
1.629019e-01
2.234935e-01
3.042087e-01
3.704657e-01
3.838202e-01
3.276065e-01
2.193363e-01
1.000662e-01
9.307630e-03
-3.494960e-02
-3.763520e-02
-1.339121e-02
2.843794e-02
8.663822e-02
1.597381e-01
2.358914e-01
2.942756e-01
3.156501e-01
2.956368e-01
2.481422e-01
1.943933e-01
1.491796e-01
1.142300e-01
8.472519e-02
6.037083e-02
4.966522e-02
6.092267e-02
8.925024e-02
1.127952e-01
1.073505e-01
6.717681e-02
1.633434e-02
-4.010007e-03
3.436097e-02
1.222500e-01
2.136340e-01
2.537709e-01
2.157310e-01
1.196012e-01
1.971893e-02
-2.983592e-02
-8.829372e-03
5.930395e-02
1.254507e-01
1.472298e-01
1.126849e-01
4.300640e-02
-2.409683e-02
-5.676551e-02
-4.333750e-02
6.622029e-03
7.210654e-02
1.314473e-01
1.709955e-01
1.874034e-01
1.853800e-01
1.726510e-01
1.544036e-01
1.322566e-01
1.073505e-01
8.538739e-02
7.688912e-02
8.785226e-02
1.109558e-01
1.247885e-01
1.090427e-01
6.805975e-02
3.822382e-02
7.148113e-02
1.991759e-01
4.045324e-01
6.275844e-01
8.004562e-01
8.859172e-01
8.912516e-01
8.479141e-01
7.798911e-01
6.884335e-01
5.644176e-01
4.112648e-01
2.553528e-01
1.313737e-01
6.003973e-02
3.767199e-02
4.466191e-02
6.331396e-02
8.553454e-02
1.069090e-01
1.186815e-01
1.096682e-01
7.806637e-02
4.006328e-02
2.332426e-02
4.789935e-02
1.087116e-01
1.768082e-01
2.169082e-01
2.096608e-01
1.636745e-01
1.091531e-01
7.986903e-02
9.594585e-02
1.563903e-01
2.428813e-01
3.322787e-01
4.075859e-01
4.618130e-01
4.958796e-01
5.126186e-01
5.143845e-01
5.044883e-01
4.898462e-01
4.808329e-01
4.863881e-01
5.102274e-01
5.510264e-01
6.035244e-01
6.624237e-01
7.204032e-01
7.673828e-01
7.926569e-01
7.906335e-01
7.654698e-01
7.299316e-01
6.982562e-01
6.789419e-01
6.723935e-01
6.755941e-01
6.863365e-01
7.024869e-01
7.194099e-01
7.265102e-01
7.105437e-01
6.638216e-01
5.913104e-01
5.123611e-01
4.524685e-01
4.294754e-01
4.410272e-01
4.631374e-01
4.624752e-01
4.189169e-01
3.425061e-01
2.721654e-01
2.549849e-01
3.167169e-01
4.465087e-01
6.040026e-01
7.423663e-01
8.300346e-01
8.570745e-01
8.276433e-01
7.506806e-01
6.384004e-01
5.090133e-01
3.859907e-01
2.881686e-01
2.173865e-01
1.547715e-01
7.199617e-02
-5.032742e-02
-2.099551e-01
-3.846663e-01
-5.453977e-01
-6.715473e-01
0.000000e+00
0.000000e+00
0.000000e+00
0.000000e+00
0.000000e+00
0.000000e+00
0.000000e+00
0.000000e+00
0.000000e+00
0.000000e+00
0.000000e+00
0.000000e+00
0.000000e+00
0.000000e+00
0.000000e+00
0.000000e+00
0.000000e+00
0.000000e+00
0.000000e+00
0.000000e+00
0.000000e+00
0.000000e+00
0.000000e+00
0.000000e+00
0.000000e+00
0.000000e+00
0.000000e+00
0.000000e+00
0.000000e+00
0.000000e+00
0.000000e+00
0.000000e+00
0.000000e+00
0.000000e+00
0.000000e+00
0.000000e+00
0.000000e+00
0.000000e+00
0.000000e+00
0.000000e+00
0.000000e+00
0.000000e+00
0.000000e+00
0.000000e+00
0.000000e+00
0.000000e+00
0.000000e+00
0.000000e+00
0.000000e+00
0.000000e+00
0.000000e+00
0.000000e+00
0.000000e+00
0.000000e+00
0.000000e+00
0.000000e+00
0.000000e+00
0.000000e+00
0.000000e+00
0.000000e+00
0.000000e+00
0.000000e+00
0.000000e+00
0.000000e+00
0.000000e+00
0.000000e+00
0.000000e+00
0.000000e+00
0.000000e+00
0.000000e+00
0.000000e+00
0.000000e+00
0.000000e+00
0.000000e+00
0.000000e+00
0.000000e+00
0.000000e+00
0.000000e+00
0.000000e+00
0.000000e+00
0.000000e+00
0.000000e+00
0.000000e+00
0.000000e+00
0.000000e+00
0.000000e+00
0.000000e+00
0.000000e+00
0.000000e+00
0.000000e+00
0.000000e+00
0.000000e+00
0.000000e+00
0.000000e+00
0.000000e+00
0.000000e+00
0.000000e+00
0.000000e+00
0.000000e+00
0.000000e+00
0.000000e+00
0.000000e+00
0.000000e+00
0.000000e+00
0.000000e+00
0.000000e+00
0.000000e+00
0.000000e+00
0.000000e+00
0.000000e+00
0.000000e+00
0.000000e+00
0.000000e+00
-5.776529e-01
-6.022482e-01
-6.555306e-01
-7.058004e-01
-7.491007e-01
-7.922212e-01
-7.994604e-01
-6.908273e-01
-4.192446e-01
-4.671763e-02
2.742356e-01
4.035072e-01
3.065647e-01
6.128597e-02
-2.099371e-01
-4.122302e-01
-5.057104e-01
-4.943795e-01
-4.103417e-01
-3.111511e-01
-2.624101e-01
-2.934353e-01
-3.636241e-01
-3.913219e-01
-3.362860e-01
-2.438849e-01
-1.888040e-01
-1.797212e-01
-1.464478e-01
-3.354317e-02
1.138939e-01
1.848921e-01
1.252248e-01
1.020683e-02
-1.303957e-02
1.491906e-01
4.610162e-01
7.868255e-01
9.865108e-01
1.000000e+00
8.693795e-01
6.888040e-01
5.281924e-01
3.919964e-01
2.427158e-01
5.732914e-02
-1.455036e-01
-3.220773e-01
-4.398381e-01
-4.964029e-01
-5.150180e-01
-5.306655e-01
-5.681655e-01
-6.216727e-01
-6.567446e-01
-6.422662e-01
-5.844424e-01
-5.233813e-01
-4.890737e-01
-4.695144e-01
-4.250450e-01
-3.349371e-01
-2.250000e-01
-1.438849e-01
-1.142086e-01
-1.045863e-01
-5.413669e-02
6.978417e-02
2.325540e-01
3.566547e-01
3.893885e-01
3.468975e-01
2.847122e-01
2.263939e-01
1.375450e-01
-2.378597e-02
-2.356565e-01
-4.088579e-01
-4.570144e-01
-3.667716e-01
-2.018435e-01
-4.901079e-02
3.678058e-02
5.085432e-02
2.477518e-02
2.203237e-03
1.254496e-02
5.350719e-02
8.992806e-02
7.958633e-02
1.214029e-02
-6.330935e-02
-5.544065e-02
1.044514e-01
3.892086e-01
6.640288e-01
7.663669e-01
6.254496e-01
3.131295e-01
-1.875000e-02
-2.537320e-01
-3.688849e-01
-4.033723e-01
-3.982914e-01
-3.785971e-01
-3.694694e-01
-3.982464e-01
-4.662770e-01
-5.326439e-01
-5.448741e-01
-4.884892e-01
-4.011691e-01
-3.364209e-01
-3.174910e-01
-3.277428e-01
-3.388939e-01
-3.411871e-01
-3.459982e-01
-3.688399e-01
-4.153777e-01
-4.816097e-01
-5.620504e-01
-6.495054e-01
-7.298561e-01
-7.799460e-01
-7.775180e-01
-7.178507e-01
-6.195144e-01
-5.156475e-01
-4.385791e-01
-4.089928e-01
-4.334083e-01
-4.998201e-01
-5.726619e-01
-6.064299e-01
-5.779676e-01
-5.129946e-01
-4.682104e-01
-4.746403e-01
-4.988759e-01
-4.687500e-01
-3.456835e-01
-1.661421e-01
-9.532374e-03
7.531475e-02
1.066097e-01
1.330486e-01
1.669065e-01
1.655576e-01
8.628597e-02
-4.334532e-02
-1.233363e-01
-6.070144e-02
1.446942e-01
3.976169e-01
5.917266e-01
6.901978e-01
7.263040e-01
7.334083e-01
6.921763e-01
5.500899e-01
2.915917e-01
-1.555755e-02
-2.428957e-01
-2.861960e-01
-1.443795e-01
7.504496e-02
2.410971e-01
3.071043e-01
3.379946e-01
4.279227e-01
5.919065e-01
7.494155e-01
8.120054e-01
7.716277e-01
6.975270e-01
6.562050e-01
6.525629e-01
6.457284e-01
5.993705e-01
5.066547e-01
3.778327e-01
2.238309e-01
5.503597e-02
-1.127698e-01
-2.598471e-01
-3.646583e-01
-4.082734e-01
-3.807554e-01
-2.926709e-01
-1.736511e-01
-5.476619e-02
4.883094e-02
1.388489e-01
2.202338e-01
2.922212e-01
3.494155e-01
3.850270e-01
3.870953e-01
3.383543e-01
2.243705e-01
4.496403e-02
-1.744604e-01
-3.837230e-01
-5.217626e-01
-5.500450e-01
-4.806655e-01
-3.697842e-01
-2.723471e-01
-2.013489e-01
-1.350719e-01
-6.083633e-02
3.776978e-03
3.794964e-02
5.184353e-02
7.666367e-02
1.174011e-01
1.319694e-01
7.972122e-02
-9.622302e-03
-2.841727e-02
1.210432e-01
4.162770e-01
6.961331e-01
7.720773e-01
5.805306e-01
2.321942e-01
-8.588129e-02
-2.611511e-01
-3.142986e-01
-3.287770e-01
-3.493705e-01
-3.560701e-01
-3.188849e-01
-2.485612e-01
-1.898381e-01
-1.784622e-01
-2.150629e-01
-2.741007e-01
-3.257194e-01
-3.463579e-01
-3.205036e-01
-2.429856e-01
-1.294964e-01
-2.036871e-02
3.673561e-02
1.991906e-02
-4.824640e-02
-1.215827e-01
-1.711781e-01
-1.974371e-01
-2.038669e-01
-1.773381e-01
-1.086781e-01
-2.158273e-02
4.716727e-02
9.262590e-02
1.415018e-01
1.950989e-01
1.974371e-01
9.213129e-02
-9.532374e-02
-2.630845e-01
-3.256745e-01
-2.879496e-01
-2.208183e-01
-1.858813e-01
-1.937500e-01
-2.143885e-01
-2.084532e-01
-1.580036e-01
-8.880396e-02
-6.160072e-02
-1.169065e-01
-2.226619e-01
-2.952788e-01
-2.795414e-01
-2.004496e-01
-1.298112e-01
-1.190198e-01
-1.700540e-01
-2.513040e-01
-3.168615e-01
-3.212230e-01
-2.450989e-01
-1.196493e-01
-7.508993e-03
5.449640e-02
8.385791e-02
1.165468e-01
1.535072e-01
1.600270e-01
1.191996e-01
7.054856e-02
8.772482e-02
2.157374e-01
4.314748e-01
6.598471e-01
8.272932e-01
9.022482e-01
8.973022e-01
8.429856e-01
7.683453e-01
7.019335e-01
6.698741e-01
6.812500e-01
7.206835e-01
7.638939e-01
7.991906e-01
8.211331e-01
8.074640e-01
7.198291e-01
5.406025e-01
2.977068e-01
4.716727e-02
-1.633094e-01
-3.011241e-01
-3.367356e-01
-2.586781e-01
-1.135342e-01
-8.498201e-03
-3.754496e-02
-1.928058e-01
-3.582284e-01
-4.029676e-01
-2.832734e-01
-6.200540e-02
1.593076e-01
3.174910e-01
4.071043e-01
4.496403e-01
4.530576e-01
3.996403e-01
2.671763e-01
6.794065e-02
-1.356115e-01
-2.660522e-01
-3.004047e-01
-2.969874e-01
-3.316547e-01
-3.953237e-01
-3.761691e-01
-1.681655e-01
2.061151e-01
5.970324e-01
8.515288e-01
9.203687e-01
8.478417e-01
6.933903e-01
4.940647e-01
2.852968e-01
1.147482e-01
1.339928e-02
-2.468525e-02
-2.113309e-02
2.000899e-02
1.003147e-01
1.903327e-01
2.276978e-01
1.656924e-01
1.578237e-02
-1.616906e-01
-2.984712e-01
-3.450540e-01
-2.745504e-01
-8.947842e-02
1.610612e-01
3.842176e-01
4.859263e-01
4.283273e-01
2.534173e-01
5.008993e-02
-1.059802e-01
-1.895234e-01
-2.186151e-01
-2.262140e-01
-2.388040e-01
-2.727968e-01
-3.300809e-01
-3.917266e-01
-4.245953e-01
-4.050809e-01
-3.375000e-01
-2.388489e-01
-1.126799e-01
4.572842e-02
2.085881e-01
2.934802e-01
2.131745e-01
-3.830935e-02
-3.575989e-01
-6.024730e-01
-6.993255e-01
-6.839928e-01
-6.440198e-01
-6.345773e-01
-6.455036e-01
-6.393885e-01
-6.054856e-01
-5.757644e-01
-5.924460e-01
-6.517086e-01
-6.782374e-01
-5.650629e-01
-2.650180e-01
1.453687e-01
5.045863e-01
6.895234e-01
7.066996e-01
6.572392e-01
6.180306e-01
5.727068e-01
4.611061e-01
2.744604e-01
8.048561e-02
-3.956835e-02
-5.687950e-02
1.079137e-03
8.601619e-02
1.535072e-01
1.689299e-01
1.235612e-01
5.008993e-02
5.665468e-03
2.162770e-02
7.198741e-02
1.000450e-01
7.540468e-02
1.857014e-02
-2.630396e-02
-3.583633e-02
-1.937950e-02
8.543165e-04
1.533273e-02
3.205935e-02
6.232014e-02
1.055755e-01
1.495953e-01
1.843525e-01
2.120054e-01
2.391637e-01
2.568345e-01
2.393435e-01
1.717176e-01
8.205935e-02
3.318345e-02
7.459532e-02
2.024730e-01
3.674460e-01
5.213129e-01
6.476169e-01
7.488309e-01
8.204137e-01
8.521583e-01
8.509892e-01
8.458183e-01
8.493255e-01
8.196493e-01
6.801259e-01
3.975719e-01
4.833633e-02
-2.066996e-01
-2.342626e-01
-3.803957e-02
2.363309e-01
4.105216e-01
4.062500e-01
2.864658e-01
1.820144e-01
1.760342e-01
2.491906e-01
3.215378e-01
3.338579e-01
2.918615e-01
2.452788e-01
2.349371e-01
2.632194e-01
3.055306e-01
3.406025e-01
3.660072e-01
3.845324e-01
3.844874e-01
3.380396e-01
2.257194e-01
6.101619e-02
-1.114658e-01
-2.445594e-01
-3.185701e-01
-3.466727e-01
-3.537320e-01
-3.512590e-01
-3.301709e-01
-2.733363e-01
-1.715378e-01
-3.093525e-02
1.298561e-01
2.812050e-01
3.827338e-01
3.945594e-01
3.029676e-01
1.422662e-01
-2.059353e-02
-1.340827e-01
-1.988759e-01
-2.461781e-01
-2.844424e-01
-2.825090e-01
-2.219424e-01
-1.548112e-01
-1.781475e-01
-3.317446e-01
-5.294514e-01
0.000000e+00
0.000000e+00
0.000000e+00
0.000000e+00
0.000000e+00
0.000000e+00
0.000000e+00
0.000000e+00
0.000000e+00
0.000000e+00
0.000000e+00
0.000000e+00
0.000000e+00
0.000000e+00
0.000000e+00
0.000000e+00
0.000000e+00
0.000000e+00
0.000000e+00
0.000000e+00
0.000000e+00
0.000000e+00
0.000000e+00
0.000000e+00
0.000000e+00
0.000000e+00
0.000000e+00
0.000000e+00
0.000000e+00
0.000000e+00
0.000000e+00
0.000000e+00
0.000000e+00
0.000000e+00
0.000000e+00
0.000000e+00
0.000000e+00
0.000000e+00
0.000000e+00
0.000000e+00
0.000000e+00
0.000000e+00
0.000000e+00
0.000000e+00
0.000000e+00
0.000000e+00
0.000000e+00
0.000000e+00
0.000000e+00
0.000000e+00
0.000000e+00
0.000000e+00
0.000000e+00
0.000000e+00
0.000000e+00
0.000000e+00
0.000000e+00
0.000000e+00
0.000000e+00
0.000000e+00
0.000000e+00
0.000000e+00
0.000000e+00
0.000000e+00
0.000000e+00
0.000000e+00
0.000000e+00
0.000000e+00
0.000000e+00
0.000000e+00
0.000000e+00
0.000000e+00
0.000000e+00
0.000000e+00
0.000000e+00
0.000000e+00
0.000000e+00
0.000000e+00
0.000000e+00
0.000000e+00
0.000000e+00
0.000000e+00
0.000000e+00
0.000000e+00
0.000000e+00
0.000000e+00
0.000000e+00
2.503273e-01
2.080294e-01
1.022380e-01
-1.527336e-02
-9.282464e-02
-1.070382e-01
-7.150427e-02
-2.315940e-02
3.927436e-03
-1.464996e-03
-2.590238e-02
-4.379403e-02
-3.671841e-02
-6.670407e-03
2.303472e-02
2.038526e-02
-3.282214e-02
-1.211895e-01
-1.945328e-01
-1.932236e-01
-8.786859e-02
9.553644e-02
2.874197e-01
4.176485e-01
4.589178e-01
4.377221e-01
4.073312e-01
4.071442e-01
4.395611e-01
4.759990e-01
4.814849e-01
4.369117e-01
3.470482e-01
2.360202e-01
1.366810e-01
7.833053e-02
7.714606e-02
1.300729e-01
2.165700e-01
3.065582e-01
3.708310e-01
3.886915e-01
3.509133e-01
2.610498e-01
1.338134e-01
-7.543171e-03
-1.362135e-01
-2.295680e-01
-2.749205e-01
-2.721464e-01
-2.317499e-01
-1.705006e-01
-1.052615e-01
-4.787731e-02
-2.306589e-03
3.397544e-02
6.639237e-02
9.924568e-02
1.337510e-01
1.703447e-01
2.114270e-01
2.614239e-01
3.225485e-01
3.888473e-01
4.442990e-01
4.665545e-01
4.370363e-01
3.499782e-01
2.163830e-01
6.037654e-02
-8.827380e-02
-2.021071e-01
-2.621719e-01
-2.625148e-01
-2.127673e-01
-1.364940e-01
-6.439748e-02
-2.347111e-02
-2.677514e-02
-6.907300e-02
-1.302600e-01
-1.835920e-01
-2.060345e-01
-1.858051e-01
-1.250545e-01
-3.643788e-02
6.492737e-02
1.689733e-01
2.718035e-01
3.708310e-01
4.560501e-01
5.079484e-01
5.064210e-01
4.448289e-01
3.400349e-01
2.275419e-01
1.444424e-01
1.099059e-01
1.161087e-01
1.351848e-01
1.367745e-01
1.066642e-01
5.570102e-02
1.340315e-02
9.506889e-03
5.314507e-02
1.231220e-01
1.792594e-01
1.893273e-01
1.528583e-01
1.021757e-01
7.780064e-02
9.606633e-02
1.375849e-01
1.648900e-01
1.544791e-01
1.145190e-01
7.558756e-02
6.580014e-02
9.276230e-02
1.464684e-01
2.132660e-01
2.852067e-01
3.593604e-01
4.313010e-01
4.939218e-01
5.420797e-01
5.764915e-01
6.026121e-01
6.249299e-01
6.428215e-01
6.519544e-01
6.489932e-01
6.362758e-01
6.227480e-01
6.184153e-01
6.247740e-01
6.280780e-01
6.018016e-01
5.228789e-01
3.896889e-01
2.278536e-01
7.621096e-02
-3.609501e-02
-1.054485e-01
-1.492737e-01
-1.889221e-01
-2.346175e-01
-2.802506e-01
-3.073374e-01
-2.921264e-01
-2.150427e-01
-7.262639e-02
1.121501e-01
2.921264e-01
4.158718e-01
4.553332e-01
4.206409e-01
3.512873e-01
2.891964e-01
2.555015e-01
2.458076e-01
2.418178e-01
2.276354e-01
1.987407e-01
1.622717e-01
1.323484e-01
1.222492e-01
1.362446e-01
1.637055e-01
1.820024e-01
1.694096e-01
1.195063e-01
4.790848e-02
-1.446294e-02
-3.858862e-02
-1.165763e-02
5.648027e-02
1.380525e-01
1.984290e-01
2.104919e-01
1.669784e-01
8.481391e-02
-2.961162e-03
-6.511439e-02
-8.811795e-02
-8.073063e-02
-6.268312e-02
-4.887476e-02
-4.039648e-02
-2.908173e-02
-8.696465e-03
1.764229e-02
4.005361e-02
5.033975e-02
4.865657e-02
4.289009e-02
4.176797e-02
4.990337e-02
6.804439e-02
9.803005e-02
1.439436e-01
2.068138e-01
2.764167e-01
3.302163e-01
3.459884e-01
3.223303e-01
2.886354e-01
2.924381e-01
3.684309e-01
5.100368e-01
6.678823e-01
7.769154e-01
7.944018e-01
7.194689e-01
5.825697e-01
4.157783e-01
2.311888e-01
2.166324e-02
-2.179415e-01
0.000000e+00
0.000000e+00
0.000000e+00
0.000000e+00
0.000000e+00
0.000000e+00
0.000000e+00
0.000000e+00
0.000000e+00
0.000000e+00
0.000000e+00
0.000000e+00
0.000000e+00
0.000000e+00
0.000000e+00
0.000000e+00
0.000000e+00
0.000000e+00
0.000000e+00
0.000000e+00
0.000000e+00
0.000000e+00
0.000000e+00
0.000000e+00
0.000000e+00
0.000000e+00
0.000000e+00
0.000000e+00
0.000000e+00
0.000000e+00
0.000000e+00
0.000000e+00
0.000000e+00
0.000000e+00
0.000000e+00
1.000000e+00
9.730307e-01
9.011350e-01
8.059970e-01
7.074708e-01
6.117567e-01
5.120447e-01
4.031171e-01
2.947993e-01
2.091479e-01
1.623581e-01
1.504320e-01
1.505675e-01
1.358970e-01
9.269863e-02
3.039133e-02
-1.958326e-02
-2.358123e-02
2.381840e-02
8.680332e-02
1.137727e-01
8.507539e-02
3.350839e-02
8.639675e-03
2.300525e-02
4.079282e-02
2.429273e-02
-1.761816e-02
-4.014908e-02
-1.724547e-02
2.720651e-02
5.126207e-02
4.726410e-02
4.790784e-02
7.901067e-02
1.202101e-01
1.249534e-01
7.599526e-02
7.250551e-03
-3.361003e-02
-3.723530e-02
-3.635440e-02
-6.074877e-02
-9.916991e-02
-1.129595e-01
-8.290700e-02
-3.184821e-02
-3.726919e-04
-6.335761e-03
-3.306793e-02
-5.183805e-02
-4.641708e-02
-1.704218e-02
2.700322e-02
7.223446e-02
1.036761e-01
1.144503e-01
1.142809e-01
1.223107e-01
1.468745e-01
1.751313e-01
1.873962e-01
1.751991e-01
1.428765e-01
9.290191e-02
2.225987e-02
-6.396747e-02
-1.427410e-01
-1.862443e-01
-1.866847e-01
-1.641538e-01
-1.465018e-01
-1.460952e-01
-1.572760e-01
-1.741487e-01
-2.053532e-01
-2.652888e-01
-3.510757e-01
-4.302897e-01
-4.571235e-01
-4.057937e-01
-2.933085e-01
-1.686939e-01
-7.721498e-02
-3.140776e-02
-1.233271e-02
4.472302e-03
2.209046e-02
1.721159e-02
-3.909876e-02
-1.490090e-01
-2.705743e-01
-3.370151e-01
-3.066576e-01
-2.034898e-01
-1.043198e-01
-7.514823e-02
-1.153989e-01
-1.649331e-01
-1.670337e-01
-1.202778e-01
-6.925292e-02
-5.132983e-02
-6.000339e-02
-6.051160e-02
-3.249195e-02
5.522616e-03
1.256988e-02
-3.625275e-02
-1.285448e-01
-2.221921e-01
-2.717940e-01
-2.501440e-01
-1.568016e-01
-2.093851e-02
1.035067e-01
1.599187e-01
1.259021e-01
3.608335e-02
-4.136880e-02
-6.044384e-02
-3.421989e-02
-1.816026e-02
-6.193461e-02
-1.774691e-01
-3.408436e-01
-5.098425e-01
0.000000e+00
0.000000e+00
0.000000e+00
0.000000e+00
0.000000e+00
0.000000e+00
0.000000e+00
0.000000e+00
0.000000e+00
0.000000e+00
0.000000e+00
0.000000e+00
0.000000e+00
0.000000e+00
0.000000e+00
0.000000e+00
0.000000e+00
0.000000e+00
0.000000e+00
0.000000e+00
0.000000e+00
0.000000e+00
0.000000e+00
0.000000e+00
0.000000e+00
0.000000e+00
1.000000e+00
9.929725e-01
9.720474e-01
9.384309e-01
8.939585e-01
8.412524e-01
7.836165e-01
7.249843e-01
6.692364e-01
6.200965e-01
5.802916e-01
5.503986e-01
5.294210e-01
5.139501e-01
4.996329e-01
4.822740e-01
4.590938e-01
4.308790e-01
4.012482e-01
3.770191e-01
3.656912e-01
3.738200e-01
4.047095e-01
4.565240e-01
5.226558e-01
5.919866e-01
6.513006e-01
6.872771e-01
6.893749e-01
6.508811e-01
5.700126e-01
4.499685e-01
2.986155e-01
1.264422e-01
0.000000e+00
0.000000e+00
0.000000e+00
0.000000e+00
0.000000e+00
0.000000e+00
0.000000e+00
0.000000e+00
0.000000e+00
0.000000e+00
0.000000e+00
0.000000e+00
0.000000e+00
0.000000e+00
0.000000e+00
0.000000e+00
0.000000e+00
0.000000e+00
0.000000e+00
0.000000e+00
0.000000e+00
0.000000e+00
0.000000e+00
0.000000e+00
0.000000e+00
0.000000e+00
0.000000e+00
0.000000e+00
0.000000e+00
0.000000e+00
0.000000e+00
0.000000e+00
0.000000e+00
0.000000e+00
0.000000e+00
0.000000e+00
0.000000e+00
0.000000e+00
0.000000e+00
0.000000e+00
0.000000e+00
0.000000e+00
0.000000e+00
0.000000e+00
0.000000e+00
0.000000e+00
0.000000e+00
0.000000e+00
0.000000e+00
0.000000e+00
0.000000e+00
0.000000e+00
0.000000e+00
0.000000e+00
0.000000e+00
0.000000e+00
0.000000e+00
0.000000e+00
0.000000e+00
0.000000e+00
0.000000e+00
0.000000e+00
0.000000e+00
0.000000e+00
0.000000e+00
0.000000e+00
0.000000e+00
0.000000e+00
0.000000e+00
0.000000e+00
0.000000e+00
0.000000e+00
0.000000e+00
0.000000e+00
0.000000e+00
0.000000e+00
0.000000e+00
0.000000e+00
0.000000e+00
0.000000e+00
0.000000e+00
0.000000e+00
0.000000e+00
0.000000e+00
0.000000e+00
0.000000e+00
0.000000e+00
8.919966e-01
8.768234e-01
8.376856e-01
7.895611e-01
7.448880e-01
7.035035e-01
6.499088e-01
5.640466e-01
4.375163e-01
2.846119e-01
1.392941e-01
3.803074e-02
1.302423e-03
2.591821e-02
8.902058e-02
1.592863e-01
2.077038e-01
2.167231e-01
1.879721e-01
1.435595e-01
1.170878e-01
1.331076e-01
1.897304e-01
2.585309e-01
3.051250e-01
3.146327e-01
2.996549e-01
2.848724e-01
2.830164e-01
2.857515e-01
2.763089e-01
2.500326e-01
2.220956e-01
2.132391e-01
2.296171e-01
2.550469e-01
2.638382e-01
2.406877e-01
1.931167e-01
1.456108e-01
1.239906e-01
1.409221e-01
1.899909e-01
2.493813e-01
2.902123e-01
2.881610e-01
2.338825e-01
1.380568e-01
2.793696e-02
-6.508856e-02
-1.196275e-01
-1.317075e-01
-1.117153e-01
-7.475905e-02
-3.402579e-02
1.953634e-04
1.595468e-02
-8.140141e-04
-6.053009e-02
-1.592537e-01
-2.749414e-01
-3.730464e-01
-4.234827e-01
-4.148867e-01
-3.586872e-01
-2.804767e-01
-2.048385e-01
-1.460992e-01
-1.071894e-01
-8.618781e-02
-8.013154e-02
-8.469002e-02
-8.976947e-02
-7.729878e-02
-2.744855e-02
7.075410e-02
2.083876e-01
3.553009e-01
4.695884e-01
5.161175e-01
4.832313e-01
3.890662e-01
2.718156e-01
1.704220e-01
1.077755e-01
8.488539e-02
8.895546e-02
1.055288e-01
1.254233e-01
1.436246e-01
1.529695e-01
1.431362e-01
1.058218e-01
4.242641e-02
-3.298385e-02
-9.904923e-02
-1.356799e-01
-1.324889e-01
-9.064861e-02
-2.373665e-02
4.613832e-02
9.507684e-02
1.084592e-01
9.090909e-02
6.512113e-02
5.805548e-02
8.091300e-02
1.207997e-01
1.520904e-01
1.584397e-01
1.458388e-01
1.337588e-01
1.350938e-01
1.438200e-01
1.434944e-01
1.264978e-01
1.029565e-01
9.103933e-02
9.937484e-02
1.212881e-01
1.450573e-01
1.670031e-01
1.907723e-01
2.149648e-01
2.253191e-01
2.058153e-01
1.573652e-01
1.046822e-01
7.895936e-02
9.055092e-02
1.202136e-01
1.372753e-01
1.296236e-01
1.144178e-01
1.198880e-01
1.561279e-01
2.022337e-01
2.243748e-01
2.050664e-01
1.595142e-01
1.241209e-01
1.289073e-01
1.755666e-01
2.367479e-01
2.745832e-01
2.636754e-01
2.062060e-01
1.300143e-01
7.319614e-02
6.251628e-02
9.849570e-02
1.564861e-01
2.044478e-01
2.251237e-01
2.258401e-01
2.297473e-01
2.546236e-01
2.969198e-01
3.314340e-01
3.269406e-01
2.666059e-01
1.595468e-01
3.988669e-02
-4.942693e-02
-7.843840e-02
-4.871060e-02
6.023704e-03
4.057046e-02
2.936963e-02
-1.299166e-02
-4.190544e-02
-1.628028e-02
6.795389e-02
1.732548e-01
2.474928e-01
2.613962e-01
2.264587e-01
1.809390e-01
1.599049e-01
1.737757e-01
2.093319e-01
2.460927e-01
2.708713e-01
2.820396e-01
2.848072e-01
2.875423e-01
2.996223e-01
3.283733e-01
3.732092e-01
4.213662e-01
4.523639e-01
4.492706e-01
4.098072e-01
3.461513e-01
2.768299e-01
2.164952e-01
1.736455e-01
1.529044e-01
1.544673e-01
1.699661e-01
1.795389e-01
1.608492e-01
1.063428e-01
3.523053e-02
-1.406616e-02
-8.075020e-03
5.646002e-02
1.484436e-01
2.212490e-01
2.419575e-01
2.088434e-01
1.483785e-01
9.650951e-02
7.834071e-02
9.781193e-02
1.400755e-01
1.819484e-01
2.061084e-01
2.083876e-01
1.975449e-01
1.859859e-01
1.794413e-01
1.742316e-01
1.637145e-01
1.489320e-01
1.412477e-01
1.536207e-01
1.867999e-01
2.235934e-01
2.390271e-01
2.193605e-01
1.755991e-01
1.373405e-01
1.331076e-01
1.694777e-01
2.279891e-01
2.800534e-01
3.087718e-01
3.206239e-01
3.375879e-01
3.784840e-01
4.399258e-01
4.934553e-01
4.982743e-01
4.264457e-01
2.833746e-01
1.121060e-01
-2.529956e-02
-8.042459e-02
-4.607320e-02
4.167752e-02
1.296562e-01
1.841300e-01
2.120344e-01
2.505535e-01
3.354715e-01
4.727142e-01
6.322284e-01
7.673873e-01
8.400951e-01
8.360901e-01
7.626335e-01
6.395220e-01
4.904923e-01
3.411696e-01
2.162347e-01
1.345402e-01
1.010354e-01
1.050078e-01
1.255861e-01
1.435270e-01
1.493227e-01
1.436572e-01
1.299166e-01
1.089151e-01
7.915473e-02
4.379396e-02
1.351263e-02
2.963011e-03
2.061084e-02
6.189763e-02
1.118455e-01
1.550534e-01
1.846835e-01
2.029174e-01
2.153556e-01
2.237236e-01
2.247981e-01
2.144113e-01
1.920748e-01
1.630633e-01
1.357775e-01
1.178367e-01
1.111292e-01
1.111618e-01
1.092081e-01
9.908179e-02
8.289919e-02
7.104715e-02
7.430320e-02
9.289529e-02
1.136364e-01
1.179018e-01
9.615134e-02
5.623209e-02
1.836416e-02
-6.512113e-04
5.860901e-04
8.140141e-03
5.763220e-03
-1.185204e-02
-3.549101e-02
-4.991534e-02
-4.477077e-02
-2.035035e-02
1.595468e-02
5.558088e-02
9.335113e-02
1.269862e-01
1.564535e-01
1.838695e-01
2.136299e-01
2.513350e-01
2.991990e-01
3.528263e-01
4.009833e-01
4.308414e-01
4.346184e-01
4.142355e-01
3.814144e-01
3.517843e-01
3.380763e-01
3.427325e-01
3.572545e-01
3.666319e-01
3.588500e-01
3.323131e-01
2.977338e-01
2.724993e-01
2.707085e-01
2.954871e-01
3.367413e-01
3.752930e-01
3.917361e-01
3.753582e-01
3.310107e-01
2.779370e-01
2.426739e-01
2.474603e-01
3.000781e-01
3.906616e-01
4.965811e-01
5.929278e-01
6.620539e-01
7.004754e-01
7.180581e-01
7.322545e-01
7.583681e-01
8.017713e-01
8.563102e-01
9.082118e-01
9.424004e-01
9.467960e-01
9.133563e-01
8.394113e-01
7.300404e-01
6.005470e-01
4.732352e-01
3.680972e-01
2.914170e-01
2.327429e-01
1.717244e-01
9.182079e-02
-9.507684e-03
-1.198554e-01
-2.196861e-01
-2.918729e-01
-3.288942e-01
-3.333550e-01
-3.146327e-01
-2.835699e-01
-2.466788e-01
-2.047734e-01
-1.560628e-01
-1.011982e-01
-4.766866e-02
-7.488929e-03
8.693670e-03
-1.465225e-03
-2.976035e-02
-6.176739e-02
-8.355040e-02
-8.866241e-02
-8.039203e-02
-6.906095e-02
-6.450247e-02
-6.873535e-02
-7.501954e-02
-7.495442e-02
-6.971216e-02
-7.449857e-02
-1.081336e-01
-1.721477e-01
-2.365199e-01
-2.470370e-01
-1.562256e-01
4.340323e-02
3.069484e-01
5.580880e-01
7.294217e-01
7.942824e-01
7.722389e-01
7.080946e-01
6.460016e-01
6.135387e-01
6.206043e-01
6.625423e-01
7.198815e-01
7.585960e-01
7.388968e-01
6.362660e-01
4.613832e-01
2.615264e-01
9.523965e-02
-4.525918e-03
-5.206434e-02
-9.924459e-02
-1.983915e-01
-3.665017e-01
0.000000e+00
0.000000e+00
0.000000e+00
0.000000e+00
0.000000e+00
0.000000e+00
0.000000e+00
0.000000e+00
0.000000e+00
0.000000e+00
0.000000e+00
0.000000e+00
0.000000e+00
0.000000e+00
0.000000e+00
0.000000e+00
0.000000e+00
0.000000e+00
0.000000e+00
0.000000e+00
0.000000e+00
0.000000e+00
0.000000e+00
0.000000e+00
0.000000e+00
0.000000e+00
0.000000e+00
0.000000e+00
0.000000e+00
