1.040000e-01 -1
0.144000 1
0.188000 1
0.260000 1
0.360000 2
0.432000 1
0.488000 1
0.536000 1
0.616000 1
0.728000 1
0.784000 1
0.876000 1
0.932000 1
0.976000 1
1.044000 1
1.176000 1
1.252000 1
1.320000 1
1.356000 1
1.468000 1
1.560000 1
1.636000 1
1.684000 1
1.740000 1
1.820000 1
1.912000 1
2.000000 1
2.072000 1
2.124000 1
2.176000 1
2.224000 1
2.312000 1
2.352000 1
3.108000e+00 -1
3.148000 1
3.172000 1
3.200000 1
3.272000 1
3.304000 2
3.368000 1
3.456000 1
3.492000 2
3.548000 1
3.612000 1
3.684000 2
3.740000 1
3.800000 1
3.852000 1
3.932000 2
3.972000 2
3.992000 2
4.024000 2
4.048000 2
4.084000 2
4.152000 2
4.180000 2
4.212000 2
4.264000 1
4.304000 2
4.360000 2
4.380000 2
4.412000 1
4.460000 1
4.552000 1
4.612000 1
4.648000 1
4.688000 1
4.700000 1
5.080000e+00 -1
5.200000 1
5.276000 1
5.332000 1
5.420000 1
5.460000 1
5.508000 1
5.532000 1
5.632000 1
5.736000 1
5.772000 1
5.856000 1
5.940000 1
6.044000 1
6.072000 1
6.156000 1
6.196000 1
6.228000 1
6.704000e+00 -1
6.724000 1
6.804000 1
6.852000 1
6.916000 1
6.960000 2
7.016000 2
7.044000 2
7.096000 2
7.140000 2
7.176000 2
7.204000 2
7.260000 1
7.296000 2
7.348000 1
7.372000 1
7.420000 1
7.480000 1
7.512000 2
7.556000 2
7.576000 2
7.604000 2
7.628000 1
7.784000e+00 -1
7.828000 2
7.864000 2
7.932000 2
7.960000 2
7.996000 2
8.076000 2
8.124000 2
8.168000 2
8.228000 1
8.276000 1
8.344000 1
8.384000 1
8.440000 2
8.472000 2
8.512000 1
8.552000 1
8.604000 1
8.668000 1
8.708000 2
8.740000 1
8.836000 2
8.912000 2
8.952000 2
8.992000 2
9.040000 1
9.084000 1
9.132000 1
9.176000 1
9.276000 1
9.344000 1
9.384000 1
9.412000 1
9.460000 1
9.536000 1
9.656000 2
9.704000 2
9.744000 1
9.780000 1
9.848000 1
9.992000 1
10.036000 1
10.084000 1
10.132000 1
10.172000 2
10.240000 2
10.252000 2
10.292000 2
10.340000 2
10.364000 2
10.432000 1
10.488000 1
10.548000 1
10.564000 1
10.608000 2
10.668000 1
10.716000 1
10.768000 1
10.796000 1
10.812000 1
1.092400e+01 -1
