1.080000e-01 -1
0.268000 1
0.308000 1
0.368000 1
0.416000 1
0.516000 1
0.572000 1
0.748000 1
0.820000 1
0.864000 1
0.912000 1
0.964000 1
0.996000 1
1.064000 1
1.112000 1
1.168000 1
1.240000 1
1.268000 1
1.380000e+00 -1
1.472000 2
1.544000 1
1.628000 1
1.704000 2
1.728000 1
2.172000e+00 -1
2.260000 2
2.284000 2
2.328000 1
2.424000 1
2.492000 1
2.516000 1
2.536000 1
2.576000 1
2.640000 1
2.688000 1
2.736000 1
2.804000 1
2.872000 1
2.916000 1
3.016000 1
3.088000 1
3.148000 1
3.220000 1
3.264000 2
3.312000 1
3.360000 1
3.424000 1
3.492000 1
3.536000 1
3.600000 1
3.660000 1
3.704000 1
3.760000 1
3.804000 1
3.820000 1
3.888000 1
3.944000 1
4.004000 1
4.040000 1
4.076000 1
4.120000 1
4.164000 2
4.216000 1
4.332000 1
4.396000 1
4.432000 1
4.568000 1
4.604000 1
4.640000 1
4.700000 1
4.736000 1
4.780000 1
4.832000 1
4.896000 1
4.988000 1
5.020000 1
5.076000 1
5.088000 1
5.608000e+00 -1
5.664000 1
5.732000 1
5.764000 1
5.808000 1
5.856000 1
5.892000 1
6.004000 1
6.052000 1
6.172000 1
6.216000 1
6.416000e+00 -1
6.456000 2
6.492000 2
6.524000 2
6.572000 2
6.604000 2
6.640000 2
6.676000 2
6.748000 2
6.764000 2
6.804000 2
6.908000 2
6.968000 1
7.004000 2
7.076000 1
7.132000 2
7.160000 2
7.196000 2
7.248000 2
7.276000 2
7.308000 2
7.336000 2
7.384000 2
7.420000 2
7.448000 1
7.500000 2
7.544000 2
7.576000 1
7.600000 2
7.636000 2
7.664000 2
7.712000 2
7.740000 2
7.792000 1
7.860000 2
7.876000 2
7.908000 2
7.948000 2
7.968000 2
7.992000 2
8.024000 2
8.076000 1
8.136000 2
8.192000 2
8.256000 1
8.288000 2
8.320000 2
8.360000 2
8.372000 1
8.544000e+00 -1
