
0.000000e+00
0.000000e+00
0.000000e+00
0.000000e+00
0.000000e+00
0.000000e+00
0.000000e+00
0.000000e+00
0.000000e+00
0.000000e+00
0.000000e+00
0.000000e+00
0.000000e+00
0.000000e+00
0.000000e+00
0.000000e+00
0.000000e+00
0.000000e+00
0.000000e+00
0.000000e+00
0.000000e+00
0.000000e+00
0.000000e+00
0.000000e+00
0.000000e+00
8.576885e-01
8.417792e-01
7.975098e-01
7.343539e-01
6.643710e-01
5.983279e-01
5.431416e-01
4.999850e-01
4.657604e-01
4.354456e-01
4.049502e-01
3.730715e-01
3.417341e-01
3.146672e-01
2.951189e-01
2.843223e-01
2.804126e-01
2.796608e-01
2.777059e-01
2.717813e-01
2.609546e-01
2.460678e-01
2.284443e-01
2.087155e-01
1.867613e-01
1.624312e-01
1.368681e-01
1.141921e-01
1.004782e-01
1.022526e-01
1.236655e-01
1.635740e-01
2.151514e-01
2.679919e-01
3.119305e-01
3.421551e-01
3.616433e-01
3.807104e-01
4.139124e-01
4.734895e-01
5.636823e-01
6.780849e-01
7.998556e-01
9.068900e-01
9.781360e-01
1.000000e+00
9.695949e-01
8.950107e-01
7.912845e-01
6.763406e-01
5.654567e-01
4.684070e-01
3.886800e-01
3.245917e-01
2.713903e-01
2.240233e-01
1.787014e-01
1.335900e-01
8.950107e-02
4.923160e-02
1.741301e-02
-3.007428e-04
1.954828e-03
2.908183e-02
8.321554e-02
1.628823e-01
2.612252e-01
3.675378e-01
4.680761e-01
5.493369e-01
6.014556e-01
6.203122e-01
6.088539e-01
5.759526e-01
5.334276e-01
4.925265e-01
4.608884e-01
4.411897e-01
4.316261e-01
4.277465e-01
4.250398e-01
4.212505e-01
4.162882e-01
4.124387e-01
4.119876e-01
4.160476e-01
4.231752e-01
4.297615e-01
4.309946e-01
4.223632e-01
4.012812e-01
3.688009e-01
3.299149e-01
2.928634e-01
2.682626e-01
2.656461e-01
2.909687e-01
3.442603e-01
4.183032e-01
4.994737e-01
5.710505e-01
6.170040e-01
6.269285e-01
5.984181e-01
5.370666e-01
4.551743e-01
3.669063e-01
2.849839e-01
2.176777e-01
1.678747e-01
1.341915e-01
1.124778e-01
9.840306e-02
8.826802e-02
7.969685e-02
7.115575e-02
6.183273e-02
5.115636e-02
3.930709e-02
2.745782e-02
1.813479e-02
1.458603e-02
1.987910e-02
3.596884e-02
6.231392e-02
9.548585e-02
1.299510e-01
1.590328e-01
1.766263e-01
1.793630e-01
1.673333e-01
1.443265e-01
1.169288e-01
9.235812e-02
7.699017e-02
7.446393e-02
8.547111e-02
1.085982e-01
1.414995e-01
1.821299e-01
2.296472e-01
2.834501e-01
3.421551e-01
4.021834e-01
4.573697e-01
5.001654e-01
5.229918e-01
5.216986e-01
4.971279e-01
4.554149e-01
4.072659e-01
3.650116e-01
3.394484e-01
3.372530e-01
3.591772e-01
4.008301e-01
4.541217e-01
5.094584e-01
5.593215e-01
5.995308e-01
6.306277e-01
6.568524e-01
6.847012e-01
7.198881e-01
7.648793e-01
8.169679e-01
8.690265e-01
9.111606e-01
9.340772e-01
9.327840e-01
9.083035e-01
8.673724e-01
8.202460e-01
7.767285e-01
7.423235e-01
7.170311e-01
6.954979e-01
6.709272e-01
6.379056e-01
5.958919e-01
5.492767e-01
5.055186e-01
4.713242e-01
4.497609e-01
4.384831e-01
4.306036e-01
4.182130e-01
3.957475e-01
3.632071e-01
3.255240e-01
2.913597e-01
2.692250e-01
2.639921e-01
2.753902e-01
2.981865e-01
3.247120e-01
3.475685e-01
3.620944e-01
3.676581e-01
3.665153e-01
3.626357e-01
3.594478e-01
3.590268e-01
3.617936e-01
3.672070e-01
3.745752e-01
3.840185e-01
3.959580e-01
4.112959e-01
4.297916e-01
4.496707e-01
4.679258e-01
4.804668e-01
4.836546e-01
4.758955e-01
4.580915e-01
4.344832e-01
4.113560e-01
3.950257e-01
3.906649e-01
3.996572e-01
4.193257e-01
4.439566e-01
4.663018e-01
4.799555e-01
4.819705e-01
4.733091e-01
4.583321e-01
4.429040e-01
4.322878e-01
4.294608e-01
4.345433e-01
4.453099e-01
4.584825e-01
4.711738e-01
4.813690e-01
4.882861e-01
4.917446e-01
4.920454e-01
4.893687e-01
4.841358e-01
4.770383e-01
4.689182e-01
4.602268e-01
4.508436e-01
4.402574e-01
4.278969e-01
4.144838e-01
4.027849e-01
3.977324e-01
4.051908e-01
4.294608e-01
4.715046e-01
5.266909e-01
5.860275e-01
6.379958e-01
6.720099e-01
6.821148e-01
6.680401e-01
6.354395e-01
5.937265e-01
5.525548e-01
5.200445e-01
5.002556e-01
4.940002e-01
4.992030e-01
5.124056e-01
5.295781e-01
5.470512e-01
5.613365e-01
5.696370e-01
5.702084e-01
5.626297e-01
5.481940e-01
5.296984e-01
5.107215e-01
4.944513e-01
4.831434e-01
4.774293e-01
4.766473e-01
4.798653e-01
4.862410e-01
4.956242e-01
5.085862e-01
5.253376e-01
5.449460e-01
5.642537e-01
5.777571e-01
5.775465e-01
5.550811e-01
5.028420e-01
4.168897e-01
2.983369e-01
1.539503e-01
-4.300623e-03
0.000000e+00
0.000000e+00
0.000000e+00
0.000000e+00
0.000000e+00
0.000000e+00
0.000000e+00
0.000000e+00
0.000000e+00
0.000000e+00
0.000000e+00
0.000000e+00
0.000000e+00
0.000000e+00
0.000000e+00
0.000000e+00
0.000000e+00
0.000000e+00
0.000000e+00
0.000000e+00
0.000000e+00
0.000000e+00
0.000000e+00
0.000000e+00
0.000000e+00
0.000000e+00
0.000000e+00
0.000000e+00
0.000000e+00
0.000000e+00
0.000000e+00
0.000000e+00
0.000000e+00
0.000000e+00
0.000000e+00
0.000000e+00
0.000000e+00
0.000000e+00
0.000000e+00
0.000000e+00
0.000000e+00
0.000000e+00
0.000000e+00
0.000000e+00
0.000000e+00
0.000000e+00
0.000000e+00
0.000000e+00
0.000000e+00
0.000000e+00
0.000000e+00
0.000000e+00
0.000000e+00
0.000000e+00
0.000000e+00
0.000000e+00
0.000000e+00
0.000000e+00
0.000000e+00
0.000000e+00
0.000000e+00
0.000000e+00
0.000000e+00
0.000000e+00
0.000000e+00
0.000000e+00
0.000000e+00
0.000000e+00
0.000000e+00
0.000000e+00
0.000000e+00
0.000000e+00
0.000000e+00
0.000000e+00
0.000000e+00
0.000000e+00
0.000000e+00
0.000000e+00
0.000000e+00
0.000000e+00
0.000000e+00
0.000000e+00
0.000000e+00
0.000000e+00
0.000000e+00
0.000000e+00
0.000000e+00
0.000000e+00
0.000000e+00
0.000000e+00
0.000000e+00
0.000000e+00
0.000000e+00
0.000000e+00
0.000000e+00
0.000000e+00
0.000000e+00
0.000000e+00
0.000000e+00
0.000000e+00
0.000000e+00
0.000000e+00
0.000000e+00
0.000000e+00
0.000000e+00
0.000000e+00
0.000000e+00
0.000000e+00
0.000000e+00
0.000000e+00
0.000000e+00
0.000000e+00
0.000000e+00
0.000000e+00
0.000000e+00
0.000000e+00
0.000000e+00
0.000000e+00
0.000000e+00
0.000000e+00
0.000000e+00
0.000000e+00
0.000000e+00
0.000000e+00
0.000000e+00
0.000000e+00
0.000000e+00
0.000000e+00
0.000000e+00
0.000000e+00
0.000000e+00
0.000000e+00
0.000000e+00
0.000000e+00
0.000000e+00
0.000000e+00
0.000000e+00
6.190232e-01
6.064795e-01
5.702705e-01
5.147766e-01
4.461985e-01
3.723298e-01
3.025571e-01
2.470063e-01
2.157465e-01
2.162869e-01
2.498791e-01
3.099525e-01
3.821145e-01
4.484171e-01
4.927895e-01
5.066701e-01
4.909691e-01
4.550445e-01
4.122934e-01
3.746622e-01
3.491481e-01
3.363199e-01
3.322525e-01
3.314276e-01
3.294365e-01
3.250562e-01
3.200501e-01
3.178883e-01
3.218420e-01
3.336462e-01
3.526751e-01
3.764257e-01
4.006883e-01
4.207128e-01
4.316637e-01
4.296442e-01
4.128339e-01
3.831100e-01
3.460762e-01
3.101800e-01
2.837842e-01
2.724066e-01
2.758199e-01
2.890463e-01
3.049464e-01
3.176323e-01
3.249993e-01
3.284410e-01
3.300054e-01
3.297779e-01
3.252268e-01
3.128538e-01
2.920898e-01
2.673436e-01
2.476321e-01
2.425406e-01
2.571892e-01
2.887618e-01
3.270188e-01
3.579941e-01
3.699406e-01
3.575390e-01
3.240606e-01
2.796029e-01
2.376198e-01
2.103706e-01
2.053930e-01
2.235686e-01
2.593509e-01
3.030122e-01
3.441704e-01
3.753733e-01
3.939472e-01
4.020252e-01
4.036749e-01
4.015417e-01
3.949427e-01
3.799243e-01
3.524476e-01
3.118013e-01
2.627073e-01
2.146088e-01
1.784566e-01
1.620161e-01
1.664818e-01
1.862218e-01
2.111671e-01
2.316751e-01
2.427113e-01
2.466934e-01
2.517564e-01
2.680832e-01
3.026424e-01
3.547800e-01
4.156782e-01
4.715988e-01
5.090594e-01
5.199818e-01
5.047075e-01
4.709162e-01
4.307535e-01
3.966209e-01
3.781893e-01
3.805785e-01
4.031061e-01
4.386893e-01
4.745570e-01
4.953210e-01
4.888642e-01
4.531103e-01
3.999488e-01
3.538129e-01
3.425491e-01
3.858691e-01
4.844270e-01
6.181984e-01
7.525955e-01
8.515232e-01
8.912592e-01
8.675086e-01
7.949768e-01
6.998322e-01
6.087835e-01
5.399778e-01
4.982507e-01
4.755810e-01
4.564952e-01
4.253776e-01
3.742071e-01
3.068521e-01
2.378758e-01
1.867338e-01
1.685866e-01
1.869045e-01
2.314191e-01
2.831868e-01
3.236055e-01
3.430611e-01
3.435447e-01
3.355235e-01
3.301192e-01
3.325369e-01
3.409847e-01
3.503996e-01
3.575675e-01
3.648775e-01
3.785590e-01
4.046705e-01
4.439230e-01
4.909975e-01
5.373325e-01
5.759308e-01
6.041756e-01
6.236596e-01
6.365731e-01
6.427170e-01
6.385926e-01
6.204739e-01
5.891288e-01
5.523509e-01
5.248741e-01
5.229115e-01
5.582672e-01
6.320221e-01
7.334528e-01
8.425918e-01
9.355463e-01
9.917797e-01
1.000000e+00
9.607191e-01
8.854567e-01
7.925306e-01
7.008277e-01
6.242000e-01
5.682510e-01
5.317291e-01
5.101118e-01
5.006684e-01
5.048497e-01
5.277470e-01
5.736553e-01
6.414370e-01
7.218762e-01
7.981341e-01
8.509258e-01
8.638393e-01
8.290810e-01
7.502915e-01
6.422903e-01
5.275194e-01
4.301846e-01
3.681770e-01
3.472993e-01
3.581932e-01
3.797537e-01
3.879455e-01
3.666126e-01
3.154990e-01
2.504480e-01
1.957505e-01
1.721990e-01
1.870751e-01
2.310493e-01
2.842108e-01
3.265353e-01
3.471570e-01
3.477828e-01
3.394488e-01
3.345849e-01
3.404158e-01
3.568848e-01
3.785875e-01
3.992661e-01
4.153085e-01
4.267998e-01
4.359018e-01
4.444919e-01
4.526837e-01
4.582018e-01
4.575476e-01
4.476776e-01
4.273402e-01
3.985835e-01
3.674375e-01
3.430042e-01
3.349546e-01
3.505134e-01
3.911597e-01
4.508348e-01
5.181898e-01
5.799414e-01
6.256507e-01
6.514492e-01
6.604659e-01
6.606650e-01
6.611486e-01
6.677191e-01
6.807179e-01
6.948830e-01
7.020792e-01
6.943425e-01
6.683449e-01
6.273857e-01
5.813920e-01
5.441306e-01
5.289132e-01
5.438746e-01
5.887021e-01
6.550331e-01
7.284751e-01
7.930711e-01
8.359644e-01
8.501294e-01
8.353102e-01
7.972523e-01
7.455699e-01
6.904457e-01
6.406690e-01
6.013596e-01
5.735700e-01
5.548539e-01
5.417129e-01
5.322980e-01
5.277754e-01
5.322980e-01
5.501892e-01
5.822738e-01
6.234605e-01
6.632818e-01
6.896493e-01
6.941719e-01
6.764229e-01
6.437125e-01
6.075319e-01
5.776659e-01
5.573286e-01
5.423955e-01
5.248172e-01
4.974827e-01
4.582018e-01
4.104730e-01
3.610661e-01
3.166368e-01
2.817931e-01
2.589811e-01
2.496516e-01
2.554257e-01
2.772136e-01
3.133089e-01
3.585061e-01
4.053531e-01
4.467389e-01
4.793924e-01
5.043377e-01
5.245613e-01
5.409165e-01
5.485963e-01
5.382427e-01
4.989334e-01
4.248940e-01
3.189976e-01
1.937025e-01
6.761100e-02
-3.942316e-02
-1.110163e-01
-1.371562e-01
-1.147709e-01
-4.841141e-02
5.048781e-02
1.649458e-01
2.751088e-01
3.623460e-01
4.146543e-01
4.293028e-01
4.130045e-01
3.787013e-01
3.408141e-01
3.100663e-01
2.917200e-01
2.850073e-01
2.851495e-01
2.850926e-01
2.775265e-01
2.567910e-01
2.210655e-01
1.734505e-01
1.224507e-01
8.001252e-02
5.779788e-02
6.240578e-02
9.284069e-02
1.399721e-01
1.908297e-01
2.328128e-01
2.590096e-01
2.698751e-01
2.722929e-01
2.759906e-01
2.894729e-01
3.169497e-01
3.570271e-01
4.035612e-01
4.480189e-01
4.821230e-01
5.004409e-01
5.018915e-01
4.895184e-01
4.687260e-01
4.446625e-01
4.196319e-01
3.923827e-01
3.599852e-01
3.216429e-01
2.816793e-01
2.511591e-01
2.445886e-01
2.740848e-01
3.427767e-01
4.412777e-01
5.500469e-01
6.461871e-01
7.123475e-01
7.429530e-01
7.447450e-01
7.310635e-01
7.140541e-01
6.987513e-01
6.823392e-01
6.585033e-01
6.245413e-01
5.848622e-01
5.503883e-01
5.328100e-01
5.380436e-01
5.629035e-01
5.963819e-01
6.253947e-01
6.412948e-01
6.420343e-01
6.313679e-01
6.143300e-01
5.935376e-01
5.688483e-01
5.390392e-01
5.053332e-01
4.723384e-01
4.466820e-01
4.333419e-01
4.326877e-01
4.405950e-01
4.506642e-01
4.578320e-01
4.605342e-01
4.600506e-01
4.585716e-01
4.570071e-01
4.549023e-01
4.513753e-01
4.468811e-01
4.434679e-01
4.425861e-01
4.436954e-01
4.428137e-01
4.353329e-01
4.188071e-01
3.968769e-01
3.788150e-01
3.763973e-01
3.979008e-01
4.435248e-01
5.037404e-01
5.621071e-01
6.013881e-01
6.089257e-01
5.807663e-01
5.213187e-01
4.412777e-01
3.539551e-01
2.728048e-01
2.088631e-01
1.708052e-01
1.642916e-01
1.918537e-01
2.520124e-01
3.393065e-01
4.442927e-01
5.542566e-01
6.554029e-01
7.350172e-01
7.839975e-01
7.987598e-01
7.823762e-01
7.432375e-01
6.926074e-01
6.414939e-01
5.967802e-01
5.600876e-01
5.275763e-01
4.933584e-01
4.522855e-01
4.033621e-01
3.502005e-01
2.992861e-01
2.576158e-01
2.297124e-01
2.167136e-01
2.175100e-01
2.301960e-01
2.547146e-01
2.925733e-01
3.462468e-01
4.168444e-01
5.023466e-01
5.968370e-01
6.912137e-01
7.742697e-01
8.348266e-01
8.639816e-01
8.572404e-01
8.161390e-01
7.491538e-01
6.702221e-01
5.954433e-01
5.383281e-01
5.051910e-01
4.935290e-01
4.938419e-01
4.943539e-01
4.865887e-01
4.687829e-01
4.454874e-01
4.243252e-01
4.112126e-01
4.072304e-01
4.079700e-01
4.063202e-01
3.960520e-01
3.754018e-01
3.489774e-01
3.278152e-01
3.269050e-01
3.602128e-01
4.352476e-01
5.477145e-01
6.792388e-01
8.009500e-01
8.832665e-01
9.075860e-01
8.758711e-01
8.117871e-01
7.512302e-01
7.266547e-01
7.522257e-01
8.174759e-01
8.941036e-01
9.509344e-01
9.694798e-01
9.517308e-01
9.153796e-01
8.818443e-01
8.625594e-01
8.534005e-01
8.387803e-01
8.024860e-01
7.379185e-01
6.525016e-01
5.634440e-01
4.893193e-01
4.417897e-01
4.214523e-01
4.208835e-01
4.289331e-01
4.360156e-01
4.365845e-01
4.289900e-01
4.142561e-01
3.949142e-01
3.741218e-01
3.557471e-01
3.431749e-01
3.387946e-01
3.434593e-01
3.562591e-01
3.756862e-01
4.000626e-01
4.283073e-01
4.596809e-01
4.930739e-01
5.262963e-01
5.566175e-01
5.810507e-01
5.975481e-01
6.053418e-01
6.052564e-01
5.993685e-01
5.904372e-01
5.816480e-01
5.764428e-01
5.783770e-01
5.915465e-01
6.198197e-01
6.655858e-01
7.279916e-01
8.007794e-01
8.724009e-01
9.279233e-01
9.543476e-01
9.453025e-01
9.051967e-01
8.484512e-01
7.942942e-01
7.591376e-01
7.507467e-01
7.657366e-01
7.929857e-01
8.194670e-01
8.365048e-01
8.419092e-01
8.382115e-01
8.281708e-01
8.110191e-01
7.819495e-01
7.347043e-01
6.662400e-01
5.799130e-01
4.856501e-01
3.965924e-01
3.238046e-01
2.722644e-01
2.389851e-01
2.148079e-01
1.884404e-01
1.512643e-01
1.008618e-01
4.235287e-02
-1.339705e-02
-5.398640e-02
-6.997184e-02
-5.848053e-02
-2.392127e-02
2.474614e-02
7.770856e-02
1.279688e-01
1.726541e-01
2.109111e-01
2.420002e-01
2.633330e-01
2.721222e-01
2.693063e-01
2.615980e-01
2.619109e-01
2.844099e-01
3.376284e-01
4.196035e-01
5.175072e-01
6.129647e-01
6.897631e-01
7.397958e-01
7.639161e-01
7.677561e-01
7.561794e-01
7.306937e-01
6.901328e-01
6.360895e-01
5.771824e-01
5.285149e-01
5.061581e-01
5.193845e-01
5.639560e-01
6.218961e-01
6.680035e-01
6.805188e-01
6.506528e-01
5.861706e-01
5.079501e-01
4.406804e-01
4.020252e-01
3.951987e-01
4.081691e-01
4.195182e-01
4.079415e-01
3.613505e-01
2.825326e-01
1.888102e-01
1.066075e-01
6.385642e-02
8.100805e-02
1.657138e-01
3.094405e-01
4.891487e-01
6.720994e-01
8.231078e-01
9.136730e-01
9.298291e-01
8.759849e-01
7.732742e-01
6.527576e-01
5.446710e-01
4.695224e-01
4.327445e-01
4.264869e-01
4.353614e-01
4.442927e-01
4.435248e-01
4.299570e-01
4.050971e-01
3.719032e-01
3.329636e-01
2.909236e-01
2.495378e-01
2.140683e-01
1.905453e-01
1.826094e-01
1.900048e-01
2.082942e-01
2.315613e-01
2.549990e-01
2.770999e-01
2.982905e-01
3.187985e-01
3.355804e-01
3.419518e-01
3.300907e-01
2.952186e-01
2.386154e-01
1.682453e-01
9.625395e-02
3.413261e-02
-1.055266e-02
-3.527036e-02
-4.155645e-02
-3.208465e-02
-9.244247e-03
2.483147e-02
6.741190e-02
1.129220e-01
1.529425e-01
1.768638e-01
1.737065e-01
1.344540e-01
5.441306e-02
-6.468129e-02
-2.145234e-01
-3.803510e-01
0.000000e+00
0.000000e+00
0.000000e+00
0.000000e+00
0.000000e+00
0.000000e+00
0.000000e+00
0.000000e+00
0.000000e+00
0.000000e+00
0.000000e+00
0.000000e+00
0.000000e+00
0.000000e+00
0.000000e+00
0.000000e+00
0.000000e+00
0.000000e+00
0.000000e+00
0.000000e+00
0.000000e+00
0.000000e+00
0.000000e+00
0.000000e+00
0.000000e+00
0.000000e+00
0.000000e+00
0.000000e+00
0.000000e+00
0.000000e+00
0.000000e+00
0.000000e+00
0.000000e+00
0.000000e+00
0.000000e+00
0.000000e+00
0.000000e+00
0.000000e+00
0.000000e+00
0.000000e+00
0.000000e+00
0.000000e+00
0.000000e+00
0.000000e+00
0.000000e+00
0.000000e+00
0.000000e+00
0.000000e+00
0.000000e+00
0.000000e+00
0.000000e+00
0.000000e+00
0.000000e+00
0.000000e+00
0.000000e+00
0.000000e+00
0.000000e+00
0.000000e+00
0.000000e+00
0.000000e+00
0.000000e+00
0.000000e+00
0.000000e+00
0.000000e+00
0.000000e+00
0.000000e+00
0.000000e+00
0.000000e+00
0.000000e+00
0.000000e+00
0.000000e+00
0.000000e+00
0.000000e+00
0.000000e+00
0.000000e+00
0.000000e+00
0.000000e+00
0.000000e+00
0.000000e+00
0.000000e+00
9.669281e-01
9.271101e-01
8.352369e-01
7.499216e-01
7.110762e-01
7.096956e-01
7.016316e-01
6.492626e-01
5.514591e-01
4.384688e-01
3.429558e-01
2.774710e-01
2.355193e-01
2.075933e-01
1.910574e-01
1.862880e-01
1.873549e-01
1.816442e-01
1.597113e-01
1.244430e-01
8.889238e-02
6.645748e-02
6.184500e-02
7.285849e-02
9.557578e-02
1.278946e-01
1.663947e-01
2.026985e-01
2.264512e-01
2.329777e-01
2.296831e-01
2.335111e-01
2.605899e-01
3.155632e-01
3.870097e-01
4.524631e-01
4.883276e-01
4.793850e-01
4.239410e-01
3.339190e-01
2.303106e-01
1.380609e-01
7.891434e-02
6.495136e-02
9.187324e-02
1.387826e-01
1.767179e-01
1.840602e-01
1.595858e-01
1.217132e-01
9.366175e-02
8.540948e-02
8.795105e-02
8.418575e-02
6.601820e-02
4.119862e-02
2.390963e-02
1.920301e-02
1.738312e-02
3.922184e-03
-2.475682e-02
-5.513022e-02
-6.598682e-02
-4.508943e-02
1.066834e-03
5.218073e-02
8.829620e-02
1.016630e-01
9.818011e-02
8.889238e-02
8.107939e-02
7.339190e-02
5.930342e-02
3.354252e-02
-1.788516e-03
-3.680577e-02
-5.801694e-02
-5.528710e-02
-2.893003e-02
9.193599e-03
4.053969e-02
4.960778e-02
3.213053e-02
-4.267336e-03
-4.515218e-02
-7.703169e-02
-9.096329e-02
-8.164418e-02
-4.706621e-02
1.051145e-02
8.195795e-02
1.535613e-01
2.135864e-01
2.585190e-01
2.924380e-01
3.187951e-01
3.325698e-01
3.201757e-01
2.689991e-01
1.788830e-01
6.708503e-02
-3.796674e-02
-1.072796e-01
-1.234076e-01
-8.471917e-02
-4.549733e-03
9.413241e-02
1.845623e-01
2.429871e-01
2.551930e-01
2.218701e-01
1.614057e-01
1.052400e-01
8.343270e-02
1.090367e-01
1.681205e-01
2.278946e-01
2.561657e-01
2.420458e-01
2.007217e-01
1.605899e-01
1.440226e-01
1.562598e-01
1.885472e-01
2.295890e-01
2.727016e-01
3.141826e-01
3.466897e-01
3.569501e-01
3.314088e-01
2.655789e-01
1.711013e-01
7.270160e-02
-2.761217e-03
-4.057107e-02
-4.637590e-02
-4.254785e-02
-5.575777e-02
-1.024161e-01
-1.819893e-01
-2.807029e-01
-3.802322e-01
-4.652338e-01
-5.262002e-01
-5.600879e-01
-5.698149e-01
-5.605585e-01
-5.325384e-01
-4.748980e-01
-3.689677e-01
-2.050832e-01
9.413241e-05
1.997804e-01
3.370568e-01
3.773768e-01
3.315657e-01
2.500784e-01
1.919987e-01
1.901789e-01
2.346721e-01
2.867587e-01
3.107625e-01
2.995293e-01
2.751804e-01
2.654534e-01
2.767807e-01
2.873863e-01
2.667085e-01
2.037025e-01
1.197051e-01
5.258864e-02
2.858488e-02
4.477565e-02
7.659241e-02
9.890179e-02
1.028553e-01
9.563853e-02
8.989645e-02
9.501098e-02
1.147788e-01
1.480389e-01
1.882021e-01
2.231880e-01
2.407280e-01
2.361155e-01
2.157201e-01
1.930028e-01
1.784751e-01
1.734547e-01
1.717917e-01
1.672419e-01
1.591152e-01
1.535927e-01
1.594603e-01
1.809225e-01
2.110762e-01
2.316285e-01
2.213367e-01
1.724820e-01
1.020082e-01
4.581111e-02
3.489175e-02
7.182303e-02
1.265767e-01
1.596172e-01
1.525259e-01
1.208033e-01
9.673674e-02
9.880766e-02
1.162849e-01
1.223408e-01
1.032946e-01
7.477251e-02
7.188579e-02
1.201757e-01
2.153122e-01
3.249451e-01
4.104173e-01
4.474427e-01
4.344838e-01
3.859743e-01
3.220897e-01
2.611547e-01
2.166928e-01
1.953561e-01
1.948855e-01
2.045184e-01
2.108566e-01
2.070599e-01
2.005648e-01
2.127393e-01
2.678067e-01
3.758707e-01
5.215563e-01
6.677753e-01
7.737371e-01
8.154691e-01
7.957954e-01
7.368685e-01
6.660496e-01
6.048008e-01
5.645435e-01
5.448698e-01
5.288359e-01
4.853467e-01
3.848447e-01
2.260119e-01
5.149043e-02
-6.871666e-02
-8.079699e-02
1.474741e-02
1.615940e-01
2.877000e-01
3.532476e-01
3.710386e-01
3.857546e-01
4.338563e-01
5.162535e-01
5.992469e-01
6.391277e-01
6.089426e-01
5.136806e-01
3.855036e-01
2.652024e-01
1.796046e-01
1.301851e-01
1.006903e-01
7.558833e-02
5.296517e-02
4.101035e-02
4.279887e-02
4.869783e-02
4.621901e-02
3.573894e-02
3.395042e-02
5.625981e-02
9.664261e-02
1.273612e-01
1.209602e-01
7.684343e-02
2.362724e-02
-4.204581e-03
7.907123e-03
4.741136e-02
9.240665e-02
1.327581e-01
1.753373e-01
2.297772e-01
2.906495e-01
3.339504e-01
3.308441e-01
2.677440e-01
1.586759e-01
4.079071e-02
-4.248510e-02
-6.131158e-02
-1.195482e-02
8.365234e-02
1.891748e-01
2.699718e-01
3.048008e-01
2.916222e-01
2.451208e-01
1.908692e-01
1.540634e-01
1.478193e-01
1.663320e-01
1.887355e-01
1.935676e-01
1.755256e-01
1.495764e-01
1.394415e-01
1.586131e-01
1.998745e-01
2.410104e-01
2.620960e-01
2.596172e-01
2.462190e-01
2.389081e-01
2.451836e-01
2.593034e-01
2.686539e-01
2.648259e-01
2.484154e-01
2.256668e-01
2.000941e-01
1.684970e-01
1.250078e-01
7.097584e-02
2.055224e-02
-2.918105e-03
1.951679e-02
9.118293e-02
1.961092e-01
3.063069e-01
3.938500e-01
4.396611e-01
4.379981e-01
3.967054e-01
3.344525e-01
2.743332e-01
2.346407e-01
2.196423e-01
2.208346e-01
2.265140e-01
2.341073e-01
2.529024e-01
2.949482e-01
3.596799e-01
4.288673e-01
4.754942e-01
4.786319e-01
4.338563e-01
3.524318e-01
2.541889e-01
1.615940e-01
9.519925e-02
6.758707e-02
7.561971e-02
9.573266e-02
9.428930e-02
4.828993e-02
-3.639787e-02
-1.247882e-01
-1.741136e-01
-1.617822e-01
-1.015689e-01
-3.385629e-02
-6.275494e-05
-1.738312e-02
-7.166614e-02
-1.319736e-01
-1.739567e-01
-1.943834e-01
-2.059303e-01
-2.169438e-01
-2.159398e-01
-1.745842e-01
-6.909319e-02
9.792909e-02
2.935362e-01
4.712896e-01
5.958896e-01
6.569815e-01
6.651396e-01
6.383119e-01
5.896454e-01
5.260433e-01
4.529338e-01
3.792281e-01
3.175714e-01
2.796674e-01
2.700031e-01
2.806715e-01
2.934107e-01
2.863508e-01
2.444933e-01
1.666771e-01
6.633197e-02
-3.529965e-02
-1.177283e-01
-1.690932e-01
-1.874804e-01
-1.789457e-01
-1.516473e-01
-1.104487e-01
-5.588328e-02
1.355507e-02
9.676812e-02
1.877628e-01
2.772513e-01
3.555381e-01
4.138061e-01
4.423596e-01
4.321933e-01
3.792281e-01
2.910888e-01
1.892061e-01
1.012551e-01
4.725447e-02
2.943207e-02
3.313461e-02
3.978663e-02
4.110449e-02
4.326953e-02
5.729526e-02
8.330719e-02
1.053028e-01
1.026985e-01
7.138375e-02
3.244430e-02
1.735174e-02
3.793536e-02
6.579856e-02
4.518356e-02
-6.956385e-02
-2.785378e-01
0.000000e+00
0.000000e+00
0.000000e+00
0.000000e+00
0.000000e+00
0.000000e+00
0.000000e+00
0.000000e+00
0.000000e+00
0.000000e+00
0.000000e+00
0.000000e+00
0.000000e+00
0.000000e+00
0.000000e+00
0.000000e+00
0.000000e+00
0.000000e+00
0.000000e+00
0.000000e+00
0.000000e+00
0.000000e+00
0.000000e+00
0.000000e+00
0.000000e+00
0.000000e+00
0.000000e+00
0.000000e+00
0.000000e+00
0.000000e+00
0.000000e+00
0.000000e+00
0.000000e+00
0.000000e+00
0.000000e+00
0.000000e+00
0.000000e+00
0.000000e+00
0.000000e+00
0.000000e+00
0.000000e+00
0.000000e+00
0.000000e+00
0.000000e+00
0.000000e+00
0.000000e+00
0.000000e+00
0.000000e+00
0.000000e+00
0.000000e+00
0.000000e+00
0.000000e+00
0.000000e+00
0.000000e+00
0.000000e+00
0.000000e+00
0.000000e+00
0.000000e+00
0.000000e+00
0.000000e+00
0.000000e+00
0.000000e+00
0.000000e+00
0.000000e+00
0.000000e+00
0.000000e+00
0.000000e+00
0.000000e+00
0.000000e+00
0.000000e+00
0.000000e+00
0.000000e+00
0.000000e+00
0.000000e+00
0.000000e+00
0.000000e+00
0.000000e+00
0.000000e+00
0.000000e+00
0.000000e+00
0.000000e+00
0.000000e+00
0.000000e+00
0.000000e+00
0.000000e+00
1.000000e+00
9.939195e-01
9.758527e-01
9.468479e-01
9.085826e-01
8.632933e-01
8.144395e-01
7.655507e-01
7.207157e-01
6.837783e-01
6.580584e-01
6.464216e-01
6.505102e-01
6.704990e-01
7.046058e-01
7.480081e-01
7.934372e-01
8.308289e-01
8.493151e-01
8.391110e-01
7.941012e-01
7.139363e-01
6.049063e-01
4.792424e-01
3.527048e-01
2.418577e-01
1.599105e-01
1.146911e-01
1.072477e-01
1.324783e-01
1.813671e-01
2.427663e-01
3.063671e-01
3.640621e-01
4.102600e-01
4.422351e-01
4.595681e-01
4.632024e-01
4.563181e-01
4.432485e-01
4.302488e-01
4.242731e-01
4.316466e-01
4.571219e-01
5.011532e-01
5.595122e-01
6.233226e-01
6.798644e-01
7.161029e-01
7.215544e-01
6.909421e-01
6.258736e-01
5.344912e-01
4.290956e-01
3.231060e-01
2.279145e-01
1.499511e-01
9.127761e-02
5.004193e-02
2.351831e-02
1.048365e-02
1.331423e-02
3.683254e-02
8.694437e-02
1.669346e-01
2.748812e-01
4.021177e-01
5.341417e-01
6.535505e-01
7.443039e-01
7.954291e-01
8.043053e-01
7.759645e-01
7.214845e-01
6.542494e-01
5.863503e-01
5.257548e-01
4.756081e-01
4.349315e-01
4.004403e-01
3.693388e-01
3.406486e-01
3.153131e-01
2.958135e-01
2.848057e-01
2.830584e-01
2.894884e-01
3.010903e-01
3.137056e-01
3.239446e-01
3.301300e-01
3.333450e-01
3.370143e-01
3.459254e-01
3.646212e-01
3.957926e-01
4.386008e-01
4.889572e-01
5.397330e-01
5.826111e-01
6.103229e-01
6.181507e-01
6.055703e-01
5.762510e-01
5.369374e-01
4.953523e-01
4.582751e-01
4.296547e-01
4.098057e-01
3.961770e-01
3.848546e-01
3.718549e-01
3.555004e-01
3.363852e-01
3.172701e-01
3.016494e-01
2.922840e-01
2.895233e-01
2.909911e-01
2.920394e-01
2.869374e-01
2.711770e-01
2.422072e-01
2.007618e-01
1.511742e-01
1.000140e-01
5.524881e-02
2.428711e-02
1.292983e-02
2.425217e-02
5.783478e-02
1.101831e-01
1.749371e-01
2.438146e-01
3.080095e-01
3.597987e-01
3.939055e-01
4.084079e-01
4.051230e-01
3.891879e-01
3.676265e-01
3.473931e-01
3.339041e-01
3.298155e-01
3.346729e-01
3.460651e-01
3.603928e-01
3.745108e-01
3.874755e-01
3.993570e-01
4.120422e-01
4.274532e-01
4.462888e-01
4.677803e-01
4.895164e-01
5.082122e-01
5.210372e-01
5.264537e-01
5.252656e-01
5.193947e-01
5.119164e-01
5.053117e-01
5.006640e-01
4.975888e-01
4.942340e-01
4.883981e-01
4.786833e-01
4.650545e-01
4.491893e-01
4.339530e-01
4.223861e-01
4.172840e-01
4.202195e-01
4.316816e-01
4.510064e-01
4.771457e-01
5.086315e-01
5.438915e-01
5.804445e-01
6.153550e-01
6.449539e-01
6.655717e-01
6.742032e-01
6.701146e-01
6.545289e-01
6.313251e-01
6.055354e-01
5.817025e-01
5.624825e-01
5.477705e-01
5.350154e-01
5.201635e-01
5.000000e-01
4.734764e-01
4.431786e-01
4.149077e-01
3.959323e-01
3.932765e-01
4.110637e-01
4.492592e-01
5.032499e-01
5.645793e-01
6.228683e-01
6.679480e-01
6.916410e-01
6.893696e-01
6.611336e-01
6.107422e-01
5.459533e-01
4.764467e-01
4.122519e-01
3.614062e-01
3.287671e-01
3.141949e-01
3.129368e-01
3.172701e-01
3.182136e-01
3.088482e-01
2.860288e-01
2.514328e-01
2.113503e-01
1.739237e-01
1.472603e-01
1.362874e-01
1.417389e-01
1.605745e-01
1.867487e-01
2.138314e-01
2.370352e-01
2.536693e-01
2.638035e-01
2.691851e-01
2.720855e-01
2.748113e-01
2.787951e-01
2.853998e-01
2.956388e-01
3.104906e-01
3.304445e-01
3.544171e-01
3.792284e-01
3.998113e-01
4.094562e-01
4.022225e-01
3.748952e-01
3.284177e-01
2.689055e-01
2.065278e-01
1.529564e-01
1.187448e-01
1.097288e-01
1.256290e-01
1.600853e-01
2.021247e-01
2.396911e-01
2.626503e-01
2.657255e-01
2.503145e-01
2.233715e-01
1.960791e-01
1.800042e-01
1.840229e-01
2.114901e-01
2.590159e-01
3.168507e-01
3.709463e-01
4.059966e-01
4.093864e-01
3.737070e-01
2.985742e-01
1.910470e-01
6.314649e-02
0.000000e+00
0.000000e+00
0.000000e+00
0.000000e+00
0.000000e+00
0.000000e+00
0.000000e+00
0.000000e+00
0.000000e+00
0.000000e+00
0.000000e+00
0.000000e+00
0.000000e+00
0.000000e+00
0.000000e+00
0.000000e+00
0.000000e+00
0.000000e+00
0.000000e+00
0.000000e+00
0.000000e+00
0.000000e+00
0.000000e+00
0.000000e+00
0.000000e+00
0.000000e+00
0.000000e+00
0.000000e+00
0.000000e+00
0.000000e+00
0.000000e+00
0.000000e+00
0.000000e+00
0.000000e+00
0.000000e+00
0.000000e+00
0.000000e+00
0.000000e+00
0.000000e+00
0.000000e+00
0.000000e+00
0.000000e+00
0.000000e+00
0.000000e+00
0.000000e+00
0.000000e+00
0.000000e+00
0.000000e+00
0.000000e+00
0.000000e+00
0.000000e+00
0.000000e+00
0.000000e+00
0.000000e+00
0.000000e+00
0.000000e+00
0.000000e+00
0.000000e+00
0.000000e+00
0.000000e+00
0.000000e+00
0.000000e+00
0.000000e+00
0.000000e+00
0.000000e+00
0.000000e+00
0.000000e+00
0.000000e+00
0.000000e+00
0.000000e+00
0.000000e+00
0.000000e+00
0.000000e+00
0.000000e+00
0.000000e+00
0.000000e+00
0.000000e+00
0.000000e+00
9.541716e-01
9.632459e-01
9.842995e-01
1.000000e+00
9.885102e-01
9.315838e-01
8.224964e-01
6.698982e-01
4.946142e-01
3.219089e-01
1.720198e-01
5.496801e-02
-2.764721e-02
-7.729469e-02
-9.390913e-02
-7.644601e-02
-2.816947e-02
3.681943e-02
9.501893e-02
1.215237e-01
1.031793e-01
4.690560e-02
-2.160857e-02
-7.040736e-02
-7.811072e-02
-4.481656e-02
8.878444e-03
5.470688e-02
7.207207e-02
5.787309e-02
2.444836e-02
-1.031466e-02
-3.440397e-02
-4.540410e-02
-4.687296e-02
-4.161770e-02
-2.689646e-02
3.003003e-03
5.121426e-02
1.140162e-01
1.813879e-01
2.426883e-01
2.918136e-01
3.290247e-01
3.583692e-01
3.835684e-01
4.053075e-01
4.214976e-01
4.293315e-01
4.264917e-01
4.123254e-01
3.885298e-01
3.607847e-01
3.397310e-01
3.390782e-01
3.698590e-01
4.334117e-01
5.175610e-01
5.989359e-01
6.508683e-01
6.543282e-01
6.041911e-01
5.100209e-01
3.920877e-01
2.743178e-01
1.786787e-01
1.199243e-01
1.023632e-01
1.184228e-01
1.510967e-01
1.808004e-01
1.957827e-01
1.995691e-01
2.112547e-01
2.552226e-01
3.469121e-01
4.802520e-01
6.267137e-01
7.457893e-01
8.023241e-01
7.814010e-01
6.935958e-01
5.688406e-01
4.437916e-01
3.482178e-01
2.962854e-01
2.849915e-01
2.983418e-01
3.152174e-01
3.175349e-01
2.964160e-01
2.541454e-01
2.012991e-01
1.505418e-01
1.116007e-01
8.884972e-02
8.356182e-02
9.717326e-02
1.320668e-01
1.878183e-01
2.556796e-01
3.171432e-01
3.490338e-01
3.353245e-01
2.776146e-01
1.980676e-01
1.308918e-01
1.059211e-01
1.342212e-01
2.032576e-01
2.840449e-01
3.452148e-01
3.675415e-01
3.491970e-01
3.040214e-01
2.524807e-01
2.129521e-01
1.953584e-01
1.998629e-01
2.181421e-01
2.382818e-01
2.495430e-01
2.471276e-01
2.340057e-01
2.187949e-01
2.103408e-01
2.119728e-01
2.193171e-01
2.233973e-01
2.169670e-01
1.990795e-01
1.745332e-01
1.476694e-01
1.167581e-01
7.432432e-02
1.553728e-02
-5.154067e-02
-1.022653e-01
-1.045176e-01
-3.600339e-02
1.006659e-01
2.768312e-01
4.511686e-01
5.895678e-01
6.777974e-01
7.200679e-01
7.270205e-01
7.041716e-01
6.503786e-01
5.655438e-01
4.590351e-01
3.508944e-01
2.623711e-01
2.048244e-01
1.757410e-01
1.640880e-01
1.604975e-01
1.637616e-01
1.777321e-01
2.035840e-01
2.342995e-01
2.570505e-01
2.612939e-01
2.473561e-01
2.271184e-01
2.186643e-01
2.383470e-01
2.947839e-01
3.868325e-01
5.039170e-01
6.264525e-01
7.283262e-01
7.830330e-01
7.741872e-01
7.047591e-01
5.987727e-01
4.914806e-01
4.110524e-01
3.640488e-01
3.327131e-01
2.884515e-01
2.129521e-01
1.132328e-01
2.049876e-02
-2.676590e-02
-5.418462e-03
7.807808e-02
1.899073e-01
2.857096e-01
3.323541e-01
3.211581e-01
2.690625e-01
2.068482e-01
1.643165e-01
1.586043e-01
1.907886e-01
2.490860e-01
3.156744e-01
3.733190e-01
4.113135e-01
4.290377e-01
4.364147e-01
4.511033e-01
4.916112e-01
5.678287e-01
6.738804e-01
7.873090e-01
8.765178e-01
9.136637e-01
8.880402e-01
8.117901e-01
7.150085e-01
6.309244e-01
5.809832e-01
5.649563e-01
5.644340e-01
5.541846e-01
5.173978e-01
4.541389e-01
3.799452e-01
3.167515e-01
2.815968e-01
2.797689e-01
3.046742e-01
3.427340e-01
3.794229e-01
4.040345e-01
4.112156e-01
4.012273e-01
3.783784e-01
3.489359e-01
3.192649e-01
2.944249e-01
2.787570e-01
2.780389e-01
2.994843e-01
3.510249e-01
4.352396e-01
5.443596e-01
6.577229e-01
7.461157e-01
7.810419e-01
7.462136e-01
6.433608e-01
4.927863e-01
3.264787e-01
1.791683e-01
7.928581e-02
4.295600e-02
7.004831e-02
1.430017e-01
2.313292e-01
3.006594e-01
3.261196e-01
3.030748e-01
2.497389e-01
1.975127e-01
1.742068e-01
1.887975e-01
2.275754e-01
2.644275e-01
2.770923e-01
2.604126e-01
2.274122e-01
1.988837e-01
1.902664e-01
2.034535e-01
2.282609e-01
2.507508e-01
2.607390e-01
2.553205e-01
2.383144e-01
2.167711e-01
1.979697e-01
1.876877e-01
1.881120e-01
1.968273e-01
2.075010e-01
2.130500e-01
2.105040e-01
2.030618e-01
1.985573e-01
2.041389e-01
2.219285e-01
2.474866e-01
2.736976e-01
2.954367e-01
3.134221e-01
3.324520e-01
3.576511e-01
3.906189e-01
4.279606e-01
4.635396e-01
4.913500e-01
5.075075e-01
5.105758e-01
5.002285e-01
4.769879e-01
4.427145e-01
4.019128e-01
3.618619e-01
3.310811e-01
3.151521e-01
3.138791e-01
3.207991e-01
3.268051e-01
3.257605e-01
3.182530e-01
3.116268e-01
3.157070e-01
3.373156e-01
3.764852e-01
4.264264e-01
4.766288e-01
5.164512e-01
5.377334e-01
5.366562e-01
5.142643e-01
4.758128e-01
4.296579e-01
3.842538e-01
3.457370e-01
3.168495e-01
2.977543e-01
2.873743e-01
2.840123e-01
2.845345e-01
2.836532e-01
2.758846e-01
2.590090e-01
2.367803e-01
2.181421e-01
2.121360e-01
2.220917e-01
2.433738e-01
2.673325e-01
2.869826e-01
3.005941e-01
3.112678e-01
3.217783e-01
3.322562e-01
3.411999e-01
3.502742e-01
3.662358e-01
3.971471e-01
4.445750e-01
4.970949e-01
5.326740e-01
5.302585e-01
4.829286e-01
4.055360e-01
3.283066e-01
2.814662e-01
2.783327e-01
3.076446e-01
3.403186e-01
3.445293e-01
3.028463e-01
2.205575e-01
1.238412e-01
4.857031e-02
2.653741e-02
7.380206e-02
1.835749e-01
3.281107e-01
4.677177e-01
5.658702e-01
6.037995e-01
5.883275e-01
5.462528e-01
5.090743e-01
4.946468e-01
4.989228e-01
5.017626e-01
4.834508e-01
4.387975e-01
3.799125e-01
3.256626e-01
2.871785e-01
2.607716e-01
2.346259e-01
2.015276e-01
1.675480e-01
1.484202e-01
1.559277e-01
1.860883e-01
2.198720e-01
2.364865e-01
2.296318e-01
2.143883e-01
2.172607e-01
2.574096e-01
3.319298e-01
4.159159e-01
4.764982e-01
4.919049e-01
4.612874e-01
4.011947e-01
3.333007e-01
2.732733e-01
2.277060e-01
1.976107e-01
1.841298e-01
1.878183e-01
2.061300e-01
2.305784e-01
2.493145e-01
2.544392e-01
2.473561e-01
2.380859e-01
2.384776e-01
2.543739e-01
2.821844e-01
3.126387e-01
3.367280e-01
3.505027e-01
3.544849e-01
3.505027e-01
3.404165e-01
3.259890e-01
3.110719e-01
3.021282e-01
3.053923e-01
3.230840e-01
3.506332e-01
3.783131e-01
3.948296e-01
3.928385e-01
3.718501e-01
3.390456e-01
3.065022e-01
2.861340e-01
2.846977e-01
2.999739e-01
3.216477e-01
3.359446e-01
3.322562e-01
3.084933e-01
2.719350e-01
2.361274e-01
2.154655e-01
2.218305e-01
2.616203e-01
3.338230e-01
4.284175e-01
5.253950e-01
5.980872e-01
6.222418e-01
5.871524e-01
5.022849e-01
3.946664e-01
2.958937e-01
2.264003e-01
1.871654e-01
1.635005e-01
1.392806e-01
1.119598e-01
9.632459e-02
1.163664e-01
1.892871e-01
3.113657e-01
4.565544e-01
5.870544e-01
6.697676e-01
6.886343e-01
6.479958e-01
5.676002e-01
4.720264e-01
3.823933e-01
3.118880e-01
2.643622e-01
2.363559e-01
2.199373e-01
2.065544e-01
1.916373e-01
1.766223e-01
1.684946e-01
1.764917e-01
2.068155e-01
2.595639e-01
3.275558e-01
3.974736e-01
4.520499e-01
4.738869e-01
4.503525e-01
3.797493e-01
2.762763e-01
1.693106e-01
9.524742e-02
8.356182e-02
1.447970e-01
2.655699e-01
4.158506e-01
5.613984e-01
6.762306e-01
7.475845e-01
7.731753e-01
7.550268e-01
6.958154e-01
5.990665e-01
4.727445e-01
3.308852e-01
1.918005e-01
7.311659e-02
-1.220786e-02
-5.875441e-02
-6.786134e-02
-4.664447e-02
-5.679593e-03
4.302128e-02
8.992688e-02
1.317404e-01
1.727706e-01
2.215694e-01
2.845998e-01
3.589241e-01
4.308330e-01
4.813292e-01
4.959525e-01
4.725813e-01
4.227380e-01
3.652892e-01
3.173064e-01
2.877987e-01
2.775493e-01
2.831636e-01
3.012143e-01
3.292532e-01
3.645711e-01
4.024350e-01
4.377203e-01
4.678809e-01
4.955934e-01
5.272555e-01
5.681878e-01
6.174435e-01
6.661118e-01
6.991448e-01
7.013970e-01
6.635657e-01
5.852265e-01
4.753884e-01
3.495561e-01
2.257475e-01
1.193041e-01
4.011620e-02
-9.498629e-03
-3.290247e-02
-3.574226e-02
-2.320799e-02
8.486748e-04
3.329416e-02
6.936284e-02
1.026896e-01
1.266484e-01
1.363102e-01
1.304674e-01
1.125473e-01
9.009009e-02
7.380206e-02
7.507508e-02
1.015472e-01
1.530552e-01
2.195130e-01
2.840449e-01
3.314728e-01
3.557906e-01
3.632654e-01
3.672150e-01
3.782152e-01
3.967555e-01
4.129129e-01
4.145450e-01
3.962985e-01
3.639835e-01
3.314728e-01
3.122144e-01
3.118880e-01
3.264460e-01
3.449536e-01
3.550725e-01
3.470101e-01
3.154785e-01
2.599230e-01
1.851090e-01
1.004700e-01
1.844236e-02
-4.768899e-02
-8.790312e-02
-9.798929e-02
-8.013448e-02
-4.191148e-02
6.201854e-03
5.395613e-02
9.465988e-02
1.264852e-01
1.523698e-01
1.768834e-01
2.032576e-01
2.314597e-01
2.583235e-01
2.804217e-01
2.957632e-01
3.045763e-01
3.070897e-01
3.024546e-01
2.888758e-01
2.662554e-01
2.376942e-01
2.093289e-01
1.873286e-01
1.746312e-01
1.701593e-01
1.703551e-01
1.722483e-01
1.748923e-01
1.783196e-01
1.825630e-01
1.868717e-01
1.913109e-01
1.981656e-01
2.116791e-01
2.348218e-01
2.656026e-01
2.962528e-01
3.158702e-01
3.165883e-01
2.981786e-01
2.691278e-01
2.422640e-01
2.286852e-01
2.325695e-01
2.499347e-01
2.717718e-01
2.878966e-01
2.916177e-01
2.810419e-01
2.587479e-01
2.299582e-01
2.013644e-01
1.789072e-01
1.669604e-01
1.672542e-01
1.782543e-01
1.959786e-01
2.155307e-01
2.328959e-01
2.465727e-01
2.574096e-01
2.674631e-01
2.786265e-01
2.923358e-01
3.102233e-01
3.339535e-01
3.637224e-01
3.952866e-01
4.187557e-01
4.212365e-01
3.941441e-01
3.409714e-01
2.806502e-01
2.417091e-01
2.494451e-01
3.131610e-01
4.202572e-01
5.409975e-01
6.424142e-01
7.011686e-01
7.100470e-01
6.756104e-01
6.105888e-01
5.276146e-01
4.365452e-01
3.464225e-01
2.670388e-01
2.078600e-01
1.749249e-01
1.677112e-01
1.801149e-01
2.038451e-01
2.336140e-01
2.679854e-01
3.078078e-01
3.519389e-01
3.938177e-01
4.238804e-01
4.335749e-01
4.208448e-01
3.916308e-01
3.576511e-01
3.311464e-01
3.196893e-01
3.240306e-01
3.395025e-01
3.590221e-01
3.762893e-01
3.872242e-01
3.901293e-01
3.846455e-01
3.715237e-01
3.530487e-01
3.336924e-01
3.202115e-01
3.202768e-01
3.391761e-01
3.771054e-01
4.277974e-01
4.809701e-01
5.272555e-01
5.626061e-01
5.897310e-01
6.149628e-01
6.426100e-01
6.695065e-01
6.854028e-01
6.785481e-01
6.446011e-01
5.927993e-01
5.452409e-01
5.273534e-01
5.545110e-01
6.210014e-01
7.002872e-01
7.562998e-01
7.620773e-01
7.152370e-01
6.395417e-01
5.723658e-01
5.423032e-01
5.531727e-01
5.834639e-01
6.029181e-01
5.942029e-01
5.657397e-01
5.447186e-01
5.553597e-01
5.980219e-01
6.438504e-01
6.510967e-01
5.929625e-01
4.781956e-01
3.506659e-01
2.669735e-01
2.659290e-01
3.484136e-01
4.799256e-01
6.109153e-01
7.029312e-01
7.420682e-01
7.352461e-01
6.939222e-01
6.187492e-01
4.974213e-01
3.156417e-01
7.386735e-02
0.000000e+00
0.000000e+00
0.000000e+00
0.000000e+00
0.000000e+00
0.000000e+00
0.000000e+00
0.000000e+00
0.000000e+00
0.000000e+00
0.000000e+00
0.000000e+00
0.000000e+00
0.000000e+00
0.000000e+00
0.000000e+00
0.000000e+00
0.000000e+00
0.000000e+00
0.000000e+00
0.000000e+00
0.000000e+00
0.000000e+00
0.000000e+00
0.000000e+00
0.000000e+00
0.000000e+00
0.000000e+00
0.000000e+00
0.000000e+00
