1.040000e-01 -1
0.192000 1
0.280000 1
0.336000 1
0.376000 1
0.436000 1
0.476000 1
0.508000 1
0.568000 1
0.624000 1
0.652000 1
0.704000 1
0.832000 1
0.876000 1
0.936000 1
0.988000 1
1.060000 1
1.124000 1
1.156000 1
1.212000 1
1.252000 1
1.264000 1
1.820000e+00 -1
1.872000 1
1.976000 1
2.056000 2
2.120000 1
2.196000 1
2.260000 1
2.328000 1
2.380000 1
2.436000 2
2.492000 1
2.584000 1
2.636000 1
2.732000 1
2.856000 1
2.920000 1
2.972000 1
3.056000 1
3.132000 1
3.256000 1
3.332000 1
3.420000 1
3.480000 1
3.536000 1
3.588000 1
3.696000 1
3.748000 1
3.796000 1
3.860000 1
3.924000 1
3.972000 1
4.388000e+00 -1
4.400000 1
4.448000 1
4.500000 2
4.576000 1
4.632000 2
4.696000 1
4.736000 2
4.764000 2
4.856000 1
4.936000 1
4.992000 1
5.060000 1
5.132000 2
5.160000 1
5.196000 1
5.260000 1
5.316000 1
5.364000 1
5.448000 1
5.524000 1
5.612000 1
5.664000 1
5.680000 1
5.752000 1
5.784000 1
5.936000e+00 -1
