
1.000000e+00
1.000000e+00
1.000000e+00
1.000000e+00
1.000000e+00
1.000000e+00
1.000000e+00
1.000000e+00
1.000000e+00
1.000000e+00
1.000000e+00
1.000000e+00
1.000000e+00
1.000000e+00
1.000000e+00
1.000000e+00
1.000000e+00
1.000000e+00
1.000000e+00
1.000000e+00
1.000000e+00
1.000000e+00
2.935764e-03
4.306741e-04
2.857967e-04
4.682986e-03
1.514465e-02
1.983344e-03
1.696108e-03
3.455882e-04
1.872712e-04
1.633889e-03
4.160022e-04
3.357073e-04
4.508867e-04
3.955901e-04
3.190241e-04
6.474277e-04
1.112991e-03
6.844134e-04
1.257600e-03
8.546558e-04
1.143961e-03
4.164744e-04
4.089358e-04
1.293480e-04
2.300354e-04
9.909418e-05
2.045931e-04
2.036853e-04
5.024896e-04
2.030128e-03
4.765837e-04
2.974115e-04
5.445694e-04
1.887335e-04
1.146949e-04
9.256091e-05
2.153710e-04
6.317957e-04
8.721658e-05
4.702453e-05
1.562873e-05
6.464247e-04
2.371358e-04
8.797536e-04
3.419869e-04
2.722873e-04
1.169317e-04
4.649539e-04
9.881052e-04
3.853590e-04
1.671786e-03
1.129918e-03
4.030046e-04
1.421616e-04
1.146424e-04
3.639773e-05
1.241777e-05
1.403193e-05
8.390247e-05
7.983697e-05
9.028044e-05
9.892766e-04
7.413776e-04
2.863004e-04
1.968715e-04
7.693651e-05
1.261419e-05
8.838307e-05
3.674362e-04
2.806789e-04
8.844720e-05
1.492882e-04
1.703110e-04
6.568880e-04
7.055456e-04
5.830749e-04
2.920913e-05
2.103286e-04
2.250343e-05
1.653227e-04
4.536106e-04
6.388698e-05
5.610053e-04
9.810556e-05
3.254846e-04
2.311284e-04
9.381177e-04
5.568758e-04
7.110706e-05
9.308013e-05
1.138930e-04
1.435951e-04
1.894389e-04
7.483393e-05
1.634829e-04
1.231548e-04
1.498409e-04
6.913106e-04
3.369606e-05
7.887387e-04
8.589692e-06
2.507310e-03
4.851456e-04
2.695057e-03
2.626963e-04
1.219356e-03
9.124878e-04
1.602172e-03
1.476210e-03
5.130754e-04
9.824005e-05
1.050627e-04
2.835767e-04
2.807689e-03
1.085224e-03
4.367024e-04
2.617356e-04
1.863075e-04
4.326677e-05
1.476726e-05
1.339588e-04
1.146236e-03
3.906194e-04
1.189847e-04
8.074667e-04
2.065847e-04
5.064473e-04
8.593541e-06
1.287787e-04
5.777035e-04
3.443271e-03
2.570304e-01
3.189044e-03
7.997792e-04
1.419151e-03
2.148666e-03
8.065472e-03
1.175027e-03
5.557784e-04
2.513121e-03
1.372294e-04
1.699815e-03
3.569068e-04
1.845399e-04
4.292081e-04
2.252175e-03
2.983367e-04
2.604698e-05
1.442979e-03
1.214655e-04
3.113148e-04
6.158059e-04
1.201122e-03
8.952519e-04
1.538300e-04
8.636228e-04
1.768883e-04
2.294331e-03
5.558441e-04
7.691774e-04
1.357753e-03
2.143524e-04
1.621148e-04
3.966920e-04
8.224635e-04
2.494907e-04
1.788653e-03
2.300628e-03
8.237335e-05
4.464684e-03
1.718264e-04
3.175096e-03
1.900026e-03
3.280391e-03
4.550125e-03
7.981021e-04
3.466008e-05
2.170764e-04
9.232622e-04
8.893818e-04
1.161614e-04
2.333818e-03
6.075412e-04
1.515359e-04
8.049346e-02
2.613096e-02
1.865951e-03
5.542931e-03
9.424561e-02
2.305570e-04
9.679335e-03
3.300457e-02
2.264829e-03
1.160443e-03
1.677375e-04
2.670531e-04
1.571470e-04
1.564117e-03
2.818882e-03
2.841047e-03
7.305138e-03
3.717849e-02
5.921283e-03
9.876511e-04
1.041887e-03
9.846714e-05
4.258583e-04
1.145889e-04
1.087115e-03
1.057861e-04
5.672183e-04
3.298147e-04
5.994825e-04
1.175618e-04
1.988094e-04
2.664667e-04
1.431364e-03
3.391754e-04
1.558350e-04
4.429346e-04
3.385888e-04
3.704978e-04
3.621938e-04
6.412695e-04
3.995001e-04
2.164499e-03
1.565344e-03
8.428521e-04
5.257137e-03
2.720102e-03
4.282710e-03
1.553209e-03
4.617730e-04
1.459394e-03
3.209149e-04
1.068400e-03
4.965129e-02
3.512136e-02
2.858883e-03
5.261277e-03
7.317250e-03
3.093257e-03
2.435005e-03
2.656910e-03
4.541061e-04
5.584409e-04
9.351027e-04
3.061030e-04
9.689974e-04
2.607635e-03
2.807797e-03
7.979120e-03
1.606257e-02
6.344808e-03
3.165802e-03
1.930353e-03
7.517985e-05
2.131814e-03
8.649095e-05
6.068416e-04
5.780260e-05
7.735158e-05
1.181271e-03
1.460013e-03
6.289229e-04
1.063306e-03
3.028649e-03
1.784272e-04
1.236970e-03
2.115548e-03
5.034125e-05
2.074810e-03
9.264247e-04
1.081916e-03
8.800431e-04
9.886174e-05
8.854552e-04
1.961691e-03
5.094064e-04
5.527680e-04
1.687743e-03
5.561739e-03
3.565273e-04
1.205523e-04
2.992605e-03
2.829884e-03
2.898454e-03
3.010927e-03
3.446507e-03
9.917162e-05
3.795298e-03
7.711714e-04
2.977000e-04
7.803040e-04
6.920365e-03
2.668440e-03
1.390253e-03
6.967222e-03
9.607221e-04
6.774809e-04
1.861439e-03
6.189301e-04
1.016927e-04
1.390265e-03
5.733627e-04
3.077834e-03
3.867436e-03
2.592553e-03
1.197888e-04
4.520747e-03
1.922723e-03
6.664321e-04
4.785963e-04
9.328832e-04
2.279852e-04
8.368285e-04
9.588914e-04
7.360536e-05
1.129688e-03
3.349066e-03
6.668160e-04
9.579162e-03
1.061861e-02
6.951548e-04
1.725653e-02
2.634826e-02
1.585779e-03
4.664345e-04
2.506656e-04
8.990778e-04
2.362751e-04
4.961411e-04
5.768338e-04
4.293551e-04
2.953121e-04
3.125604e-03
7.484207e-04
1.741082e-05
6.260081e-04
3.295188e-02
5.928275e-02
9.290974e-03
1.216859e-02
7.110465e-02
2.172296e-02
4.772883e-04
3.216941e-05
1.791169e-04
5.216860e-02
1.108415e-01
3.954473e-04
4.653751e-03
4.253521e-02
4.208914e-02
4.251880e-03
3.165880e-03
8.203498e-03
3.031460e-03
3.167199e-03
1.298236e-03
7.100410e-03
2.031876e-03
4.282305e-03
7.987776e-03
1.266958e-03
1.218287e-04
1.344056e-04
5.784380e-04
6.539887e-06
1.302648e-04
4.162366e-04
4.152271e-05
1.360712e-04
2.080613e-05
9.831894e-05
3.817923e-04
2.285975e-04
4.731307e-04
2.097522e-04
2.054800e-04
5.466186e-05
1.191114e-03
1.408159e-02
2.046118e-02
3.723210e-03
3.223976e-02
1.733209e-03
1.586642e-04
3.616085e-05
1.218626e-04
5.204284e-04
1.106102e-05
1.385941e-04
4.055263e-04
1.865220e-04
9.790095e-05
3.694188e-05
2.073631e-04
1.413342e-04
2.122132e-04
1.210691e-04
2.022382e-04
5.577428e-05
1.256038e-05
1.054190e-04
5.391441e-05
5.197334e-04
5.803685e-05
3.366498e-04
1.839119e-04
2.647245e-04
3.399094e-01
1.687189e-03
2.889280e-04
4.189961e-03
2.737022e-03
2.705811e-03
2.701570e-03
3.265920e-03
2.233463e-04
1.994535e-04
1.706201e-03
3.378681e-03
3.689286e-03
1.587867e-03
2.750755e-03
1.958999e-03
3.953883e-04
4.944737e-04
4.073859e-03
4.962314e-03
3.508686e-04
9.658049e-03
8.643635e-03
1.889633e-03
4.451466e-04
2.564221e-04
6.363906e-04
2.658496e-04
3.431646e-04
3.291867e-04
2.779117e-05
3.864048e-04
1.025182e-04
2.800788e-04
7.365183e-05
2.070213e-04
1.343082e-04
3.190166e-04
3.094191e-04
2.809067e-04
2.024416e-04
2.735544e-04
6.816392e-04
1.595043e-04
6.495354e-04
1.020040e-04
4.557234e-04
8.814710e-04
5.689128e-03
1.160512e-03
2.558355e-03
6.733019e-03
2.728593e-03
7.307280e-03
6.359562e-04
3.196802e-03
5.353254e-04
1.125102e-03
1.453099e-03
9.565322e-04
3.459897e-04
8.415738e-03
3.262012e-03
2.532695e-03
4.675707e-03
7.758278e-02
1.528523e-02
8.054088e-03
8.921218e-03
7.011466e-03
2.881981e-03
1.206535e-04
3.466292e-04
1.390949e-04
8.246119e-05
7.657585e-05
4.874515e-05
1.752900e-04
1.676291e-04
1.579929e-04
5.949358e-04
1.971486e-04
1.215682e-04
1.971518e-04
2.468356e-04
1.038995e-04
2.954912e-05
1.880544e-04
1.821651e-04
1.531093e-04
6.018500e-04
3.074988e-05
9.652093e-05
1.498357e-04
1.595512e-04
6.637301e-04
4.594613e-05
1.067094e-03
2.422041e-03
9.150594e-04
1.832690e-03
1.127692e-02
7.805265e-03
9.985435e-04
9.963035e-04
4.997148e-03
3.587213e-03
1.266259e-03
1.220084e-02
2.328861e-02
4.393755e-02
6.277338e-04
1.884093e-03
1.645509e-02
1.124081e-03
4.651136e-02
8.382520e-04
3.216945e-04
4.131944e-03
7.009993e-03
4.507421e-04
7.583557e-04
2.274541e-03
9.890087e-04
8.597687e-04
9.465697e-04
1.141649e-03
7.359822e-03
2.058310e-03
1.239404e-03
4.228516e-03
2.809369e-03
5.509419e-04
1.750580e-03
2.610264e-03
1.344226e-03
1.824367e-03
1.039729e-03
1.249496e-04
5.715416e-04
5.136683e-04
1.488545e-04
2.400748e-04
1.313442e-05
1.654655e-05
1.138218e-04
4.307703e-04
8.225506e-04
4.167302e-04
7.355392e-04
7.836686e-04
4.146106e-04
5.749589e-05
1.059263e-03
6.683475e-04
1.962830e-03
4.563735e-04
7.788754e-04
2.874440e-03
3.397218e-03
2.739665e-02
1.797252e-03
7.177212e-05
4.123658e-03
1.115063e-04
9.764328e-05
1.065667e-03
1.171436e-04
2.919493e-04
5.909016e-04
5.580154e-05
1.398027e-03
2.005996e-01
4.241869e-03
5.606688e-03
5.683724e-03
5.363001e-03
4.177060e-03
4.923648e-05
3.360664e-04
1.502440e-04
2.955423e-04
1.148977e-03
2.108709e-04
1.483080e-03
5.851468e-04
1.527969e-03
2.946787e-04
1.328686e-03
1.009768e-04
3.859285e-04
4.019625e-04
5.392109e-04
5.563991e-04
9.574444e-04
1.834744e-03
3.628347e-04
1.166828e-03
2.888916e-04
1.072702e-03
5.409877e-05
9.336428e-04
7.974487e-04
3.652352e-03
2.032466e-03
1.882181e-04
3.886877e-03
6.398236e-04
5.810412e-04
3.224415e-03
1.005084e-02
7.774402e-04
2.240653e-04
6.400857e-04
9.885861e-04
6.550106e-04
2.112213e-03
2.239878e-03
1.173952e-05
8.688391e-05
3.858570e-04
6.280805e-04
7.584623e-04
2.152338e-03
1.946614e-04
1.006063e-04
4.235784e-01
5.334533e-04
7.084009e-04
4.955839e-03
8.119711e-03
8.235274e-03
3.434693e-03
3.400279e-03
2.602826e-03
1.257110e-05
2.474847e-03
5.642832e-05
5.472129e-04
2.472059e-04
5.330412e-04
3.380370e-03
1.993421e-03
9.546396e-04
3.201366e-04
2.398007e-04
4.684725e-03
3.953047e-03
1.045626e-03
1.149758e-04
3.437625e-04
6.084215e-04
3.990283e-04
2.136342e-03
1.842177e-05
2.703962e-04
3.830588e-04
1.709327e-03
7.586178e-04
7.774609e-04
1.691726e-03
5.024500e-05
1.689925e-03
1.596184e-04
2.552364e-03
4.364743e-03
1.107298e-04
7.655668e-04
7.607212e-04
1.420197e-03
8.070814e-04
2.090780e-04
3.872229e-03
2.840080e-04
1.620007e-03
2.755869e-03
4.432152e-04
9.166560e-04
6.165494e-04
1.149695e-02
2.947168e-03
2.824640e-04
6.086460e-04
4.038644e-04
1.910613e-04
1.854228e-03
6.056576e-04
2.059996e-03
4.211260e-03
1.157821e-04
1.885854e-01
2.073861e-02
7.815402e-04
4.126971e-03
1.032665e-02
2.695118e-03
7.528026e-04
1.951289e-04
4.117458e-04
9.291339e-04
6.476737e-03
1.158180e-02
6.858728e-03
1.450631e-03
2.621337e-03
4.989224e-03
4.030991e-05
5.434041e-03
4.342318e-05
2.657675e-03
1.227298e-03
4.839575e-04
8.704722e-04
1.246838e-03
5.026372e-04
9.900612e-05
1.895103e-04
3.343953e-04
1.323791e-03
1.222198e-03
1.377727e-03
5.702049e-04
3.524023e-05
6.120842e-04
3.874266e-04
3.091329e-03
2.112532e-04
9.814494e-04
6.267859e-04
8.223668e-06
2.201225e-03
6.303064e-04
1.730105e-03
6.834306e-04
8.574486e-04
7.356947e-04
6.458806e-04
1.976187e-03
3.545084e-03
2.087791e-03
4.791528e-04
2.330726e-03
3.235800e-03
4.224328e-03
2.492412e-03
5.604513e-04
1.982728e-03
1.603661e-03
2.686777e-03
5.068883e-04
1.607331e-03
2.359367e-04
1.393740e-04
6.418858e-03
2.066800e-02
1.083234e-02
2.836303e-03
7.120626e-03
7.655201e-03
5.619126e-04
1.913296e-03
5.632833e-04
2.647825e-03
6.846808e-03
3.556066e-03
3.658321e-03
8.059066e-03
2.009198e-03
1.093231e-03
2.512646e-03
6.367882e-04
2.406471e-04
1.105270e-03
1.619742e-03
7.401471e-04
8.067072e-05
1.196435e-03
1.593753e-03
7.281421e-04
1.233906e-03
1.256038e-04
1.232137e-03
1.592115e-03
1.490583e-04
1.427417e-03
1.058038e-04
3.645120e-03
1.330387e-04
2.734968e-04
3.631122e-04
3.786011e-03
5.538845e-03
1.314904e-03
3.667327e-04
4.116526e-04
3.796416e-03
1.727203e-03
2.035705e-03
2.771845e-04
7.070044e-04
8.715084e-04
8.871206e-04
1.816954e-03
1.232909e-03
9.174471e-04
5.743724e-05
5.200658e-04
1.339919e-03
1.003092e-03
8.367249e-04
7.600038e-05
1.381844e-03
7.314312e-04
8.300575e-04
1.090197e-03
1.878234e-03
4.011632e-04
1.837113e-04
3.693104e-04
3.264435e-04
7.272958e-04
1.537528e-03
6.406693e-04
3.123507e-04
2.098547e-05
1.818664e-03
6.770690e-04
2.170868e-03
1.527895e-03
9.803421e-05
2.656272e-03
1.154912e-03
3.919572e-03
2.075251e-03
4.040825e-04
7.558255e-04
4.640554e-04
3.389012e-03
7.318020e-03
4.511107e-03
2.080780e-03
8.689635e-04
6.299735e-04
2.545537e-04
4.306195e-04
2.459683e-04
4.349328e-04
2.623990e-04
1.646928e-01
5.018925e-02
1.550350e-03
1.292921e-02
1.130901e-01
1.132092e-02
4.335220e-02
4.204695e-03
1.469405e-03
6.938445e-04
2.274976e-04
2.125628e-04
4.602815e-04
6.860645e-03
1.888106e-03
2.391401e-03
1.151692e-02
2.379422e-02
9.641044e-03
2.163174e-03
1.796386e-03
3.235531e-03
8.143858e-03
1.577224e-05
9.362983e-04
6.675723e-04
3.055884e-03
1.257557e-03
3.200967e-04
1.224537e-03
6.782150e-04
2.654746e-03
1.317447e-03
1.959324e-05
2.543512e-03
1.028352e-03
1.048647e-03
1.667358e-03
8.665778e-05
9.501146e-04
1.611663e-03
4.058303e-03
7.491949e-03
5.802561e-03
1.399437e-03
1.180622e-04
1.297800e-04
4.284727e-04
1.305742e-03
3.961679e-04
2.237786e-04
8.774830e-05
2.191349e-04
9.611499e-05
1.634415e-03
2.860082e-05
5.461578e-05
3.757882e-01
5.561234e-04
6.792594e-04
1.711188e-03
1.160260e-03
1.041441e-02
2.347066e-03
2.215659e-04
1.033936e-03
1.609477e-03
5.595179e-04
7.933773e-04
1.378794e-04
4.114331e-04
5.606150e-04
2.422477e-04
1.031209e-03
5.097481e-03
2.615236e-03
2.323697e-02
1.032634e-02
2.936492e-03
3.505980e-04
2.293132e-03
2.861789e-04
3.764960e-03
2.082683e-03
6.915090e-04
1.802071e-03
3.670459e-05
9.141595e-04
4.939358e-04
2.369253e-03
2.590407e-04
1.573609e-05
2.461330e-03
3.125678e-04
8.792689e-04
9.761534e-04
2.128857e-04
4.697428e-04
9.672312e-04
2.226310e-05
1.642751e-03
2.201765e-04
1.174077e-04
1.066575e-04
2.449769e-04
1.979475e-04
6.614789e-04
7.653152e-05
7.731341e-04
3.451376e-04
9.717491e-04
1.635316e-03
1.957955e-05
7.219221e-04
4.729627e-04
9.415589e-04
9.007031e-04
2.657911e-04
2.150479e-03
4.104983e-05
4.985500e-04
3.149321e-04
1.697391e-04
1.895412e-03
2.441597e-03
4.420646e-03
4.519452e-04
6.064227e-03
7.317235e-03
3.574629e-03
1.145490e-02
4.858680e-03
1.747883e-02
4.571185e-04
1.030729e-03
1.677532e-03
2.286970e-04
3.460860e-04
2.090185e-04
1.113727e-03
5.152181e-04
1.211150e-03
3.958550e-04
1.401939e-03
1.042641e-03
1.408919e-04
2.459615e-04
7.129344e-04
7.675741e-05
2.769510e-04
2.775302e-04
9.404684e-04
1.546329e-03
1.710806e-03
1.794439e-03
7.407711e-04
5.561583e-04
3.117057e-04
2.090590e-03
2.249562e-03
8.108726e-05
2.872303e-03
1.600934e-03
5.186253e-04
5.791635e-04
5.010202e-04
1.447179e-03
9.757888e-04
8.666854e-04
2.029223e-03
2.928808e-04
7.222666e-05
2.115386e-03
9.060833e-04
3.136004e-03
3.110263e-03
2.567261e-03
2.720309e-04
1.355748e-03
3.449567e-03
6.819629e-04
8.691910e-03
1.377622e-03
4.957388e-04
3.628985e-03
1.992053e-03
2.087291e-03
1.274051e-02
9.231888e-03
4.922214e-04
2.851227e-03
3.616652e-04
1.181863e-04
5.145802e-05
1.098996e-01
3.842796e-03
4.066892e-03
1.451029e-02
3.687345e-03
1.941861e-03
1.160488e-04
2.149302e-03
6.930084e-04
3.888562e-04
1.746148e-03
5.690761e-03
3.335033e-03
7.641680e-04
1.508824e-03
1.808343e-03
2.827424e-04
1.100364e-04
5.989570e-05
1.549684e-04
4.400783e-04
3.423493e-04
1.369169e-04
6.293819e-04
1.513472e-04
6.672587e-05
8.910845e-04
2.723388e-03
5.921458e-04
4.663504e-04
2.488024e-04
5.204253e-04
3.666177e-04
2.081568e-03
7.091748e-05
7.149525e-04
1.105457e-02
2.378166e-03
1.316699e-03
5.183344e-03
2.955351e-03
3.821290e-04
3.731021e-04
5.751575e-04
8.643536e-04
1.189980e-03
6.509777e-04
3.719976e-04
5.543407e-04
1.070400e-03
1.847866e-04
2.691509e-04
6.059475e-04
2.297716e-03
1.227693e-04
1.080988e-03
1.729428e-04
6.316935e-04
3.053201e-04
1.222445e-03
4.526519e-03
8.540028e-03
1.879663e-03
1.127805e-02
1.383714e-02
3.941993e-04
5.304682e-04
4.720269e-04
2.589865e-04
2.850053e-04
2.691308e-04
1.639477e-04
1.058923e-02
8.935040e-03
3.795758e-03
1.440182e-02
2.611702e-04
3.196493e-03
6.121123e-03
8.421522e-04
1.587564e-03
6.543639e-05
5.988067e-05
5.385463e-05
5.220757e-04
2.665901e-04
1.370741e-04
2.336277e-04
4.028355e-05
1.114880e-04
1.089479e-04
1.226110e-04
7.321608e-05
3.812661e-04
2.197300e-04
3.534462e-04
4.553466e-04
4.612176e-05
8.523596e-04
5.783196e-04
2.789007e-03
2.030316e-02
3.908528e-04
7.286528e-03
5.720559e-03
2.071891e-03
3.622970e-03
2.873772e-03
1.384875e-03
3.572194e-03
6.825498e-03
9.664404e-04
6.985396e-03
1.609018e-01
2.729267e-03
1.336498e-03
3.469649e-03
2.126731e-02
4.358818e-02
2.700683e-03
1.375003e-02
5.496125e-03
3.552261e-04
1.441314e-03
3.191592e-04
9.365916e-05
6.613115e-04
6.143912e-05
2.791868e-04
1.994655e-04
1.575317e-04
8.031466e-04
6.058365e-04
2.759663e-02
2.017963e-02
2.537681e-03
1.776013e-03
1.596240e-03
6.917192e-04
5.267333e-04
1.469357e-03
3.885668e-04
3.438130e-04
2.772289e-04
3.113976e-04
4.426001e-04
9.413334e-04
1.039766e-04
6.418345e-04
8.823587e-05
5.336790e-05
5.188743e-04
2.887418e-05
1.633872e-04
1.069946e-03
3.773956e-04
2.255045e-03
2.765212e-03
6.772184e-03
2.134724e-03
2.333023e-03
5.179731e-03
6.626109e-04
7.095687e-04
9.898840e-04
1.291568e-04
1.600372e-03
1.202356e-03
1.806420e-04
2.576261e-04
6.483761e-04
4.393346e-04
1.981966e-04
3.911042e-04
9.698339e-04
7.942477e-04
7.788134e-04
1.180522e-03
3.612576e-04
5.811672e-04
1.096821e-03
4.221008e-03
1.756821e-03
2.620534e-02
4.314795e-03
4.106749e-03
9.182964e-03
8.942386e-03
1.654117e-03
5.955424e-05
5.871803e-04
1.572255e-03
1.049331e-04
5.734258e-04
1.416707e-03
2.276560e-03
2.825288e-03
1.685954e-03
4.469209e-04
4.977698e-04
3.214786e-04
1.886367e-04
1.184302e-03
3.571131e-04
7.857055e-04
2.909941e-01
4.899249e-04
3.690068e-03
1.990311e-02
9.041319e-03
1.434833e-03
2.862249e-04
1.232066e-03
3.105785e-04
1.308388e-04
9.726506e-05
5.799118e-05
6.495485e-05
1.654891e-04
1.422823e-04
2.459857e-04
1.541698e-04
1.154582e-04
1.348925e-04
1.599947e-04
1.303746e-04
4.736677e-04
6.197291e-04
1.071854e-04
2.314352e-03
3.607737e-04
7.072672e-04
2.333104e-04
1.384224e-03
1.237328e-03
1.702417e-03
1.412402e-03
2.882480e-03
1.800215e-03
2.051079e-03
1.773888e-03
1.973350e-03
1.008073e-03
1.555353e-04
2.562091e-04
2.237977e-04
2.355773e-04
3.398756e-04
1.568160e-03
2.934994e-04
6.429622e-04
2.224505e-04
4.593903e-04
9.717041e-04
1.099032e-03
1.156819e-03
1.365147e-03
2.322833e-03
3.064003e-03
5.556234e-04
1.527934e-03
4.108051e-03
1.388838e-03
6.750078e-04
1.428845e-03
4.192883e-03
2.904363e-03
1.532437e-03
1.246899e-03
3.579352e-04
1.031986e-02
8.251677e-03
3.786191e-03
1.388857e-03
2.029531e-03
1.280921e-03
3.289656e-04
9.514640e-04
3.847113e-04
1.719061e-03
6.569322e-05
1.365530e-04
2.044956e-01
1.764821e-02
7.122843e-03
2.001625e-03
2.631498e-02
1.147122e-02
2.797612e-03
1.683012e-03
5.486219e-04
2.569133e-04
9.138022e-05
1.371946e-04
4.230634e-04
2.843332e-05
3.722410e-04
4.329862e-04
2.915166e-05
2.578844e-04
1.268547e-04
3.343893e-04
1.960693e-04
2.249541e-04
3.742204e-04
2.026399e-04
7.736399e-03
1.294460e-02
3.198328e-04
1.575169e-03
1.146877e-03
1.317140e-04
1.604122e-04
2.624034e-04
1.941426e-04
1.864480e-05
2.049286e-05
8.113368e-06
5.280801e-03
6.990694e-03
4.810356e-03
2.390267e-02
2.122978e-02
4.196251e-03
2.536423e-04
3.222331e-03
2.877082e-03
8.711570e-05
1.919776e-04
2.277560e-04
7.313875e-04
1.645278e-03
5.554859e-04
6.212347e-04
1.282427e-05
1.110755e-03
6.439064e-04
2.489898e-03
1.233448e-03
2.488227e-04
1.947363e-03
2.355169e-04
2.288815e-03
1.495879e-03
1.979942e-04
5.216051e-03
5.543977e-03
4.146102e-03
5.095044e-03
5.017992e-04
1.082335e-03
2.374631e-04
6.960231e-04
5.030945e-04
2.822735e-03
2.285407e-03
2.409642e-04
4.982234e-04
1.178813e-03
3.030610e-04
4.452819e-04
1.782784e-03
1.225266e-03
1.806017e-04
1.760360e-03
2.459447e-03
3.167330e-04
2.059233e-04
2.919701e-03
8.696984e-03
1.297269e-02
1.237105e-02
3.257159e-03
2.406993e-03
1.645288e-04
1.134347e-04
2.371449e-03
1.206552e-05
5.008215e-04
3.940676e-04
1.182116e-03
8.758813e-04
6.600054e-04
7.177861e-04
1.160389e-04
6.408737e-04
4.516561e-05
5.868837e-04
6.589628e-04
1.103236e-03
3.819976e-04
4.915652e-04
2.245651e-03
3.010231e-03
2.568369e-03
1.054052e-03
4.316648e-04
1.934067e-03
4.484917e-05
3.857309e-04
1.430995e-03
1.218865e-03
7.765890e-04
1.521751e-05
3.233389e-04
1.513117e-03
5.787784e-04
3.491547e-03
9.195102e-04
1.282590e-03
2.598412e-04
1.315475e-03
1.605400e-04
8.759800e-05
9.382818e-04
2.558304e-03
1.693907e-04
4.091730e-04
8.124288e-04
1.733209e-03
2.685915e-03
1.135365e-04
1.848431e-03
2.050082e-03
6.864239e-04
1.760944e-03
8.673446e-04
1.493878e-03
4.508026e-04
2.845225e-04
2.497541e-03
8.395521e-04
3.659606e-04
5.113027e-03
3.120119e-04
1.145319e-03
3.266622e-03
7.986855e-05
3.700294e-04
2.179492e-04
3.326332e-06
7.053479e-04
1.222030e-03
1.215674e-03
2.215161e-04
2.887337e-03
3.788595e-03
2.412018e-03
1.303085e-03
3.594326e-03
3.392482e-03
6.767840e-04
1.247228e-03
2.498043e-03
5.867116e-05
1.561751e-03
1.042735e-03
7.898730e-04
9.643264e-04
6.775054e-04
1.190829e-03
1.551786e-03
2.356104e-03
3.578196e-03
1.045290e-03
1.425226e-03
3.426865e-03
3.706611e-04
1.570908e-03
2.131082e-03
4.241850e-04
2.826879e-04
1.288596e-03
2.023356e-03
4.024389e-04
1.030354e-03
1.673275e-03
1.766250e-03
5.933069e-04
4.501813e-04
4.806659e-04
3.603599e-03
7.217673e-04
1.592138e-04
1.867509e-03
2.592112e-04
6.072832e-04
1.112074e-03
5.974983e-04
5.602910e-04
1.373808e-03
6.196498e-05
2.883432e-04
1.587390e-04
4.873355e-04
5.464667e-04
3.090348e-04
7.244463e-04
5.741820e-04
9.759662e-05
3.940938e-05
2.826844e-04
5.714694e-04
2.720681e-04
4.537220e-04
7.817023e-05
3.068763e-04
6.897839e-04
6.758222e-04
3.318636e-04
5.795574e-04
4.142570e-04
6.910290e-05
3.719538e-04
8.359137e-04
3.478740e-04
1.786856e-03
4.982172e-04
9.284102e-04
1.349990e-03
7.500072e-05
5.840742e-04
1.390159e-03
1.079480e-03
7.096603e-04
2.633176e-04
8.662933e-04
1.608377e-03
5.541953e-05
1.627166e-03
8.725738e-04
6.533838e-03
8.885491e-03
4.948478e-04
5.385115e-03
1.733959e-03
5.615847e-04
5.324038e-04
6.305299e-04
6.362934e-04
1.150986e-04
1.221584e-05
7.895259e-05
8.254070e-04
1.282474e-04
2.027432e-03
3.916249e-04
1.325446e-04
2.201328e-04
2.620621e-01
1.220810e-02
2.509410e-03
5.091091e-03
1.319318e-02
9.532221e-03
6.438758e-04
4.169713e-03
1.326603e-03
6.785844e-04
1.555735e-03
6.528680e-04
6.426984e-04
1.726617e-03
1.231500e-03
1.342536e-03
1.694033e-04
9.231047e-04
3.372596e-03
4.091861e-04
3.543120e-03
1.819814e-03
5.550408e-03
2.589884e-03
1.057317e-03
1.909076e-03
1.160150e-03
6.794531e-04
1.259987e-03
3.080236e-03
6.226432e-04
1.826416e-03
4.508805e-03
3.842799e-04
2.964028e-03
6.007374e-03
1.023441e-02
6.263559e-03
3.235595e-03
2.063888e-03
4.370800e-03
2.450139e-03
2.983856e-02
5.532374e-04
4.178180e-03
3.353484e-03
1.119288e-02
2.153921e-03
1.137924e-03
4.529535e-02
4.279255e-03
4.364561e-03
1.221918e-02
2.249897e-03
8.647538e-04
1.920144e-03
8.430541e-03
1.850335e-03
1.098374e-04
1.983153e-04
2.139297e-03
8.116246e-03
1.877085e-02
4.898955e-02
1.541605e-03
8.113977e-03
1.024703e-02
2.080796e-02
1.459645e-02
4.426013e-03
2.348503e-03
3.775291e-04
1.355541e-02
9.074717e-01
1.000000e+00
1.000000e+00
1.000000e+00
1.000000e+00
1.000000e+00
1.000000e+00
1.000000e+00
1.000000e+00
1.000000e+00
1.000000e+00
1.000000e+00
1.000000e+00
1.000000e+00
1.000000e+00
1.000000e+00
1.000000e+00
1.000000e+00
1.000000e+00
1.000000e+00
1.000000e+00
1.000000e+00
1.000000e+00
1.000000e+00
1.000000e+00
