1.000000e-01 -1
0.152000 2
0.192000 2
0.236000 2
0.268000 2
0.328000 2
0.396000 2
0.468000 1
0.504000 2
0.536000 2
0.564000 2
0.616000 1
0.672000 1
0.740000 2
0.760000 2
0.776000 2
0.812000 2
0.824000 2
0.852000 2
0.892000 1
0.940000 2
1.012000 1
1.064000 1
1.096000 1
1.140000 2
1.188000 1
1.236000 2
1.300000 1
1.364000 2
1.400000 1
1.452000 2
1.484000 2
1.512000 2
1.532000 2
1.556000 2
1.604000 2
1.644000 1
1.712000 1
1.808000 2
1.852000 1
1.872000 1
2.208000e+00 -1
2.248000 1
2.336000 1
2.380000 2
2.440000 1
2.456000 1
2.520000 2
2.572000 1
2.608000 1
2.692000 2
2.744000 1
2.816000 2
2.912000 1
2.948000 1
3.036000 1
3.064000 1
3.144000 1
3.160000 1
3.232000 2
3.296000 1
3.352000 1
3.436000 2
3.480000 1
3.532000 1
3.568000 1
3.600000 1
3.636000 1
3.664000 1
3.700000 1
3.760000 1
3.788000 1
3.848000 2
3.864000 1
3.996000e+00 -1
