
0.000000e+00
0.000000e+00
0.000000e+00
0.000000e+00
0.000000e+00
0.000000e+00
0.000000e+00
0.000000e+00
0.000000e+00
0.000000e+00
0.000000e+00
0.000000e+00
0.000000e+00
0.000000e+00
0.000000e+00
0.000000e+00
0.000000e+00
0.000000e+00
0.000000e+00
0.000000e+00
0.000000e+00
0.000000e+00
0.000000e+00
0.000000e+00
0.000000e+00
0.000000e+00
0.000000e+00
0.000000e+00
1.000000e+00
9.934958e-01
9.731892e-01
9.380420e-01
8.872603e-01
8.220044e-01
7.460914e-01
6.652009e-01
5.860816e-01
5.145658e-01
4.546537e-01
4.076890e-01
3.733052e-01
3.502199e-01
3.374252e-01
3.339746e-01
3.390131e-01
3.508611e-01
3.662208e-01
3.802980e-01
3.881458e-01
3.858556e-01
3.721754e-01
3.487236e-01
3.199890e-01
2.911934e-01
2.671614e-01
2.501527e-01
2.398009e-01
2.333578e-01
2.273727e-01
2.198608e-01
2.107915e-01
2.030048e-01
2.013863e-01
2.112495e-01
2.362282e-01
2.768719e-01
3.297301e-01
3.872908e-01
4.397520e-01
4.772811e-01
4.923965e-01
4.819226e-01
4.482106e-01
3.987114e-01
3.440515e-01
2.960181e-01
2.648711e-01
2.571455e-01
2.746122e-01
3.138512e-01
3.672896e-01
4.245450e-01
4.743190e-01
5.065348e-01
5.145352e-01
4.963357e-01
4.559973e-01
4.030170e-01
3.499145e-01
3.092708e-01
2.898192e-01
2.938805e-01
3.156529e-01
3.431660e-01
3.617320e-01
3.588616e-01
3.283559e-01
2.729022e-01
2.033101e-01
1.356113e-01
8.614267e-02
6.745450e-02
8.452425e-02
1.342677e-01
2.065775e-01
2.873763e-01
3.620374e-01
4.186515e-01
4.505924e-01
4.571577e-01
4.432332e-01
4.179492e-01
3.917186e-01
3.740381e-01
3.704959e-01
3.815500e-01
4.026811e-01
4.260107e-01
4.430805e-01
4.479052e-01
4.390497e-01
4.200562e-01
3.977953e-01
3.799927e-01
3.721754e-01
3.747404e-01
3.832906e-01
3.896727e-01
3.853976e-01
3.652742e-01
3.296385e-01
2.853304e-01
2.437401e-01
2.173568e-01
2.160437e-01
2.434347e-01
2.959875e-01
3.640528e-01
4.348357e-01
4.959692e-01
5.392085e-01
5.611946e-01
5.637596e-01
5.518810e-01
5.316661e-01
5.085196e-01
4.865030e-01
4.680286e-01
4.551728e-01
4.490351e-01
4.502870e-01
4.585318e-01
4.718456e-01
4.868084e-01
4.995725e-01
5.071455e-01
5.081532e-01
5.036033e-01
4.961524e-01
4.890680e-01
4.845792e-01
4.835410e-01
4.848540e-01
4.861366e-01
4.850067e-01
4.796018e-01
4.696165e-01
4.555393e-01
4.390802e-01
4.223159e-01
4.076279e-01
3.970319e-01
3.918713e-01
3.921766e-01
3.963295e-01
4.014291e-01
4.041468e-01
4.017955e-01
3.934897e-01
3.812141e-01
3.693050e-01
3.634726e-01
3.686943e-01
3.879626e-01
4.213082e-01
4.656468e-01
5.163369e-01
5.683706e-01
6.174728e-01
6.610785e-01
6.978747e-01
7.276475e-01
7.505191e-01
7.672224e-01
7.782765e-01
7.847807e-01
7.881397e-01
7.901246e-01
7.928423e-01
7.980029e-01
8.070417e-01
8.208135e-01
8.393795e-01
8.618542e-01
8.868939e-01
9.119946e-01
9.339196e-01
9.495236e-01
9.562416e-01
9.528521e-01
9.403322e-01
9.220716e-01
9.030475e-01
8.887566e-01
8.836876e-01
8.901612e-01
9.067424e-01
9.286979e-01
9.486686e-01
9.588066e-01
9.520276e-01
9.246366e-01
8.769696e-01
8.134237e-01
7.413888e-01
6.700867e-01
6.083425e-01
5.634848e-01
5.397582e-01
5.383230e-01
5.569195e-01
5.894406e-01
6.274582e-01
6.607732e-01
6.797056e-01
6.772322e-01
6.514596e-01
6.061744e-01
5.505985e-01
4.969769e-01
4.566996e-01
4.370343e-01
4.389276e-01
4.571577e-01
4.825027e-01
5.053744e-01
5.190241e-01
5.213143e-01
5.145658e-01
5.030231e-01
4.906254e-01
4.797850e-01
4.704715e-01
4.616770e-01
4.534628e-01
4.480274e-01
4.494320e-01
4.625626e-01
4.905032e-01
5.330402e-01
5.859594e-01
6.418713e-01
6.931416e-01
7.330524e-01
7.583669e-01
7.690241e-01
7.676194e-01
7.578478e-01
7.437095e-01
7.285330e-01
7.152803e-01
7.065164e-01
7.050202e-01
7.129290e-01
7.314340e-01
7.596189e-01
7.944913e-01
8.311347e-01
8.639306e-01
8.883596e-01
9.019177e-01
9.046049e-01
8.992610e-01
8.901002e-01
8.815500e-01
8.770307e-01
8.778551e-01
8.834127e-01
8.908025e-01
8.962379e-01
8.958410e-01
8.863442e-01
8.660682e-01
8.357762e-01
7.987969e-01
7.603518e-01
7.272505e-01
7.058752e-01
7.008672e-01
7.128069e-01
7.377244e-01
7.668865e-01
7.889947e-01
7.929034e-01
7.716502e-01
7.252657e-01
6.617503e-01
5.951203e-01
5.417735e-01
5.140772e-01
5.160620e-01
5.402773e-01
5.688592e-01
5.784170e-01
5.467815e-01
4.601808e-01
3.176988e-01
1.316416e-01
0.000000e+00
0.000000e+00
0.000000e+00
0.000000e+00
0.000000e+00
0.000000e+00
0.000000e+00
0.000000e+00
0.000000e+00
0.000000e+00
0.000000e+00
0.000000e+00
0.000000e+00
0.000000e+00
0.000000e+00
0.000000e+00
0.000000e+00
0.000000e+00
0.000000e+00
0.000000e+00
0.000000e+00
0.000000e+00
0.000000e+00
0.000000e+00
0.000000e+00
0.000000e+00
0.000000e+00
0.000000e+00
0.000000e+00
0.000000e+00
0.000000e+00
0.000000e+00
0.000000e+00
0.000000e+00
0.000000e+00
0.000000e+00
0.000000e+00
0.000000e+00
0.000000e+00
0.000000e+00
0.000000e+00
0.000000e+00
0.000000e+00
0.000000e+00
0.000000e+00
0.000000e+00
0.000000e+00
0.000000e+00
0.000000e+00
0.000000e+00
0.000000e+00
0.000000e+00
0.000000e+00
0.000000e+00
0.000000e+00
0.000000e+00
0.000000e+00
0.000000e+00
0.000000e+00
0.000000e+00
0.000000e+00
0.000000e+00
0.000000e+00
0.000000e+00
0.000000e+00
0.000000e+00
0.000000e+00
0.000000e+00
0.000000e+00
0.000000e+00
0.000000e+00
0.000000e+00
0.000000e+00
0.000000e+00
0.000000e+00
0.000000e+00
0.000000e+00
0.000000e+00
0.000000e+00
0.000000e+00
0.000000e+00
0.000000e+00
0.000000e+00
0.000000e+00
0.000000e+00
0.000000e+00
0.000000e+00
0.000000e+00
0.000000e+00
0.000000e+00
0.000000e+00
0.000000e+00
0.000000e+00
0.000000e+00
0.000000e+00
0.000000e+00
0.000000e+00
0.000000e+00
0.000000e+00
0.000000e+00
0.000000e+00
0.000000e+00
0.000000e+00
0.000000e+00
0.000000e+00
0.000000e+00
0.000000e+00
0.000000e+00
0.000000e+00
0.000000e+00
0.000000e+00
0.000000e+00
0.000000e+00
0.000000e+00
0.000000e+00
0.000000e+00
0.000000e+00
0.000000e+00
0.000000e+00
0.000000e+00
0.000000e+00
0.000000e+00
0.000000e+00
0.000000e+00
0.000000e+00
0.000000e+00
0.000000e+00
0.000000e+00
0.000000e+00
0.000000e+00
0.000000e+00
0.000000e+00
0.000000e+00
0.000000e+00
0.000000e+00
0.000000e+00
0.000000e+00
0.000000e+00
0.000000e+00
1.000000e+00
9.942376e-01
9.780326e-01
9.539006e-01
9.258198e-01
8.984117e-01
8.758007e-01
8.608828e-01
8.545939e-01
8.550911e-01
8.585427e-01
8.594495e-01
8.521660e-01
8.322462e-01
7.976424e-01
7.490859e-01
6.897359e-01
6.241554e-01
5.572586e-01
4.928774e-01
4.334981e-01
3.803493e-01
3.338403e-01
2.945564e-01
2.641062e-01
2.446544e-01
2.392137e-01
2.498611e-01
2.772984e-01
3.198292e-01
3.733290e-01
4.318601e-01
4.888408e-01
5.383918e-01
5.767689e-01
6.022757e-01
6.155264e-01
6.186855e-01
6.139468e-01
6.027145e-01
5.849592e-01
5.589844e-01
5.225671e-01
4.734548e-01
4.113259e-01
3.381987e-01
2.591336e-01
1.812970e-01
1.129962e-01
6.136836e-02
3.129845e-02
2.389797e-02
3.594934e-02
6.101735e-02
9.079475e-02
1.169450e-01
1.328868e-01
1.354316e-01
1.247843e-01
1.048937e-01
8.204873e-02
6.382543e-02
5.753649e-02
6.935385e-02
1.032849e-01
1.603241e-01
2.386872e-01
3.336648e-01
4.378857e-01
5.425162e-01
6.378155e-01
7.148916e-01
7.665779e-01
7.886331e-01
7.800918e-01
7.432942e-01
6.833592e-01
6.074531e-01
5.233568e-01
4.391435e-01
3.618919e-01
2.971890e-01
2.491590e-01
2.199374e-01
2.097581e-01
2.171878e-01
2.391260e-01
2.712142e-01
3.082751e-01
3.445169e-01
3.745868e-01
3.938047e-01
3.988943e-01
3.886565e-01
3.640565e-01
3.281072e-01
2.860444e-01
2.440109e-01
2.086173e-01
1.853044e-01
1.777284e-01
1.866499e-01
2.100214e-01
2.433089e-01
2.803990e-01
3.149150e-01
3.417381e-01
3.573873e-01
3.612484e-01
3.551935e-01
3.426156e-01
3.283412e-01
3.167871e-01
3.113172e-01
3.141838e-01
3.260304e-01
3.461257e-01
3.733583e-01
4.062363e-01
4.434434e-01
4.835756e-01
5.249656e-01
5.653319e-01
6.012812e-01
6.289525e-01
6.443677e-01
6.441922e-01
6.272267e-01
5.947875e-01
5.507357e-01
5.010677e-01
4.525112e-01
4.111797e-01
3.812853e-01
3.640273e-01
3.581186e-01
3.596981e-01
3.640273e-01
3.661626e-01
3.617749e-01
3.484073e-01
3.251821e-01
2.930354e-01
2.548630e-01
2.144675e-01
1.763243e-01
1.447041e-01
1.227075e-01
1.112411e-01
1.091351e-01
1.132009e-01
1.189341e-01
1.227952e-01
1.226197e-01
1.191974e-01
1.156580e-01
1.171498e-01
1.287331e-01
1.539474e-01
1.937579e-01
2.459707e-01
3.060228e-01
3.681809e-01
4.262439e-01
4.749174e-01
5.100477e-01
5.282125e-01
5.271594e-01
5.055138e-01
4.633633e-01
4.031064e-01
3.294527e-01
2.498903e-01
1.735455e-01
1.095738e-01
6.540498e-02
4.504636e-02
4.864422e-02
7.292246e-02
1.125282e-01
1.616989e-01
2.159593e-01
2.722380e-01
3.290432e-01
3.853512e-01
4.395238e-01
4.888115e-01
5.297335e-01
5.586041e-01
5.729956e-01
5.726446e-01
5.598912e-01
5.392108e-01
5.157224e-01
4.944277e-01
4.785152e-01
4.691549e-01
4.658496e-01
4.667856e-01
4.700032e-01
4.738936e-01
4.773452e-01
4.793928e-01
4.793050e-01
4.759411e-01
4.685114e-01
4.565771e-01
4.409278e-01
4.238746e-01
4.086934e-01
3.989528e-01
3.977828e-01
4.062948e-01
4.238453e-01
4.479481e-01
4.753269e-01
5.030860e-01
5.293240e-01
5.536022e-01
5.766519e-01
5.992336e-01
6.216691e-01
6.429930e-01
6.615673e-01
6.756077e-01
6.837687e-01
6.863135e-01
6.846755e-01
6.809313e-01
6.770410e-01
6.736186e-01
6.700500e-01
6.645801e-01
6.551321e-01
6.406529e-01
6.211425e-01
5.979758e-01
5.732003e-01
5.483663e-01
5.238541e-01
4.990786e-01
4.724018e-01
4.427999e-01
4.105947e-01
3.781262e-01
3.492848e-01
3.285752e-01
3.196244e-01
3.240998e-01
3.408313e-01
3.667183e-01
3.968760e-01
4.266534e-01
4.526574e-01
4.724895e-01
4.855354e-01
4.919999e-01
4.923801e-01
4.873782e-01
4.777255e-01
4.644748e-01
4.500249e-01
4.370375e-01
4.289057e-01
4.285840e-01
4.376225e-01
4.558165e-01
4.806505e-01
5.082634e-01
5.342674e-01
5.552403e-01
5.690760e-01
5.759207e-01
5.772077e-01
5.755112e-01
5.727616e-01
5.703338e-01
5.684617e-01
5.665311e-01
5.639571e-01
5.607980e-01
5.574634e-01
5.553573e-01
5.554158e-01
5.578144e-01
5.612952e-01
5.630795e-01
5.595402e-01
5.474888e-01
5.248486e-01
4.919121e-01
4.513997e-01
4.077866e-01
3.666891e-01
3.330506e-01
3.109662e-01
3.024834e-01
3.079241e-01
3.263229e-01
3.555153e-01
3.931026e-01
4.364525e-01
4.824348e-01
5.280662e-01
5.698072e-01
6.040600e-01
6.275777e-01
6.374353e-01
6.312341e-01
6.073946e-01
5.651563e-01
5.049580e-01
4.293445e-01
3.432299e-01
2.546290e-01
1.744230e-01
1.152192e-01
8.941995e-02
1.060930e-01
1.685728e-01
2.725305e-01
4.059145e-01
5.508527e-01
6.870740e-01
7.960043e-01
8.650072e-01
8.894024e-01
8.729049e-01
8.259280e-01
7.623951e-01
6.963173e-01
6.381958e-01
5.941147e-01
5.649223e-01
5.477521e-01
5.380700e-01
5.310791e-01
5.233276e-01
5.133530e-01
5.013017e-01
4.879633e-01
4.748589e-01
4.628660e-01
4.525697e-01
4.443502e-01
4.382368e-01
4.346389e-01
4.342586e-01
4.379442e-01
4.470120e-01
4.622225e-01
4.840144e-01
5.119782e-01
5.442420e-01
5.782022e-01
6.100565e-01
6.354755e-01
6.496622e-01
6.486676e-01
6.291865e-01
5.900488e-01
5.323076e-01
4.596777e-01
3.788867e-01
2.994413e-01
2.325738e-01
1.893117e-01
1.790154e-01
2.066868e-01
2.713020e-01
3.656068e-01
4.768187e-01
5.889958e-01
6.866938e-01
7.581829e-01
7.979056e-01
8.072074e-01
7.932840e-01
7.662269e-01
7.359815e-01
7.093632e-01
6.886828e-01
6.715711e-01
6.532308e-01
6.283090e-01
5.931787e-01
5.479861e-01
4.955977e-01
4.414544e-01
3.914353e-01
3.504549e-01
3.212040e-01
3.041800e-01
2.976570e-01
2.987100e-01
3.039459e-01
3.100301e-01
3.145055e-01
3.155000e-01
3.124287e-01
3.054377e-01
2.957557e-01
2.855471e-01
2.772691e-01
2.733788e-01
2.759528e-01
2.858981e-01
3.028637e-01
3.254746e-01
3.510691e-01
3.764296e-01
3.980753e-01
4.130225e-01
4.190774e-01
4.155381e-01
4.033697e-01
3.856729e-01
3.667768e-01
3.522392e-01
3.467692e-01
3.534677e-01
3.728610e-01
4.021412e-01
4.362184e-01
4.687747e-01
4.941352e-01
5.090239e-01
5.130898e-01
5.090531e-01
5.014772e-01
4.953345e-01
4.943107e-01
4.998684e-01
5.108667e-01
5.249949e-01
5.394741e-01
5.519057e-01
5.615000e-01
5.681692e-01
5.722058e-01
5.737561e-01
5.718840e-01
5.650978e-01
5.521690e-01
5.329219e-01
5.089361e-01
4.834294e-01
4.609354e-01
4.457835e-01
4.407231e-01
4.465148e-01
4.612280e-01
4.813233e-01
5.029397e-01
5.227426e-01
5.392108e-01
5.524030e-01
5.639571e-01
5.757744e-01
5.897271e-01
6.064001e-01
6.257057e-01
6.465031e-01
6.672712e-01
6.864890e-01
7.024015e-01
7.136631e-01
7.190160e-01
7.174365e-01
7.089829e-01
6.947085e-01
6.776260e-01
6.621815e-01
6.535525e-01
6.563899e-01
6.734431e-01
7.037470e-01
7.429432e-01
7.829292e-01
8.144031e-01
8.290578e-01
8.215989e-01
7.922602e-01
7.466873e-01
6.947670e-01
6.484336e-01
6.180712e-01
6.099687e-01
6.246526e-01
6.562144e-01
6.943868e-01
7.265335e-01
7.414807e-01
7.319449e-01
6.959078e-01
6.376400e-01
5.661509e-01
4.935209e-01
4.327668e-01
3.951502e-01
3.884518e-01
4.158013e-01
4.749466e-01
5.587212e-01
6.556293e-01
7.514845e-01
8.317197e-01
8.834060e-01
8.975927e-01
8.709743e-01
8.060666e-01
7.114400e-01
5.998186e-01
4.858864e-01
3.843274e-01
3.067833e-01
2.605669e-01
2.481645e-01
2.662708e-01
3.074853e-01
3.613362e-01
4.162693e-01
4.614327e-01
4.884898e-01
4.930529e-01
4.750344e-01
4.385293e-01
3.903823e-01
3.383157e-01
2.887647e-01
2.453272e-01
2.079445e-01
1.730190e-01
1.351098e-01
8.839617e-02
2.910463e-02
-4.326206e-02
-1.258666e-01
0.000000e+00
0.000000e+00
0.000000e+00
0.000000e+00
0.000000e+00
0.000000e+00
0.000000e+00
0.000000e+00
0.000000e+00
0.000000e+00
0.000000e+00
0.000000e+00
0.000000e+00
0.000000e+00
0.000000e+00
0.000000e+00
0.000000e+00
0.000000e+00
0.000000e+00
0.000000e+00
0.000000e+00
0.000000e+00
0.000000e+00
0.000000e+00
0.000000e+00
0.000000e+00
0.000000e+00
0.000000e+00
0.000000e+00
0.000000e+00
0.000000e+00
0.000000e+00
0.000000e+00
0.000000e+00
0.000000e+00
0.000000e+00
0.000000e+00
0.000000e+00
0.000000e+00
0.000000e+00
0.000000e+00
0.000000e+00
0.000000e+00
0.000000e+00
0.000000e+00
0.000000e+00
0.000000e+00
0.000000e+00
0.000000e+00
0.000000e+00
0.000000e+00
0.000000e+00
0.000000e+00
0.000000e+00
0.000000e+00
0.000000e+00
0.000000e+00
0.000000e+00
0.000000e+00
0.000000e+00
0.000000e+00
0.000000e+00
0.000000e+00
0.000000e+00
0.000000e+00
0.000000e+00
0.000000e+00
0.000000e+00
0.000000e+00
0.000000e+00
0.000000e+00
0.000000e+00
0.000000e+00
0.000000e+00
0.000000e+00
0.000000e+00
0.000000e+00
0.000000e+00
0.000000e+00
0.000000e+00
0.000000e+00
0.000000e+00
0.000000e+00
0.000000e+00
0.000000e+00
0.000000e+00
0.000000e+00
0.000000e+00
0.000000e+00
0.000000e+00
0.000000e+00
0.000000e+00
0.000000e+00
0.000000e+00
0.000000e+00
0.000000e+00
0.000000e+00
0.000000e+00
0.000000e+00
0.000000e+00
0.000000e+00
0.000000e+00
0.000000e+00
0.000000e+00
9.987296e-01
1.000000e+00
9.977380e-01
9.773805e-01
9.251387e-01
8.372324e-01
7.236080e-01
6.048090e-01
5.035169e-01
4.354724e-01
4.043318e-01
4.021938e-01
4.141542e-01
4.239767e-01
4.195767e-01
3.943854e-01
3.488365e-01
2.890342e-01
2.256065e-01
1.707929e-01
1.346946e-01
1.219285e-01
1.294890e-01
1.487311e-01
1.686239e-01
1.810492e-01
1.834351e-01
1.785393e-01
1.716915e-01
1.681901e-01
1.709788e-01
1.811421e-01
1.981533e-01
2.206488e-01
2.452514e-01
2.669724e-01
2.813187e-01
2.876088e-01
2.921018e-01
3.078115e-01
3.485576e-01
4.206302e-01
5.155703e-01
6.099836e-01
6.732253e-01
6.800112e-01
6.215722e-01
5.098689e-01
3.716729e-01
2.378769e-01
1.323707e-01
6.575156e-02
3.718278e-02
3.891798e-02
6.206426e-02
9.853438e-02
1.412016e-01
1.825055e-01
2.149785e-01
2.322994e-01
2.322375e-01
2.169925e-01
1.926068e-01
1.667028e-01
1.466241e-01
1.373284e-01
1.416354e-01
1.591733e-01
1.870294e-01
2.199362e-01
2.524401e-01
2.804512e-01
3.031017e-01
3.213522e-01
3.356366e-01
3.431971e-01
3.381155e-01
3.145973e-01
2.728907e-01
2.219812e-01
1.777027e-01
1.547424e-01
1.584606e-01
1.800266e-01
2.007251e-01
2.023673e-01
1.775168e-01
1.342608e-01
9.054008e-02
6.314876e-02
5.738543e-02
6.463607e-02
6.888111e-02
5.877978e-02
3.507576e-02
1.065906e-02
1.983082e-03
1.846745e-02
5.664177e-02
1.026865e-01
1.414185e-01
1.655254e-01
1.788182e-01
1.930406e-01
2.197193e-01
2.634710e-01
3.198959e-01
3.791095e-01
4.310104e-01
4.704862e-01
4.979704e-01
5.182970e-01
5.364546e-01
5.550460e-01
5.727078e-01
5.844824e-01
5.836148e-01
5.645276e-01
5.258885e-01
4.723763e-01
4.136585e-01
3.612617e-01
3.233353e-01
3.011186e-01
2.891891e-01
2.801413e-01
2.711555e-01
2.680259e-01
2.838906e-01
3.326000e-01
4.199486e-01
5.385307e-01
6.679267e-01
7.819849e-01
8.574660e-01
8.809531e-01
8.512069e-01
7.773061e-01
6.755492e-01
5.662008e-01
4.707960e-01
4.095374e-01
3.968952e-01
4.369597e-01
5.207139e-01
6.275834e-01
7.314473e-01
8.096241e-01
8.495956e-01
8.516407e-01
8.254268e-01
7.844948e-01
7.399684e-01
6.984166e-01
6.612958e-01
6.280792e-01
5.978992e-01
5.709417e-01
5.477334e-01
5.289871e-01
5.151985e-01
5.070183e-01
5.054070e-01
5.104267e-01
5.204041e-01
5.304434e-01
5.325504e-01
5.181111e-01
4.809903e-01
4.210331e-01
3.445915e-01
2.630372e-01
1.885787e-01
1.306045e-01
9.317386e-02
7.631766e-02
7.734019e-02
9.320485e-02
1.209990e-01
1.568804e-01
1.954575e-01
2.298826e-01
2.543922e-01
2.663217e-01
2.681189e-01
2.659809e-01
2.671583e-01
2.758653e-01
2.917609e-01
3.099805e-01
3.238311e-01
3.288507e-01
3.259691e-01
3.220959e-01
3.288817e-01
3.573885e-01
4.125740e-01
4.889536e-01
5.692684e-01
6.296595e-01
6.479100e-01
6.115019e-01
5.227590e-01
3.966783e-01
2.545162e-01
1.165061e-01
-1.518297e-03
-8.803024e-02
-1.322778e-01
-1.243454e-01
-5.828401e-02
6.194032e-02
2.182939e-01
3.811545e-01
5.187308e-01
6.085582e-01
6.449974e-01
6.391101e-01
6.105103e-01
5.757134e-01
5.417222e-01
5.058718e-01
4.621510e-01
4.087627e-01
3.521210e-01
3.042481e-01
2.762681e-01
2.717442e-01
2.840145e-01
2.990425e-01
3.022651e-01
2.864624e-01
2.549190e-01
2.210207e-01
2.023673e-01
2.135841e-01
2.600936e-01
3.364112e-01
4.282837e-01
5.177083e-01
5.880457e-01
6.280482e-01
6.333468e-01
6.058005e-01
5.525052e-01
4.843368e-01
4.140613e-01
3.536703e-01
3.117157e-01
2.910792e-01
2.882595e-01
2.954482e-01
3.046819e-01
3.108481e-01
3.142255e-01
3.193691e-01
3.325070e-01
3.585040e-01
3.984445e-01
4.492920e-01
5.042915e-01
5.540235e-01
5.878598e-01
5.963809e-01
5.744740e-01
5.239364e-01
4.542807e-01
3.801320e-01
3.160847e-01
2.705357e-01
2.436712e-01
2.291079e-01
2.210826e-01
2.196263e-01
2.336008e-01
2.764540e-01
3.581322e-01
4.778608e-01
6.213243e-01
7.651597e-01
8.850432e-01
9.643045e-01
9.976451e-01
9.901156e-01
9.512596e-01
8.907756e-01
8.151706e-01
7.284727e-01
6.341834e-01
5.374771e-01
4.456976e-01
3.672420e-01
3.099185e-01
2.789019e-01
2.749667e-01
2.944877e-01
3.304620e-01
3.739039e-01
4.169430e-01
4.540948e-01
4.829114e-01
5.031450e-01
5.156013e-01
5.215815e-01
5.228519e-01
5.221392e-01
5.232547e-01
5.299166e-01
5.450996e-01
5.694234e-01
6.015245e-01
6.386763e-01
6.773774e-01
7.138165e-01
7.443993e-01
7.655625e-01
7.757568e-01
7.764695e-01
7.721315e-01
7.682273e-01
7.683513e-01
7.711090e-01
7.710780e-01
7.616893e-01
7.398445e-01
7.082391e-01
6.740619e-01
6.445946e-01
6.237722e-01
6.101075e-01
6.000372e-01
5.921668e-01
5.901528e-01
6.014006e-01
6.324172e-01
6.832646e-01
7.453599e-01
8.035510e-01
8.421591e-01
8.516717e-01
8.314690e-01
7.884919e-01
7.308586e-01
6.622874e-01
5.781923e-01
4.677594e-01
3.199888e-01
1.316890e-01
-8.834010e-02
0.000000e+00
0.000000e+00
0.000000e+00
0.000000e+00
0.000000e+00
0.000000e+00
0.000000e+00
0.000000e+00
0.000000e+00
0.000000e+00
0.000000e+00
0.000000e+00
0.000000e+00
0.000000e+00
0.000000e+00
0.000000e+00
0.000000e+00
0.000000e+00
0.000000e+00
0.000000e+00
0.000000e+00
0.000000e+00
0.000000e+00
0.000000e+00
0.000000e+00
0.000000e+00
0.000000e+00
0.000000e+00
0.000000e+00
0.000000e+00
0.000000e+00
0.000000e+00
0.000000e+00
0.000000e+00
0.000000e+00
0.000000e+00
0.000000e+00
0.000000e+00
