1.200000e-01 -1
0.196000 2
0.228000 2
0.272000 2
0.320000 1
0.360000 1
0.440000 1
0.484000 2
0.508000 2
0.604000 1
0.640000 1
0.680000 1
0.712000 1
0.776000 2
0.800000 2
0.824000 2
0.864000 2
0.896000 2
0.956000 2
1.012000 1
1.132000 1
1.176000 2
1.212000 1
1.248000 1
1.312000 2
1.360000 1
1.428000 2
1.464000 2
1.504000 1
1.580000 1
1.604000 1
1.636000 1
1.684000 2
1.692000 1
2.072000e+00 -1
2.124000 1
2.204000 1
2.292000 1
2.412000 1
2.472000 1
2.568000 1
2.632000 1
2.684000 1
2.804000 1
2.892000 1
2.968000 2
3.000000 1
3.068000 1
3.128000 1
3.160000 1
3.208000 1
3.260000 1
3.312000 1
3.388000 1
3.488000 1
3.596000 1
3.664000 1
3.708000 1
3.752000 1
3.832000 1
3.912000 2
4.044000 1
4.136000 1
4.276000 1
4.312000 1
4.336000 1
4.464000e+00 -1
