     11 53
     48 54
     45 55
     31 56
     75 57
     55 58
     56 59
     61 60
     79 61
     71 62
     56 63
     68 64
     83 65
     66 66
     87 67
     70 68
    114 69
     52 70
    114 71
     83 72
    113 73
    101 74
     97 75
    151 76
    112 77
    160 78
    136 79
    204 80
    287 81
    321 82
    285 83
    382 84
    391 85
    536 86
    740 87
    634 88
    738 89
    723 90
    706 91
   1065 92
    896 93
    971 94
   1079 95
    748 96
    761 97
    990 98
    618 99
    473 100
    692 101
    615 102
    316 103
    369 104
    396 105
    147 106
    204 107
    220 108
    234 109
    191 110
     95 111
     70 112
    152 113
     27 114
    105 115
     62 116
     60 117
     44 118
     47 119
     35 120
     52 121
     44 122
     35 123
     20 124
     28 125
     21 126
     29 127
     22 128
     19 129
     18 130
     28 131
     14 132
     16 133
      6 134
      9 135
     15 136
     12 137
     11 138
      7 139
      9 140
      9 141
     11 142
      5 143
      9 144
      7 145
      8 146
      3 147
     11 148
      6 149
      9 150
      6 151
     11 152
     14 153
     13 154
     19 155
     19 156
     25 157
     26 158
     29 159
     40 160
     53 161
     65 162
     82 163
     93 164
    119 165
    133 166
    139 167
    164 168
    208 169
    259 170
    279 171
    286 172
    333 173
    416 174
    428 175
    471 176
    517 177
    517 178
    589 179
    542 180
    645 181
    619 182
    690 183
    635 184
    747 185
    677 186
    730 187
    689 188
    735 189
    758 190
    750 191
    753 192
    764 193
    724 194
    834 195
    775 196
    866 197
    796 198
    904 199
    935 200
    891 201
   1074 202
    976 203
   1097 204
   1133 205
   1341 206
   1030 207
   1066 208
   1335 209
   1314 210
   1313 211
   1273 212
   1447 213
   1283 214
   1443 215
   1495 216
   1351 217
   1473 218
   1555 219
   1332 220
   1469 221
   1560 222
   1390 223
   1465 224
   1503 225
   1274 226
   1324 227
   1467 228
   1378 229
   1503 230
   1313 231
   1341 232
   1386 233
   1236 234
   1318 235
   1165 236
   1139 237
   1191 238
   1185 239
   1026 240
   1060 241
   1236 242
    987 243
    935 244
    931 245
   1025 246
    914 247
    887 248
    934 249
    900 250
    804 251
    834 252
    928 253
    905 254
    838 255
    840 256
    877 257
    880 258
    845 259
    872 260
    806 261
    777 262
    752 263
    740 264
    726 265
    762 266
    727 267
    651 268
    696 269
    637 270
    650 271
    666 272
    631 273
    662 274
    604 275
    646 276
    537 277
    530 278
    532 279
    578 280
    565 281
    504 282
    500 283
    540 284
    573 285
    540 286
    486 287
    447 288
    501 289
    508 290
    488 291
    472 292
    454 293
    485 294
    456 295
    455 296
    466 297
    366 298
    530 299
    373 300
    401 301
    413 302
    410 303
    465 304
    352 305
    349 306
    398 307
    383 308
    370 309
    405 310
    364 311
    368 312
    364 313
    369 314
    341 315
    331 316
    325 317
    321 318
    319 319
    358 320
    325 321
    292 322
    302 323
    314 324
    315 325
    342 326
    289 327
    305 328
    312 329
    289 330
    294 331
    277 332
    318 333
    260 334
    267 335
    239 336
    267 337
    244 338
    219 339
    263 340
    220 341
    195 342
    198 343
    180 344
    184 345
    190 346
    186 347
    156 348
    169 349
    145 350
    150 351
    116 352
    142 353
    114 354
    128 355
    113 356
     95 357
     78 358
     96 359
     96 360
     65 361
     91 362
     71 363
     65 364
     64 365
     66 366
     56 367
     45 368
     44 369
     42 370
     35 371
     31 372
     24 373
     20 374
     22 375
     16 376
     20 377
     19 378
     14 379
     17 380
     20 381
     10 382
     13 383
     12 384
      2 385
      4 386
      6 387
      5 388
      4 389
      6 390
     10 391
      5 392
      3 393
      5 394
      5 395
      4 396
      8 397
      3 398
      7 399
      8 400
      2 401
      3 402
      4 403
      1 404
      5 405
      2 407
      5 408
      4 409
      5 410
      3 412
      4 413
      1 414
      4 416
      2 417
      3 418
      3 419
      2 420
      1 421
      3 422
      3 423
      2 424
      2 425
      3 426
      3 427
      7 428
      3 429
      3 430
      1 432
      1 433
      2 434
      1 435
      1 436
      2 438
      2 439
      1 441
      1 443
      1 447
      2 448
      3 449
      2 450
      1 451
      2 452
      1 453
      2 455
      2 456
      1 457
      1 458
      1 460
      1 461
      2 462
      2 463
      1 464
      2 465
      1 466
      1 468
      1 469
      1 470
      2 471
      2 472
      1 473
      1 474
      1 475
      1 479
      2 481
      1 482
      3 483
      2 484
      1 486
      1 487
      1 489
      4 490
      2 492
      1 493
      1 494
      2 496
      1 497
      1 498
      1 500
      1 502
      1 504
      1 506
      1 507
      4 508
      3 509
      1 510
      1 511
      2 512
      1 513
      1 514
      1 517
      1 518
      3 520
      1 521
      2 524
      1 526
      1 527
      1 528
      1 529
      1 530
      2 532
      4 533
      2 534
      2 536
      1 539
      1 540
      1 541
