-1 -4.000000e-03 -1 25 1.000000e-01 -1
26 0.104000 1 37 0.152000 1
38 0.152000 1 50 0.204000 1
51 0.204000 1 65 0.264000 1
66 0.264000 2 77 0.312000 2
78 0.312000 2 94 0.380000 2
95 0.380000 1 109 0.440000 1
110 0.440000 2 118 0.476000 2
119 0.476000 1 130 0.524000 1
131 0.524000 1 152 0.612000 1
153 0.612000 1 171 0.688000 1
172 0.688000 1 183 0.736000 1
184 0.736000 1 199 0.800000 1
200 0.800000 1 207 0.832000 1
208 0.832000 1 222 0.892000 1
223 0.892000 1 234 0.940000 1
235 0.940000 1 247 0.992000 1
248 0.992000 1 253 1.016000 1
254 1.016000 2 265 1.064000 2
266 1.064000 1 280 1.124000 1
281 1.124000 1 291 1.168000 1
292 1.168000 1 308 1.236000 1
309 1.236000 1 325 1.304000 1
326 1.304000 1 353 1.416000 1
354 1.416000 1 357 1.432000 1
358 1.432000 1 372 1.492000 1
373 1.492000 1 379 1.520000 1
380 1.520000 1 384 1.536000 1
385 1.540000e+00 -1 625 2.500000e+00 -1
626 2.504000 2 647 2.592000 2
648 2.592000 1 678 2.716000 1
679 2.716000 1 685 2.744000 1
686 2.744000 1 728 2.916000 1
729 2.916000 1 735 2.944000 1
736 2.944000 1 748 2.996000 1
749 2.996000 1 767 3.072000 1
768 3.072000 1 783 3.136000 1
784 3.136000 1 799 3.200000 1
800 3.200000 1 806 3.228000 1
807 3.228000 1 821 3.288000 1
822 3.288000 1 834 3.340000 1
835 3.340000 1 858 3.436000 1
859 3.436000 1 872 3.492000 1
873 3.492000 2 882 3.532000 2
883 3.532000 1 898 3.596000 1
899 3.596000 1 912 3.652000 1
913 3.652000 1 922 3.692000 1
923 3.692000 2 932 3.732000 2
933 3.732000 1 936 3.744000 1
937 3.748000e+00 -1 1082 4.328000e+00 -1
1083 4.332000 1 1090 4.364000 1
1091 4.364000 1 1108 4.436000 1
1109 4.436000 2 1116 4.468000 2
1117 4.468000 2 1122 4.492000 2
1123 4.492000 2 1136 4.548000 2
1137 4.548000 2 1146 4.588000 2
1147 4.588000 1 1167 4.672000 1
1168 4.672000 1 1185 4.744000 1
1186 4.744000 1 1202 4.812000 1
1203 4.812000 2 1215 4.864000 2
1216 4.864000 2 1226 4.908000 2
1227 4.908000 1 1231 4.928000 1
1232 4.928000 2 1237 4.952000 2
1238 4.952000 2 1246 4.988000 2
1247 4.988000 1 1260 5.044000 1
1261 5.044000 1 1274 5.100000 1
1275 5.100000 1 1296 5.188000 1
1297 5.188000 2 1306 5.228000 2
1307 5.228000 1 1316 5.268000 1
1317 5.268000 2 1339 5.360000 2
1340 5.360000 2 1345 5.384000 2
1346 5.384000 2 1363 5.456000 2
1364 5.456000 2 1370 5.484000 2
1371 5.484000 2 1379 5.520000 2
1380 5.520000 1 1390 5.564000 1
1391 5.564000 1 1400 5.604000 1
1401 5.604000 1 1409 5.640000 1
1410 5.640000 1 1419 5.680000 1
1420 5.680000 1 1433 5.736000 1
1434 5.736000 1 1442 5.772000 1
1443 5.772000 2 1457 5.832000 2
1458 5.832000 1 1465 5.864000 1
1466 5.864000 1 1472 5.892000 1
1473 5.892000 1 1480 5.924000 1
1481 5.924000 1 1494 5.980000 1
1495 5.980000 2 1503 6.016000 2
1504 6.016000 2 1509 6.040000 2
1510 6.040000 1 1525 6.104000 1
1526 6.104000 1 1534 6.140000 1
1535 6.140000 1 1544 6.180000 1
1545 6.180000 2 1554 6.220000 2
1555 6.220000 2 1579 6.320000 2
1580 6.320000 1 1595 6.384000 1
1596 6.384000 1 1602 6.412000 1
1603 6.412000 1 1617 6.472000 1
1618 6.472000 1 1627 6.512000 1
1628 6.512000 2 1636 6.548000 2
1637 6.548000 1 1648 6.596000 1
1649 6.596000 1 1664 6.660000 1
1665 6.660000 1 1674 6.700000 1
1675 6.700000 1 1682 6.732000 1
1683 6.732000 1 1696 6.788000 1
1697 6.788000 2 1704 6.820000 2
1705 6.820000 1 1716 6.868000 1
1717 6.868000 1 1722 6.892000 1
1723 6.892000 1 1731 6.928000 1
1732 6.928000 1 1738 6.956000 1
1739 6.956000 2 1744 6.980000 2
1745 6.980000 1 1762 7.052000 1
1763 7.052000 1 1782 7.132000 1
1783 7.132000 1 1792 7.172000 1
1793 7.172000 1 1810 7.244000 1
1811 7.244000 1 1818 7.276000 1
1819 7.276000 1 1837 7.352000 1
1838 7.352000 1 1851 7.408000 1
1852 7.408000 1 1858 7.436000 1
1859 7.436000 2 1871 7.488000 2
1872 7.488000 1 1886 7.548000 1
1887 7.548000 1 1891 7.568000 1
1892 7.568000 2 1901 7.608000 2
1902 7.608000 2 1912 7.652000 2
1913 7.652000 1 1931 7.728000 1
1932 7.728000 2 1944 7.780000 2
1945 7.780000 2 1951 7.808000 2
1952 7.808000 2 1958 7.836000 2
1959 7.836000 2 1967 7.872000 2
1968 7.872000 2 1981 7.928000 2
1982 7.928000 1 1993 7.976000 1
1994 7.976000 2 2001 8.008000 2
2002 8.008000 1 2011 8.048000 1
2012 8.048000 1 2025 8.104000 1
2026 8.104000 2 2053 8.216000 2
2054 8.216000 1 2061 8.248000 1
2062 8.248000 2 2075 8.304000 2
2076 8.304000 2 2083 8.336000 2
2084 8.336000 2 2089 8.360000 2
2090 8.360000 1 2104 8.420000 1
2105 8.420000 1 2116 8.468000 1
2117 8.468000 2 2133 8.536000 2
2134 8.536000 2 2141 8.568000 2
2142 8.568000 2 2148 8.596000 2
2149 8.596000 2 2155 8.624000 2
2156 8.624000 2 2160 8.644000 2
2161 8.644000 1 2173 8.696000 1
2174 8.696000 1 2202 8.812000 1
2203 8.812000 2 2211 8.848000 2
2212 8.848000 1 2217 8.872000 1
2218 8.872000 2 2226 8.908000 2
2227 8.908000 2 2234 8.940000 2
2235 8.940000 2 2242 8.972000 2
2243 8.972000 2 2253 9.016000 2
2254 9.016000 2 2260 9.044000 2
2261 9.044000 2 2279 9.120000 2
2280 9.120000 2 2288 9.156000 2
2289 9.156000 1 2305 9.224000 1
2306 9.224000 2 2320 9.284000 2
2321 9.284000 2 2332 9.332000 2
2333 9.332000 2 2342 9.372000 2
2343 9.372000 2 2351 9.408000 2
2352 9.408000 2 2359 9.440000 2
2360 9.440000 1 2371 9.488000 1
2372 9.488000 2 2386 9.548000 2
2387 9.548000 1 2398 9.596000 1
2399 9.596000 1 2412 9.652000 1
2413 9.652000 1 2425 9.704000 1
2426 9.704000 1 2437 9.752000 1
2438 9.752000 1 2443 9.776000 1
2444 9.776000 1 2452 9.812000 1
2453 9.812000 2 2465 9.864000 2
2466 9.864000 1 2477 9.912000 1
2478 9.912000 1 2496 9.988000 1
2497 9.988000 1 2508 10.036000 1
2509 10.036000 1 2515 10.064000 1
2516 10.064000 1 2529 10.120000 1
2530 10.120000 1 2540 10.164000 1
2541 10.164000 1 2553 10.216000 1
2554 10.216000 1 2569 10.280000 1
2570 10.280000 2 2599 10.400000 2
2600 10.400000 1 2614 10.460000 1
2615 10.460000 1 2632 10.532000 1
2633 10.532000 1 2659 10.640000 1
2660 10.640000 1 2665 10.664000 1
2666 10.664000 1 2671 10.688000 1
2672 10.688000 1 2678 10.716000 1
2679 10.716000 1 2696 10.788000 1
2697 10.788000 1 2703 10.812000 1
2704 1.081600e+01 -1 2742 1.096800e+01 -1
