-1 -0.004000 1 17 0.068000 1
18 0.072000 3 63 0.252000 3
64 0.256000 3 94 0.376000 3
95 0.380000 2 135 0.540000 2
136 0.544000 3 164 0.656000 3
165 0.660000 3 196 0.784000 3
197 0.788000 3 221 0.884000 3
222 0.888000 2 249 0.996000 2
250 1.000000 2 306 1.224000 2
307 1.228000 3 353 1.412000 3
354 1.416000 1 376 1.504000 1
377 1.508000 1 384 1.536000 1
385 1.540000e+00 -1 625 2.500000e+00 -1
626 2.504000 1 680 2.720000 1
681 2.724000 3 720 2.880000 3
721 2.884000 3 770 3.080000 3
771 3.084000 2 844 3.376000 2
845 3.380000 2 879 3.516000 2
880 3.520000 1 924 3.696000 1
925 3.700000 1 936 3.744000 1
937 3.748000e+00 -1 1082 4.328000e+00 -1
1083 4.332000 3 1110 4.440000 3
1111 4.444000 3 1135 4.540000 3
1136 4.544000 3 1171 4.684000 3
1172 4.688000 3 1196 4.784000 3
1197 4.788000 3 1241 4.964000 3
1242 4.968000 3 1276 5.104000 3
1277 5.108000 1 1307 5.228000 1
1308 5.232000 3 1346 5.384000 3
1347 5.388000 3 1364 5.456000 3
1365 5.460000 1 1403 5.612000 1
1404 5.616000 3 1449 5.796000 3
1450 5.800000 3 1485 5.940000 3
1486 5.944000 2 1539 6.156000 2
1540 6.160000 3 1572 6.288000 3
1573 6.292000 2 1611 6.444000 2
1612 6.448000 3 1642 6.568000 3
1643 6.572000 3 1690 6.760000 3
1691 6.764000 1 1753 7.012000 1
1754 7.016000 3 1802 7.208000 3
1803 7.212000 3 1834 7.336000 3
1835 7.340000 2 1863 7.452000 2
1864 7.456000 3 1887 7.548000 3
1888 7.552000 3 1928 7.712000 3
1929 7.716000 2 1979 7.916000 2
1980 7.920000 3 2013 8.052000 3
2014 8.056000 3 2055 8.220000 3
2056 8.224000 3 2079 8.316000 3
2080 8.320000 2 2109 8.436000 2
2110 8.440000 3 2141 8.564000 3
2142 8.568000 1 2185 8.740000 1
2186 8.744000 2 2221 8.884000 2
2222 8.888000 3 2257 9.028000 3
2258 9.032000 1 2295 9.180000 1
2296 9.184000 3 2346 9.384000 3
2347 9.388000 3 2368 9.472000 3
2369 9.476000 3 2402 9.608000 3
2403 9.612000 3 2421 9.684000 3
2422 9.688000 3 2452 9.808000 3
2453 9.812000 1 2485 9.940000 1
2486 9.944000 1 2524 10.096000 1
2525 10.100000 3 2555 10.220000 3
2556 10.224000 3 2581 10.324000 3
2582 10.328000 1 2624 10.496000 1
2625 10.500000 3 2668 10.672000 3
2669 10.676000 1 2733 10.932000 1
2734 10.936000 1 2742 10.968000 1
