
0.000000e+00
0.000000e+00
0.000000e+00
0.000000e+00
0.000000e+00
0.000000e+00
0.000000e+00
0.000000e+00
0.000000e+00
0.000000e+00
0.000000e+00
0.000000e+00
0.000000e+00
0.000000e+00
0.000000e+00
0.000000e+00
0.000000e+00
0.000000e+00
0.000000e+00
0.000000e+00
0.000000e+00
0.000000e+00
0.000000e+00
0.000000e+00
0.000000e+00
0.000000e+00
0.000000e+00
1.474859e-03
1.474859e-03
1.178974e-03
1.243382e-03
1.474859e-03
1.474859e-03
1.325705e-03
1.266923e-03
1.266923e-03
1.243382e-03
1.266923e-03
1.243382e-03
1.079848e-03
1.079848e-03
9.774030e-04
9.624318e-04
9.624318e-04
9.624318e-04
9.624318e-04
9.774030e-04
1.100505e-03
9.774030e-04
9.774030e-04
1.005219e-03
1.100505e-03
1.104785e-03
1.104785e-03
1.104785e-03
1.005219e-03
6.120788e-04
2.407251e-04
2.309873e-04
2.407251e-04
6.120788e-04
6.120788e-04
6.120788e-04
2.407251e-04
4.732046e-04
4.732046e-04
4.732046e-04
2.244461e-04
2.993429e-04
3.266661e-04
3.266661e-04
3.266661e-04
3.266661e-04
3.266661e-04
3.266661e-04
2.993429e-04
3.266661e-04
3.755016e-04
3.755016e-04
3.843800e-04
3.843800e-04
3.755016e-04
2.768883e-04
2.333944e-04
1.594716e-04
2.333944e-04
1.543046e-04
1.543046e-04
1.543046e-04
1.543046e-04
1.543046e-04
1.828890e-04
1.828890e-04
1.828890e-04
1.828890e-04
1.828890e-04
1.828890e-04
1.828890e-04
2.099824e-04
2.099824e-04
2.468367e-04
2.099824e-04
2.087237e-04
2.087237e-04
2.099824e-04
3.639549e-04
3.639549e-04
3.639549e-04
3.639549e-04
6.586440e-04
3.639549e-04
2.634959e-04
3.905343e-04
4.584441e-04
3.905343e-04
3.671049e-04
2.634959e-04
2.634959e-04
2.634959e-04
3.671049e-04
3.671049e-04
3.905343e-04
4.298627e-04
4.584441e-04
4.714293e-04
7.110274e-04
8.233686e-04
1.034996e-03
1.034996e-03
1.844376e-03
1.844376e-03
2.316994e-03
2.316994e-03
2.316994e-03
1.844376e-03
9.687963e-04
6.231738e-04
6.231738e-04
6.072893e-04
5.569499e-04
4.511843e-04
5.569499e-04
4.511843e-04
4.511843e-04
3.749173e-04
3.749173e-04
3.749173e-04
4.511843e-04
4.511843e-04
4.511843e-04
4.435778e-04
3.016133e-04
2.537649e-04
3.016133e-04
3.916612e-04
3.960410e-04
3.916612e-04
3.960410e-04
3.960410e-04
3.960410e-04
3.960410e-04
4.711772e-04
7.058963e-04
7.058963e-04
9.507196e-04
1.279817e-03
1.279817e-03
1.786533e-03
1.368601e-03
1.368601e-03
1.403126e-03
1.368601e-03
1.368601e-03
1.368601e-03
1.368601e-03
1.368601e-03
9.937361e-04
9.937361e-04
9.937361e-04
9.937361e-04
9.937361e-04
4.616455e-04
9.937361e-04
4.459339e-04
1.013885e-03
1.013885e-03
4.459339e-04
4.459339e-04
3.158571e-04
3.158571e-04
2.900450e-04
2.900450e-04
3.158571e-04
3.158571e-04
3.380019e-04
3.380019e-04
3.494933e-04
4.085414e-04
4.085414e-04
4.085414e-04
4.085414e-04
4.160047e-04
4.304217e-04
4.304217e-04
4.888767e-04
4.888767e-04
4.888767e-04
4.160047e-04
4.160047e-04
4.888767e-04
4.888767e-04
4.888767e-04
4.888767e-04
3.299959e-04
3.299959e-04
3.299959e-04
5.420901e-04
8.765945e-04
8.765945e-04
5.420901e-04
3.339533e-04
5.420901e-04
5.420901e-04
9.433882e-04
1.023898e-03
1.023898e-03
1.023898e-03
1.023898e-03
1.023898e-03
1.210178e-03
1.218683e-03
1.218683e-03
1.396983e-03
1.218683e-03
1.396983e-03
1.445405e-03
1.605609e-03
1.605609e-03
1.445405e-03
1.445405e-03
1.445405e-03
1.605609e-03
2.128177e-03
2.128177e-03
2.128177e-03
1.845252e-03
1.816899e-03
1.845252e-03
2.128177e-03
2.658935e-03
2.128177e-03
1.845252e-03
1.816899e-03
1.499958e-03
1.420503e-03
1.099577e-03
1.054770e-03
1.054770e-03
7.914217e-04
7.914217e-04
7.914217e-04
6.935680e-04
6.935680e-04
6.902683e-04
3.525353e-04
6.902683e-04
6.902683e-04
7.184475e-04
7.184475e-04
6.902683e-04
6.902683e-04
3.293202e-04
5.993008e-04
5.993008e-04
3.435700e-04
5.993008e-04
4.323606e-04
5.993008e-04
4.323606e-04
5.993008e-04
5.993008e-04
4.323606e-04
5.993008e-04
6.441516e-04
6.441516e-04
1.036743e-03
6.441516e-04
1.036743e-03
1.036743e-03
1.065509e-03
1.036743e-03
1.036743e-03
1.036743e-03
6.025673e-04
5.906834e-04
5.010463e-04
5.010463e-04
5.906834e-04
5.010463e-04
5.906834e-04
5.906834e-04
5.010463e-04
5.010463e-04
5.010463e-04
5.010463e-04
5.256832e-04
5.256832e-04
5.256832e-04
4.921835e-04
5.256832e-04
5.256832e-04
4.921835e-04
4.921835e-04
5.256832e-04
5.256832e-04
3.502796e-04
3.502796e-04
6.441672e-04
6.441672e-04
6.441672e-04
6.441672e-04
6.441672e-04
6.441672e-04
1.036132e-03
1.036132e-03
1.036132e-03
1.511625e-03
1.511625e-03
1.511625e-03
1.511625e-03
1.511625e-03
1.410059e-03
8.499908e-04
8.499908e-04
8.499908e-04
8.499908e-04
8.499908e-04
8.499908e-04
8.499908e-04
8.499908e-04
8.738742e-04
8.738742e-04
8.738742e-04
8.910461e-04
1.098096e-03
1.098096e-03
1.109896e-03
1.655824e-03
1.655824e-03
2.452573e-03
2.675510e-03
2.452573e-03
2.675510e-03
2.675510e-03
2.675510e-03
3.097110e-03
2.675510e-03
2.675510e-03
1.907794e-03
2.675510e-03
2.728457e-03
1.907794e-03
2.728457e-03
1.907794e-03
1.907794e-03
1.907794e-03
1.700253e-03
1.511969e-03
9.835792e-04
1.511969e-03
1.007696e-03
9.835792e-04
9.835792e-04
9.835792e-04
9.754090e-04
9.835792e-04
9.835792e-04
9.754090e-04
1.007696e-03
1.007696e-03
7.779071e-04
6.960019e-04
6.960019e-04
6.542954e-04
6.534167e-04
2.894479e-04
0.000000e+00
0.000000e+00
0.000000e+00
0.000000e+00
0.000000e+00
0.000000e+00
0.000000e+00
0.000000e+00
0.000000e+00
0.000000e+00
0.000000e+00
0.000000e+00
0.000000e+00
0.000000e+00
0.000000e+00
0.000000e+00
0.000000e+00
0.000000e+00
0.000000e+00
0.000000e+00
0.000000e+00
0.000000e+00
0.000000e+00
0.000000e+00
0.000000e+00
0.000000e+00
0.000000e+00
0.000000e+00
0.000000e+00
0.000000e+00
0.000000e+00
0.000000e+00
0.000000e+00
0.000000e+00
0.000000e+00
0.000000e+00
0.000000e+00
0.000000e+00
0.000000e+00
0.000000e+00
0.000000e+00
0.000000e+00
0.000000e+00
0.000000e+00
0.000000e+00
0.000000e+00
0.000000e+00
0.000000e+00
0.000000e+00
0.000000e+00
0.000000e+00
0.000000e+00
0.000000e+00
0.000000e+00
0.000000e+00
0.000000e+00
0.000000e+00
0.000000e+00
0.000000e+00
0.000000e+00
0.000000e+00
0.000000e+00
0.000000e+00
0.000000e+00
0.000000e+00
0.000000e+00
0.000000e+00
0.000000e+00
0.000000e+00
0.000000e+00
0.000000e+00
0.000000e+00
0.000000e+00
0.000000e+00
0.000000e+00
0.000000e+00
0.000000e+00
0.000000e+00
0.000000e+00
0.000000e+00
0.000000e+00
0.000000e+00
0.000000e+00
0.000000e+00
0.000000e+00
0.000000e+00
0.000000e+00
0.000000e+00
0.000000e+00
0.000000e+00
0.000000e+00
0.000000e+00
0.000000e+00
0.000000e+00
0.000000e+00
0.000000e+00
0.000000e+00
0.000000e+00
0.000000e+00
0.000000e+00
0.000000e+00
0.000000e+00
0.000000e+00
0.000000e+00
0.000000e+00
0.000000e+00
0.000000e+00
0.000000e+00
0.000000e+00
0.000000e+00
0.000000e+00
0.000000e+00
0.000000e+00
0.000000e+00
0.000000e+00
0.000000e+00
0.000000e+00
0.000000e+00
0.000000e+00
0.000000e+00
0.000000e+00
0.000000e+00
0.000000e+00
0.000000e+00
0.000000e+00
0.000000e+00
0.000000e+00
0.000000e+00
0.000000e+00
0.000000e+00
0.000000e+00
0.000000e+00
0.000000e+00
0.000000e+00
0.000000e+00
0.000000e+00
0.000000e+00
0.000000e+00
0.000000e+00
0.000000e+00
0.000000e+00
0.000000e+00
0.000000e+00
0.000000e+00
0.000000e+00
0.000000e+00
0.000000e+00
0.000000e+00
0.000000e+00
0.000000e+00
0.000000e+00
0.000000e+00
0.000000e+00
0.000000e+00
0.000000e+00
0.000000e+00
0.000000e+00
0.000000e+00
0.000000e+00
0.000000e+00
0.000000e+00
0.000000e+00
0.000000e+00
0.000000e+00
0.000000e+00
0.000000e+00
0.000000e+00
0.000000e+00
0.000000e+00
0.000000e+00
0.000000e+00
0.000000e+00
0.000000e+00
0.000000e+00
0.000000e+00
0.000000e+00
0.000000e+00
0.000000e+00
0.000000e+00
0.000000e+00
0.000000e+00
0.000000e+00
0.000000e+00
0.000000e+00
0.000000e+00
0.000000e+00
0.000000e+00
0.000000e+00
0.000000e+00
0.000000e+00
0.000000e+00
0.000000e+00
0.000000e+00
0.000000e+00
0.000000e+00
0.000000e+00
0.000000e+00
0.000000e+00
0.000000e+00
0.000000e+00
0.000000e+00
0.000000e+00
0.000000e+00
0.000000e+00
0.000000e+00
0.000000e+00
0.000000e+00
0.000000e+00
0.000000e+00
0.000000e+00
0.000000e+00
0.000000e+00
0.000000e+00
0.000000e+00
0.000000e+00
0.000000e+00
0.000000e+00
0.000000e+00
0.000000e+00
0.000000e+00
0.000000e+00
0.000000e+00
0.000000e+00
0.000000e+00
0.000000e+00
0.000000e+00
0.000000e+00
0.000000e+00
0.000000e+00
0.000000e+00
0.000000e+00
0.000000e+00
0.000000e+00
0.000000e+00
0.000000e+00
0.000000e+00
0.000000e+00
0.000000e+00
0.000000e+00
0.000000e+00
0.000000e+00
3.259472e-04
5.168768e-04
5.168768e-04
5.168768e-04
5.168768e-04
5.168768e-04
5.168768e-04
4.172473e-04
3.893258e-04
3.893258e-04
3.650624e-04
3.439532e-04
3.439532e-04
3.439532e-04
3.439532e-04
3.650624e-04
3.893258e-04
3.439532e-04
3.439532e-04
2.750234e-04
2.453668e-04
2.453668e-04
2.750234e-04
2.658613e-04
2.750234e-04
2.658613e-04
2.578404e-04
2.394950e-04
2.370617e-04
2.370617e-04
2.370617e-04
2.370617e-04
2.578404e-04
2.578404e-04
2.578404e-04
2.370617e-04
2.370617e-04
4.379406e-04
4.571066e-04
6.509548e-04
7.539923e-04
7.539923e-04
7.539923e-04
1.637156e-03
1.654792e-03
2.110329e-03
2.110329e-03
2.292106e-03
2.292106e-03
2.110329e-03
2.110329e-03
1.466454e-03
2.351729e-03
3.058768e-03
4.810348e-03
4.810348e-03
3.058768e-03
3.058768e-03
2.738740e-03
1.656132e-03
1.715589e-03
2.738740e-03
3.058768e-03
2.738740e-03
1.715589e-03
1.656132e-03
1.080098e-03
1.431235e-03
1.080098e-03
1.070856e-03
1.070856e-03
9.933175e-04
9.771553e-04
9.771553e-04
8.932211e-04
8.214931e-04
8.214931e-04
6.784493e-04
4.190393e-04
4.165393e-04
2.818120e-04
2.818120e-04
2.818120e-04
4.165393e-04
4.165393e-04
4.165393e-04
4.190393e-04
4.165393e-04
4.190393e-04
4.237160e-04
4.237160e-04
4.258745e-04
4.237160e-04
4.258745e-04
4.423416e-04
4.897050e-04
4.954751e-04
4.897050e-04
4.954751e-04
4.954751e-04
6.820383e-04
6.820383e-04
5.290018e-04
6.820383e-04
6.820383e-04
6.354285e-04
6.354285e-04
6.354285e-04
7.110987e-04
6.354285e-04
6.354285e-04
6.109757e-04
6.354285e-04
7.110987e-04
6.354285e-04
7.049717e-04
7.049717e-04
7.049717e-04
7.049717e-04
6.109757e-04
7.049717e-04
7.049717e-04
7.049717e-04
5.777300e-04
5.777300e-04
5.912957e-04
5.912957e-04
5.912957e-04
5.777300e-04
4.552201e-04
3.728534e-04
3.728534e-04
3.728534e-04
5.912957e-04
7.795210e-04
7.795210e-04
1.016696e-03
1.016696e-03
1.016696e-03
1.151418e-03
1.151418e-03
1.151418e-03
1.109442e-03
1.109442e-03
1.139793e-03
1.139793e-03
1.109442e-03
9.477916e-04
9.477916e-04
1.109442e-03
1.109442e-03
1.139793e-03
1.139793e-03
1.139793e-03
1.154342e-03
9.477916e-04
9.477916e-04
9.477916e-04
1.125696e-03
1.125696e-03
7.788276e-04
7.788276e-04
7.788276e-04
7.788276e-04
1.125696e-03
7.442312e-04
1.125696e-03
7.442312e-04
8.417832e-04
8.417832e-04
1.428549e-03
1.428549e-03
1.428549e-03
1.428549e-03
1.428549e-03
1.428549e-03
1.428549e-03
1.428549e-03
1.428549e-03
1.428549e-03
1.328159e-03
8.746712e-04
9.320251e-04
9.320251e-04
9.320251e-04
9.320251e-04
8.746712e-04
9.320251e-04
7.397704e-04
7.397704e-04
9.320251e-04
9.320251e-04
1.150772e-03
1.150772e-03
1.150772e-03
1.150772e-03
1.150772e-03
1.150772e-03
1.150772e-03
1.247561e-03
1.150772e-03
1.150772e-03
1.247561e-03
1.813023e-03
2.097258e-03
1.813023e-03
1.247561e-03
1.813023e-03
2.097258e-03
1.813023e-03
1.813023e-03
1.813023e-03
1.813023e-03
1.204640e-03
1.080587e-03
8.425028e-04
9.172970e-04
9.172970e-04
9.172970e-04
8.425028e-04
8.425028e-04
8.425028e-04
8.425028e-04
8.425028e-04
5.661735e-04
9.172970e-04
9.937370e-04
1.080592e-03
1.652440e-03
2.331351e-03
2.331351e-03
2.331351e-03
2.331351e-03
1.652440e-03
9.518574e-04
9.518574e-04
9.023792e-04
7.673858e-04
6.611220e-04
4.174451e-04
4.174451e-04
4.871789e-04
4.871789e-04
4.871789e-04
5.350633e-04
5.350633e-04
5.350633e-04
5.350633e-04
5.350633e-04
5.350633e-04
6.338652e-04
6.338652e-04
6.338652e-04
5.350633e-04
1.301174e-04
1.301174e-04
2.279547e-04
2.279547e-04
5.671180e-04
2.279547e-04
2.279547e-04
1.794350e-04
1.711023e-04
1.794350e-04
2.279547e-04
2.605178e-04
2.605178e-04
2.605178e-04
2.810520e-04
2.810520e-04
2.810520e-04
3.502088e-04
3.502088e-04
4.240113e-04
4.240113e-04
4.240113e-04
3.502088e-04
4.240113e-04
3.502088e-04
3.502088e-04
4.240113e-04
4.387356e-04
5.959725e-04
5.959725e-04
4.387356e-04
4.387356e-04
2.965389e-04
2.965389e-04
2.965389e-04
8.507415e-04
8.507415e-04
5.356345e-04
2.921421e-04
1.979530e-04
1.979530e-04
1.979530e-04
1.979530e-04
2.915363e-04
2.921421e-04
2.915363e-04
1.979530e-04
1.979530e-04
1.979530e-04
1.979530e-04
1.500494e-04
1.500494e-04
2.860911e-04
2.915363e-04
2.860911e-04
2.104870e-04
2.104870e-04
0.000000e+00
0.000000e+00
0.000000e+00
0.000000e+00
0.000000e+00
0.000000e+00
0.000000e+00
0.000000e+00
0.000000e+00
0.000000e+00
0.000000e+00
0.000000e+00
0.000000e+00
0.000000e+00
0.000000e+00
0.000000e+00
0.000000e+00
0.000000e+00
0.000000e+00
0.000000e+00
0.000000e+00
0.000000e+00
0.000000e+00
0.000000e+00
0.000000e+00
0.000000e+00
0.000000e+00
0.000000e+00
0.000000e+00
0.000000e+00
0.000000e+00
0.000000e+00
0.000000e+00
0.000000e+00
0.000000e+00
0.000000e+00
0.000000e+00
0.000000e+00
0.000000e+00
0.000000e+00
0.000000e+00
0.000000e+00
0.000000e+00
0.000000e+00
0.000000e+00
0.000000e+00
0.000000e+00
0.000000e+00
0.000000e+00
0.000000e+00
0.000000e+00
0.000000e+00
0.000000e+00
0.000000e+00
0.000000e+00
0.000000e+00
0.000000e+00
0.000000e+00
0.000000e+00
0.000000e+00
0.000000e+00
0.000000e+00
0.000000e+00
0.000000e+00
0.000000e+00
0.000000e+00
0.000000e+00
0.000000e+00
0.000000e+00
0.000000e+00
0.000000e+00
0.000000e+00
0.000000e+00
0.000000e+00
0.000000e+00
0.000000e+00
0.000000e+00
0.000000e+00
0.000000e+00
0.000000e+00
0.000000e+00
0.000000e+00
0.000000e+00
0.000000e+00
0.000000e+00
0.000000e+00
0.000000e+00
0.000000e+00
0.000000e+00
0.000000e+00
0.000000e+00
0.000000e+00
0.000000e+00
0.000000e+00
0.000000e+00
0.000000e+00
0.000000e+00
0.000000e+00
0.000000e+00
0.000000e+00
0.000000e+00
0.000000e+00
0.000000e+00
0.000000e+00
0.000000e+00
0.000000e+00
0.000000e+00
0.000000e+00
0.000000e+00
0.000000e+00
0.000000e+00
0.000000e+00
0.000000e+00
0.000000e+00
0.000000e+00
0.000000e+00
0.000000e+00
0.000000e+00
0.000000e+00
0.000000e+00
0.000000e+00
0.000000e+00
0.000000e+00
0.000000e+00
0.000000e+00
0.000000e+00
0.000000e+00
0.000000e+00
0.000000e+00
0.000000e+00
0.000000e+00
0.000000e+00
0.000000e+00
0.000000e+00
0.000000e+00
0.000000e+00
0.000000e+00
0.000000e+00
0.000000e+00
0.000000e+00
0.000000e+00
0.000000e+00
0.000000e+00
0.000000e+00
0.000000e+00
0.000000e+00
2.172950e-04
6.279688e-04
2.635757e-03
2.635757e-03
2.635757e-03
2.635757e-03
2.635757e-03
2.436375e-03
1.875457e-03
1.875457e-03
1.791685e-03
1.541301e-03
1.351865e-03
1.002889e-03
1.002889e-03
1.002889e-03
5.192760e-04
4.876017e-04
4.246042e-04
4.876017e-04
4.876017e-04
4.876017e-04
4.876017e-04
4.876017e-04
4.876017e-04
4.876017e-04
4.876017e-04
4.876017e-04
4.685319e-04
5.395031e-04
4.685319e-04
4.231110e-04
4.685319e-04
4.231110e-04
4.685319e-04
4.231110e-04
4.685319e-04
4.231110e-04
2.721747e-04
2.190505e-04
2.070023e-04
2.190505e-04
2.721747e-04
2.070023e-04
2.721747e-04
2.721747e-04
3.515399e-04
3.515399e-04
3.515399e-04
3.515399e-04
4.199676e-04
4.199676e-04
4.199676e-04
2.493202e-04
2.493202e-04
2.493202e-04
2.385564e-04
2.385564e-04
2.385564e-04
2.385564e-04
3.803181e-04
2.385564e-04
2.385564e-04
2.385564e-04
3.803181e-04
3.897440e-04
3.803181e-04
3.897440e-04
3.803181e-04
3.803181e-04
3.516277e-04
3.516277e-04
3.516277e-04
3.897440e-04
4.637500e-04
4.637500e-04
7.346644e-04
9.507982e-04
9.507982e-04
1.120555e-03
1.237432e-03
1.237432e-03
1.120555e-03
1.120555e-03
1.040394e-03
1.120555e-03
1.040394e-03
1.040394e-03
1.040394e-03
8.081278e-04
5.908784e-04
5.908784e-04
4.302622e-04
5.908784e-04
5.908784e-04
8.081278e-04
8.081278e-04
8.081278e-04
4.302622e-04
8.081278e-04
4.302622e-04
4.302622e-04
3.963751e-04
3.605645e-04
3.605645e-04
3.605645e-04
3.605645e-04
3.605645e-04
3.605645e-04
4.171426e-04
4.171426e-04
4.626076e-04
7.220123e-04
9.250013e-04
1.476051e-03
1.995633e-03
2.067548e-03
2.067548e-03
1.995633e-03
1.995633e-03
1.995633e-03
5.721340e-04
5.721340e-04
5.721340e-04
5.721340e-04
4.466164e-04
4.466164e-04
4.466164e-04
4.675747e-04
4.675747e-04
4.675747e-04
4.675747e-04
4.675747e-04
5.074539e-04
4.675747e-04
4.675747e-04
5.074539e-04
5.622091e-04
6.843643e-04
5.622091e-04
6.843643e-04
7.783623e-04
7.783623e-04
7.925799e-04
7.925799e-04
7.925799e-04
7.783623e-04
6.843643e-04
7.783623e-04
7.783623e-04
7.783623e-04
7.783623e-04
4.901741e-04
3.294761e-04
3.294761e-04
3.294761e-04
3.294761e-04
5.608802e-04
5.608802e-04
5.608802e-04
3.294761e-04
3.294761e-04
3.294761e-04
2.805220e-04
4.752954e-04
2.805220e-04
2.805220e-04
2.805220e-04
2.746191e-04
2.746191e-04
2.746191e-04
4.752954e-04
6.115516e-04
6.115516e-04
6.280603e-04
6.280603e-04
6.280603e-04
6.280603e-04
6.280603e-04
6.280603e-04
7.328910e-04
5.289094e-04
5.289094e-04
5.289094e-04
7.328910e-04
1.331478e-03
1.331478e-03
1.408099e-03
1.408099e-03
1.408099e-03
1.408099e-03
1.331478e-03
1.331478e-03
1.137503e-03
8.744574e-04
8.744574e-04
4.700058e-04
3.896823e-04
3.896823e-04
3.896823e-04
3.896823e-04
4.689365e-04
4.700058e-04
5.898888e-04
7.644332e-04
9.402803e-04
1.192513e-03
1.372017e-03
2.691847e-03
5.575784e-03
5.575784e-03
5.575784e-03
5.569629e-03
5.569629e-03
5.569629e-03
2.691847e-03
1.222366e-03
1.222366e-03
1.137292e-03
3.735736e-04
3.666434e-04
3.070857e-04
3.070857e-04
3.070857e-04
3.735736e-04
4.794556e-04
7.267282e-04
1.137292e-03
1.137292e-03
1.431849e-03
2.102864e-03
2.102864e-03
2.102864e-03
2.102864e-03
2.102864e-03
2.102864e-03
1.766918e-03
8.593941e-04
4.290772e-04
3.123853e-04
2.343897e-04
2.182452e-04
1.912484e-04
1.912484e-04
1.787661e-04
1.540494e-04
1.540494e-04
1.349559e-04
1.349559e-04
1.540494e-04
1.682645e-04
2.182452e-04
2.155680e-04
2.155680e-04
2.155680e-04
2.484064e-04
2.484064e-04
3.514368e-04
3.514368e-04
3.330832e-04
2.484064e-04
2.155680e-04
2.106843e-04
1.974457e-04
2.106843e-04
1.974457e-04
1.581577e-04
1.581577e-04
1.581577e-04
1.581577e-04
1.974457e-04
1.974457e-04
1.974457e-04
2.126638e-04
2.249300e-04
2.571466e-04
2.898692e-04
2.898692e-04
3.071385e-04
2.898692e-04
3.071385e-04
4.099256e-04
8.503607e-04
8.503607e-04
4.401739e-04
4.401739e-04
3.917623e-04
3.917623e-04
3.917623e-04
3.917623e-04
3.917623e-04
3.375176e-04
2.813595e-04
2.559466e-04
2.000038e-04
2.000038e-04
2.000038e-04
2.000038e-04
2.000038e-04
2.559466e-04
2.559466e-04
2.559466e-04
2.595842e-04
3.787224e-04
3.787224e-04
6.324478e-04
6.324478e-04
6.324478e-04
5.896068e-04
7.021308e-04
5.896068e-04
5.896068e-04
5.896068e-04
5.355353e-04
5.896068e-04
7.296576e-04
5.896068e-04
5.355353e-04
1.012665e-03
1.198302e-03
1.012665e-03
1.055029e-03
1.055029e-03
1.198302e-03
1.515000e-03
1.198302e-03
1.515000e-03
1.515000e-03
2.689945e-03
2.689945e-03
2.689945e-03
2.689945e-03
3.544082e-03
2.689945e-03
2.061646e-03
2.061646e-03
2.061646e-03
2.061646e-03
2.061646e-03
1.711032e-03
1.676547e-03
7.948375e-04
6.554500e-04
6.554500e-04
6.554500e-04
7.948375e-04
7.948375e-04
6.554500e-04
6.082384e-04
6.082384e-04
6.554500e-04
9.142613e-04
9.142613e-04
1.143112e-03
1.143112e-03
1.143112e-03
9.142613e-04
4.703401e-04
5.072791e-04
5.072791e-04
5.072791e-04
4.703401e-04
4.334095e-04
4.334095e-04
4.121359e-04
3.674801e-04
3.234731e-04
3.674801e-04
3.674801e-04
3.674801e-04
3.943619e-04
3.943619e-04
4.121359e-04
3.943619e-04
3.943619e-04
5.065536e-04
8.114806e-04
8.507201e-04
8.114806e-04
8.114806e-04
8.114806e-04
8.114806e-04
8.114806e-04
8.507201e-04
8.994956e-04
8.994956e-04
8.114806e-04
5.690990e-04
5.459355e-04
5.690990e-04
5.690990e-04
9.864388e-04
9.864388e-04
9.864388e-04
5.459355e-04
3.585957e-04
3.585957e-04
4.172762e-04
9.020863e-04
9.020863e-04
9.020863e-04
4.920088e-04
4.920088e-04
4.920088e-04
9.020863e-04
9.952132e-04
1.119160e-03
1.172471e-03
1.172471e-03
1.172471e-03
1.172471e-03
1.119160e-03
1.119160e-03
6.102393e-04
6.102393e-04
6.102393e-04
5.621296e-04
5.002309e-04
5.002309e-04
5.002309e-04
5.621296e-04
5.629762e-04
5.629762e-04
5.629762e-04
5.629762e-04
5.629762e-04
4.538707e-04
5.629762e-04
5.629762e-04
4.538707e-04
4.538707e-04
4.538707e-04
4.538707e-04
4.538707e-04
5.188214e-04
5.615854e-04
5.188214e-04
5.615854e-04
5.615854e-04
5.615854e-04
7.284774e-04
7.284774e-04
1.084163e-03
7.284774e-04
1.156879e-03
1.180173e-03
1.156879e-03
1.156879e-03
1.156879e-03
6.617384e-04
6.617384e-04
6.382423e-04
6.382423e-04
6.382423e-04
6.617384e-04
6.617384e-04
6.617384e-04
1.081288e-03
1.744334e-03
1.081288e-03
1.081288e-03
1.081288e-03
1.081288e-03
1.081288e-03
6.715042e-04
6.715042e-04
6.715042e-04
4.787521e-04
3.353539e-04
3.125658e-04
3.125658e-04
3.125658e-04
3.125658e-04
2.905934e-04
2.905934e-04
2.905934e-04
1.536567e-04
1.536567e-04
1.536567e-04
2.399456e-04
2.399456e-04
1.536567e-04
1.761381e-04
1.761381e-04
1.761381e-04
2.399456e-04
2.399456e-04
2.428520e-04
2.428520e-04
2.428520e-04
3.809670e-04
3.809670e-04
4.453663e-04
4.453663e-04
4.042166e-04
4.042166e-04
3.191941e-04
4.042166e-04
4.042166e-04
3.191941e-04
3.191941e-04
2.899921e-04
3.191941e-04
3.191941e-04
4.042166e-04
4.697671e-04
5.956986e-04
7.408909e-04
5.956986e-04
7.459601e-04
7.459601e-04
7.459601e-04
9.348556e-04
1.111508e-03
1.111508e-03
1.354233e-03
1.111508e-03
1.111508e-03
9.348556e-04
9.348556e-04
8.874466e-04
9.348556e-04
8.874466e-04
8.874466e-04
8.874466e-04
6.458125e-04
6.458125e-04
1.255267e-03
1.145261e-03
1.255267e-03
1.576950e-03
2.033589e-03
1.576950e-03
1.576950e-03
1.255267e-03
1.145261e-03
1.145261e-03
9.439521e-04
9.439521e-04
9.006112e-04
9.006112e-04
6.684358e-04
3.486066e-04
3.486066e-04
3.486066e-04
3.392576e-04
6.684358e-04
6.370108e-04
6.684358e-04
6.370108e-04
2.995830e-04
2.930929e-04
2.930929e-04
2.995830e-04
6.370108e-04
6.370108e-04
1.023737e-03
1.023737e-03
1.023737e-03
1.434700e-03
2.258352e-03
2.391767e-03
2.391767e-03
2.391767e-03
2.258352e-03
1.434700e-03
9.797451e-04
8.657892e-04
5.234689e-04
5.234689e-04
4.925232e-04
4.892229e-04
4.892229e-04
4.892229e-04
4.892229e-04
4.892229e-04
5.234689e-04
5.635570e-04
6.329127e-04
6.329127e-04
6.329127e-04
6.442695e-04
6.442695e-04
6.442695e-04
6.808902e-04
7.463111e-04
7.463111e-04
6.442695e-04
6.329127e-04
4.929999e-04
6.442695e-04
6.442695e-04
8.482178e-04
8.828031e-04
8.828031e-04
8.828031e-04
7.456251e-04
4.929999e-04
7.456251e-04
7.456251e-04
9.713866e-04
7.456251e-04
9.713866e-04
9.713866e-04
7.456251e-04
7.456251e-04
9.713866e-04
1.003068e-03
1.037783e-03
1.003068e-03
1.003068e-03
1.037783e-03
1.037783e-03
1.037783e-03
1.277159e-03
1.298793e-03
1.335370e-03
1.298793e-03
8.977330e-04
8.977330e-04
8.977330e-04
8.977330e-04
8.000921e-04
8.977330e-04
8.977330e-04
8.000921e-04
8.000921e-04
8.000921e-04
8.977330e-04
8.000921e-04
8.000921e-04
8.345885e-04
8.345885e-04
9.530145e-04
9.375765e-04
9.530145e-04
9.916098e-04
9.530145e-04
9.375765e-04
8.345885e-04
9.375765e-04
9.375765e-04
1.172164e-03
1.177487e-03
1.172164e-03
1.177487e-03
1.172164e-03
9.709612e-04
1.172164e-03
1.177487e-03
1.177487e-03
1.172164e-03
1.172164e-03
9.709612e-04
7.251026e-04
9.709612e-04
7.251026e-04
7.251026e-04
7.251026e-04
3.840738e-04
3.840738e-04
2.793208e-04
2.793208e-04
2.793208e-04
2.793208e-04
2.793208e-04
1.643710e-04
7.141724e-05
6.996166e-05
6.542459e-05
6.542459e-05
6.542459e-05
7.141724e-05
1.643710e-04
1.643710e-04
1.294507e-03
1.896922e-03
2.108775e-03
2.108775e-03
2.108775e-03
2.108775e-03
1.896922e-03
1.896922e-03
1.896922e-03
1.111813e-03
6.721016e-04
6.721016e-04
6.721016e-04
6.721016e-04
1.014729e-03
1.014729e-03
1.111813e-03
1.014729e-03
1.014729e-03
1.014729e-03
1.014729e-03
1.014729e-03
9.387023e-04
8.641407e-04
7.103943e-04
5.489340e-04
7.103943e-04
7.103943e-04
8.190945e-04
7.103943e-04
7.103943e-04
7.103943e-04
7.103943e-04
7.103943e-04
8.041877e-04
8.190945e-04
8.190945e-04
8.190945e-04
8.041877e-04
5.749780e-04
5.749780e-04
5.749780e-04
1.024898e-03
1.024898e-03
1.165386e-03
1.165386e-03
1.564894e-03
2.700527e-03
2.700527e-03
2.700527e-03
2.700527e-03
3.299219e-03
3.416080e-03
3.299219e-03
3.444823e-03
4.380141e-03
4.380141e-03
3.299219e-03
4.380141e-03
4.415730e-03
4.415730e-03
6.609323e-03
4.415730e-03
2.596842e-03
2.596842e-03
2.596842e-03
1.167429e-03
1.167429e-03
1.167429e-03
1.143934e-03
1.143934e-03
1.167429e-03
1.167429e-03
1.167429e-03
1.490977e-03
1.928733e-03
1.928733e-03
1.928733e-03
1.928733e-03
2.268160e-03
2.268160e-03
1.928733e-03
9.498121e-04
8.660444e-04
5.443688e-04
5.443688e-04
5.443688e-04
5.443688e-04
5.755225e-04
5.755225e-04
4.998299e-04
4.998299e-04
5.755225e-04
7.849043e-04
7.933340e-04
7.933340e-04
7.933340e-04
7.933340e-04
7.849043e-04
7.849043e-04
7.849043e-04
7.849043e-04
7.849043e-04
7.552658e-04
6.598497e-04
4.676612e-04
3.998741e-04
3.998741e-04
3.998741e-04
4.257066e-04
4.257066e-04
4.257066e-04
3.998741e-04
3.410739e-04
3.410739e-04
3.410739e-04
2.720153e-04
1.453479e-04
1.453479e-04
1.453479e-04
1.453479e-04
1.899137e-04
2.720153e-04
3.410739e-04
4.303906e-04
4.303906e-04
5.192214e-04
6.734284e-04
6.851081e-04
7.313787e-04
7.313787e-04
7.313787e-04
6.851081e-04
6.851081e-04
3.432601e-04
3.432601e-04
4.185417e-04
3.432601e-04
3.432601e-04
2.447103e-04
1.370226e-04
1.370226e-04
1.208134e-04
1.138071e-04
1.138071e-04
1.302651e-04
1.302651e-04
1.302651e-04
1.675571e-04
1.430976e-04
1.675571e-04
1.675571e-04
1.675571e-04
1.675571e-04
1.675571e-04
1.675571e-04
1.430976e-04
1.345827e-04
9.546137e-05
9.546137e-05
9.546137e-05
8.187408e-05
9.546137e-05
9.546137e-05
9.546137e-05
1.995618e-04
2.602568e-04
2.953270e-04
4.843815e-04
4.843815e-04
5.447791e-04
5.447791e-04
5.447791e-04
4.843815e-04
4.843815e-04
4.308328e-04
4.308328e-04
4.202855e-04
4.202855e-04
4.057773e-04
4.057773e-04
4.057773e-04
4.057773e-04
3.491850e-04
3.491850e-04
3.491850e-04
4.057773e-04
3.491850e-04
3.491850e-04
3.052964e-04
3.052964e-04
3.052964e-04
1.889850e-04
1.889850e-04
1.467175e-04
3.052964e-04
3.052964e-04
2.612539e-04
2.612539e-04
1.288551e-04
1.288551e-04
1.288551e-04
1.288551e-04
2.511748e-04
2.511748e-04
2.612539e-04
2.511748e-04
1.716085e-04
2.511748e-04
2.511748e-04
2.931751e-04
2.931751e-04
1.716085e-04
1.716085e-04
1.716085e-04
1.716085e-04
1.672283e-04
1.672283e-04
4.687803e-04
4.687803e-04
4.687803e-04
4.687803e-04
4.687803e-04
4.687803e-04
4.687803e-04
4.325604e-04
1.859357e-04
4.325604e-04
4.325604e-04
4.325604e-04
4.325604e-04
4.332963e-04
4.199707e-04
4.199707e-04
4.332963e-04
5.429330e-04
5.429330e-04
6.202864e-04
6.202864e-04
6.202864e-04
5.429330e-04
4.636635e-04
4.636635e-04
4.636635e-04
5.429330e-04
5.429330e-04
7.468044e-04
8.542333e-04
1.700455e-03
1.700455e-03
1.433455e-03
1.433455e-03
1.433455e-03
1.433455e-03
1.433455e-03
8.582902e-04
8.582902e-04
8.582902e-04
8.504767e-04
8.504767e-04
8.504767e-04
8.582902e-04
9.233437e-04
1.238119e-03
2.938831e-03
2.938831e-03
2.938831e-03
2.938831e-03
2.938831e-03
2.938831e-03
2.696916e-03
9.802874e-04
7.900722e-04
4.755924e-04
4.227854e-04
2.710183e-04
2.632115e-04
2.632115e-04
2.301986e-04
2.301986e-04
2.632115e-04
2.282992e-04
2.282992e-04
2.632115e-04
3.373101e-04
4.058928e-04
4.058928e-04
4.058928e-04
4.058928e-04
4.816723e-04
5.602707e-04
6.308835e-04
6.308835e-04
5.602707e-04
6.466659e-04
6.466659e-04
6.672293e-04
7.711840e-04
7.711840e-04
7.306559e-04
7.711840e-04
1.030195e-03
1.030195e-03
1.042832e-03
1.094715e-03
1.042832e-03
1.030195e-03
8.382445e-04
7.306559e-04
7.306559e-04
6.247975e-04
5.162343e-04
4.627360e-04
4.156582e-04
3.330361e-04
1.852192e-04
3.330361e-04
3.330361e-04
4.156582e-04
4.627360e-04
4.627360e-04
4.627360e-04
5.180812e-04
5.180812e-04
5.777672e-04
6.202251e-04
6.209140e-04
6.209140e-04
7.103892e-04
6.202251e-04
5.777672e-04
2.996517e-04
3.472384e-04
3.472384e-04
5.777672e-04
3.472384e-04
3.472384e-04
2.982309e-04
3.472384e-04
3.472384e-04
5.818082e-04
5.818082e-04
9.697158e-04
1.733527e-03
2.693302e-03
2.693302e-03
3.098175e-03
3.098175e-03
3.098175e-03
2.493229e-03
1.345648e-03
1.345648e-03
2.252610e-03
2.493229e-03
2.493229e-03
2.252610e-03
2.252610e-03
1.446460e-03
1.345648e-03
1.076838e-03
8.333480e-04
8.333480e-04
4.338632e-04
4.338632e-04
4.338632e-04
3.233862e-04
3.149025e-04
3.149025e-04
2.952158e-04
3.149025e-04
3.149025e-04
3.233862e-04
3.149025e-04
3.149025e-04
2.952158e-04
2.548125e-04
2.952158e-04
2.952158e-04
4.998178e-04
4.998178e-04
2.548125e-04
2.230166e-04
1.928851e-04
1.928851e-04
2.230166e-04
5.623031e-04
5.623031e-04
1.928851e-04
1.928851e-04
1.928851e-04
2.212365e-04
5.623031e-04
6.999493e-04
6.999493e-04
6.999493e-04
5.623031e-04
6.999493e-04
7.746930e-04
7.746930e-04
7.746930e-04
6.999493e-04
6.999493e-04
6.999493e-04
6.109404e-04
7.746930e-04
6.109404e-04
7.869485e-04
8.015520e-04
8.015520e-04
9.370277e-04
9.370277e-04
1.399754e-03
1.635899e-03
1.399754e-03
1.480968e-03
1.480968e-03
1.480968e-03
1.399754e-03
8.266270e-04
7.005026e-04
6.453434e-04
6.453434e-04
5.845048e-04
1.566271e-04
1.030583e-04
1.030583e-04
1.030583e-04
1.030583e-04
9.907770e-05
9.907770e-05
1.030583e-04
1.103405e-04
1.103405e-04
2.029272e-04
5.625094e-04
6.011123e-04
6.214572e-04
6.214572e-04
6.875265e-04
8.196693e-04
1.964948e-03
1.964948e-03
1.964948e-03
1.912662e-03
1.912662e-03
1.912662e-03
1.912662e-03
1.668695e-03
8.455091e-04
8.455091e-04
6.455150e-04
4.216301e-04
4.216301e-04
6.455150e-04
5.998051e-04
8.455091e-04
8.455091e-04
7.222294e-04
5.998051e-04
5.998051e-04
3.037050e-04
5.998051e-04
5.998051e-04
4.600598e-04
4.600598e-04
3.753840e-04
3.037050e-04
2.846366e-04
2.048441e-04
2.846366e-04
2.846366e-04
3.753840e-04
2.846366e-04
2.846366e-04
1.541480e-04
1.448356e-04
1.541480e-04
2.315581e-04
2.003549e-04
2.003549e-04
1.448356e-04
1.989770e-04
1.448356e-04
1.029415e-04
1.029415e-04
1.989770e-04
1.989770e-04
1.989770e-04
1.989770e-04
1.690427e-04
1.989770e-04
2.247594e-04
2.247594e-04
2.247594e-04
2.247594e-04
2.247594e-04
2.247594e-04
2.247594e-04
2.247594e-04
2.469271e-04
2.469271e-04
2.020633e-04
1.415439e-04
1.415439e-04
1.415439e-04
1.401105e-04
1.401105e-04
1.364832e-04
1.337514e-04
8.854864e-05
8.854864e-05
8.854864e-05
8.854864e-05
8.854864e-05
9.748466e-05
9.748466e-05
1.417520e-04
1.292024e-04
1.292024e-04
1.292024e-04
1.292024e-04
1.292024e-04
1.235685e-04
1.292024e-04
1.442412e-04
1.292024e-04
1.292024e-04
1.235685e-04
1.076901e-04
8.354949e-05
8.354949e-05
8.354949e-05
8.354949e-05
1.107727e-04
1.018866e-04
8.354949e-05
1.018866e-04
1.018866e-04
1.107727e-04
1.201294e-04
1.352347e-04
1.352347e-04
2.577585e-04
2.794879e-04
6.286310e-04
9.980628e-04
9.980628e-04
9.980628e-04
1.844748e-03
1.844748e-03
9.980628e-04
6.286310e-04
4.151033e-04
3.709129e-04
3.494281e-04
1.757423e-04
1.056147e-04
1.056147e-04
1.221161e-04
1.221161e-04
1.757423e-04
1.757423e-04
1.757423e-04
1.757423e-04
1.221161e-04
1.221161e-04
1.221161e-04
1.221161e-04
1.221161e-04
1.288102e-04
1.145263e-04
9.709031e-05
1.145263e-04
1.145263e-04
1.145263e-04
1.239360e-04
1.239360e-04
2.422400e-04
2.794235e-04
2.794235e-04
2.794235e-04
3.608241e-04
3.608241e-04
3.608241e-04
3.608241e-04
3.608241e-04
3.177779e-04
2.794235e-04
2.218967e-04
2.182832e-04
2.117607e-04
1.880537e-04
1.697021e-04
1.880537e-04
1.880537e-04
2.117607e-04
2.117607e-04
1.880537e-04
1.697021e-04
1.880537e-04
3.314500e-04
4.288057e-04
4.288057e-04
4.288057e-04
4.288057e-04
4.288057e-04
3.314500e-04
3.314500e-04
4.288057e-04
4.635302e-04
4.635302e-04
4.635302e-04
4.635302e-04
5.307581e-04
5.307581e-04
4.635302e-04
3.723655e-04
3.723655e-04
3.028223e-04
2.533466e-04
2.100128e-04
2.100128e-04
2.052284e-04
2.052284e-04
1.336465e-04
1.336465e-04
1.336465e-04
1.336465e-04
2.052284e-04
2.219503e-04
6.320150e-04
6.355861e-04
6.642065e-04
7.589503e-04
9.011675e-04
1.642520e-03
1.850474e-03
1.850474e-03
1.850474e-03
1.850474e-03
1.850474e-03
9.209863e-04
9.011675e-04
8.831829e-04
8.831829e-04
8.831829e-04
8.822065e-04
8.822065e-04
8.831829e-04
9.017658e-04
9.017658e-04
9.017658e-04
8.831829e-04
7.323397e-04
7.323397e-04
7.323397e-04
7.323397e-04
9.017658e-04
7.323397e-04
7.323397e-04
7.323397e-04
9.792657e-04
1.161411e-03
1.161411e-03
1.214090e-03
1.214090e-03
1.161411e-03
1.214090e-03
1.111272e-03
1.111272e-03
1.102419e-03
1.111272e-03
1.102419e-03
1.102419e-03
1.102419e-03
8.647758e-04
8.647758e-04
8.647758e-04
8.647758e-04
1.102419e-03
8.182699e-04
8.182699e-04
6.984445e-04
8.182699e-04
7.208443e-04
6.984445e-04
6.347175e-04
6.984445e-04
7.208443e-04
7.011988e-04
6.984445e-04
7.011988e-04
7.011988e-04
7.208443e-04
7.011988e-04
6.347175e-04
7.011988e-04
7.011988e-04
5.297601e-04
5.174250e-04
4.515836e-04
5.174250e-04
5.174250e-04
5.174250e-04
5.174250e-04
5.174250e-04
4.471511e-04
4.471511e-04
4.471511e-04
4.471511e-04
6.211241e-04
6.645572e-04
6.645572e-04
6.211241e-04
6.645572e-04
8.074453e-04
8.877746e-04
8.877746e-04
8.074453e-04
8.074453e-04
6.645572e-04
4.709791e-04
2.441425e-04
1.687293e-04
2.441425e-04
2.441425e-04
1.700172e-04
1.700172e-04
2.441425e-04
2.409932e-04
2.441425e-04
2.577360e-04
2.610153e-04
9.146618e-04
1.961505e-03
2.773444e-03
2.773444e-03
2.773444e-03
2.168129e-03
2.168129e-03
2.168129e-03
1.323585e-03
1.078492e-03
1.078492e-03
1.078492e-03
1.078492e-03
9.841669e-04
1.078492e-03
1.078492e-03
9.841669e-04
1.078492e-03
1.365878e-03
2.104092e-03
2.104092e-03
1.693816e-03
1.693816e-03
1.365878e-03
1.365878e-03
1.287482e-03
1.287482e-03
1.287482e-03
1.068063e-03
1.068063e-03
9.211085e-04
9.211085e-04
1.068063e-03
1.068063e-03
1.179428e-03
1.303510e-03
1.372501e-03
1.483553e-03
1.483553e-03
1.483553e-03
1.574964e-03
1.574964e-03
1.483553e-03
1.179428e-03
1.483553e-03
1.483553e-03
9.086573e-04
8.891749e-04
8.891749e-04
8.891749e-04
8.891749e-04
7.994054e-04
8.891749e-04
8.891749e-04
8.891749e-04
8.891749e-04
8.891749e-04
1.026677e-03
1.110586e-03
1.026677e-03
1.110586e-03
1.470249e-03
1.709562e-03
1.709562e-03
1.470249e-03
1.709562e-03
1.709562e-03
1.470249e-03
1.470249e-03
1.470249e-03
1.470249e-03
1.109422e-03
1.109422e-03
1.109422e-03
1.401714e-03
1.401714e-03
1.109422e-03
1.334512e-03
1.334512e-03
1.109422e-03
9.944572e-04
9.944572e-04
6.343119e-04
6.343119e-04
5.625432e-04
5.138753e-04
5.138753e-04
5.138753e-04
3.707914e-04
3.707914e-04
3.418521e-04
3.418521e-04
2.239995e-04
1.304906e-04
1.304906e-04
1.304906e-04
9.448342e-05
9.448342e-05
1.304906e-04
1.622860e-04
3.316202e-04
3.316202e-04
3.316202e-04
3.632228e-04
4.825466e-04
4.825466e-04
3.632228e-04
3.632228e-04
4.825466e-04
4.825466e-04
6.196169e-04
4.825466e-04
6.196169e-04
7.845329e-04
6.196169e-04
7.845329e-04
7.845329e-04
8.464259e-04
9.550295e-04
9.828085e-04
1.276756e-03
1.276756e-03
1.276756e-03
1.276756e-03
1.276756e-03
1.276756e-03
1.145239e-03
4.076206e-04
3.652328e-04
2.674984e-04
2.674984e-04
2.674984e-04
2.170006e-04
2.170006e-04
2.170006e-04
3.652328e-04
5.052164e-04
9.373183e-04
3.672756e-03
3.672756e-03
3.672756e-03
3.672756e-03
3.507441e-03
4.691625e-03
3.507441e-03
2.790285e-03
2.790285e-03
2.014726e-03
2.014726e-03
1.334163e-03
1.259137e-03
1.210267e-03
1.169774e-03
1.169774e-03
1.169774e-03
7.269622e-04
7.269622e-04
7.269622e-04
7.269622e-04
7.034878e-04
7.034878e-04
8.175266e-04
1.339272e-03
1.339272e-03
1.578043e-03
1.578043e-03
1.578043e-03
1.643227e-03
1.643227e-03
1.643227e-03
2.062520e-03
2.062520e-03
2.062520e-03
1.578043e-03
2.062520e-03
2.062520e-03
2.062520e-03
2.062520e-03
1.933687e-03
1.933687e-03
2.062520e-03
2.902753e-03
2.902753e-03
1.933687e-03
2.902753e-03
2.902753e-03
2.902753e-03
2.902753e-03
2.902753e-03
2.902753e-03
1.518884e-03
1.332485e-03
1.194620e-03
1.032902e-03
7.320683e-04
7.320683e-04
7.320683e-04
1.032902e-03
1.032902e-03
1.032902e-03
1.032902e-03
2.552795e-03
3.382759e-03
3.382759e-03
3.382759e-03
3.382759e-03
3.382759e-03
8.865285e-04
8.077132e-04
6.849934e-04
6.849934e-04
4.971290e-04
1.922718e-04
0.000000e+00
0.000000e+00
0.000000e+00
0.000000e+00
0.000000e+00
0.000000e+00
0.000000e+00
0.000000e+00
0.000000e+00
0.000000e+00
0.000000e+00
0.000000e+00
0.000000e+00
0.000000e+00
0.000000e+00
0.000000e+00
0.000000e+00
0.000000e+00
0.000000e+00
0.000000e+00
0.000000e+00
0.000000e+00
0.000000e+00
0.000000e+00
0.000000e+00
0.000000e+00
0.000000e+00
0.000000e+00
0.000000e+00
0.000000e+00
0.000000e+00
0.000000e+00
0.000000e+00
0.000000e+00
0.000000e+00
0.000000e+00
0.000000e+00
0.000000e+00
0.000000e+00
