
0.000000e+00
0.000000e+00
0.000000e+00
0.000000e+00
0.000000e+00
0.000000e+00
0.000000e+00
0.000000e+00
0.000000e+00
0.000000e+00
0.000000e+00
0.000000e+00
0.000000e+00
0.000000e+00
0.000000e+00
0.000000e+00
0.000000e+00
0.000000e+00
0.000000e+00
0.000000e+00
0.000000e+00
0.000000e+00
0.000000e+00
0.000000e+00
0.000000e+00
0.000000e+00
0.000000e+00
7.077460e-01
4.141342e-01
8.852540e-02
-1.805377e-01
-3.323075e-01
-3.478136e-01
-2.466885e-01
-7.295731e-02
1.207959e-01
2.844263e-01
3.759933e-01
3.661870e-01
2.449879e-01
2.973303e-02
-2.310384e-01
-4.646969e-01
-5.951529e-01
-5.714992e-01
-3.922085e-01
-1.113546e-01
1.796142e-01
3.887622e-01
4.624583e-01
4.065437e-01
2.781770e-01
1.519252e-01
7.829197e-02
5.808163e-02
4.769601e-02
-7.454013e-03
-1.313224e-01
-2.929039e-01
-4.152269e-01
-4.144417e-01
-2.480018e-01
5.485952e-02
3.976332e-01
6.543689e-01
7.222775e-01
5.645767e-01
2.255817e-01
-1.863956e-01
-5.396218e-01
-7.264904e-01
-7.004274e-01
-4.893694e-01
-1.813985e-01
1.118375e-01
2.996420e-01
3.463535e-01
2.798719e-01
1.704416e-01
9.004906e-02
7.366387e-02
1.034500e-01
1.244210e-01
8.155393e-02
-4.430052e-02
-2.230792e-01
-3.914482e-01
-4.866359e-01
-4.768953e-01
-3.718659e-01
-2.108573e-01
-4.096907e-02
9.967130e-02
1.864169e-01
2.047935e-01
1.490508e-01
2.737621e-02
-1.312326e-01
-2.787445e-01
-3.640459e-01
-3.568390e-01
-2.643586e-01
-1.279664e-01
2.700961e-04
8.644924e-02
1.299804e-01
1.551923e-01
1.863286e-01
2.248851e-01
2.462423e-01
2.181983e-01
1.275325e-01
-5.343631e-03
-1.351520e-01
-2.184886e-01
-2.402550e-01
-2.216317e-01
-2.044483e-01
-2.230258e-01
-2.822109e-01
-3.550460e-01
-3.993951e-01
-3.808490e-01
-2.872244e-01
-1.282625e-01
7.438447e-02
2.962764e-01
5.117803e-01
6.906856e-01
7.984799e-01
8.061943e-01
7.063721e-01
5.236977e-01
3.094703e-01
1.195596e-01
-1.192386e-02
-8.608229e-02
-1.304468e-01
-1.741517e-01
-2.250887e-01
-2.656424e-01
-2.696862e-01
-2.271692e-01
-1.566384e-01
-9.516550e-02
-7.257570e-02
-8.933940e-02
-1.152279e-01
-1.106731e-01
-5.617397e-02
3.086818e-02
1.036316e-01
1.129456e-01
3.691462e-02
-1.042886e-01
-2.557983e-01
-3.525301e-01
-3.482274e-01
-2.363807e-01
-5.489030e-02
1.275803e-01
2.396654e-01
2.398389e-01
1.392372e-01
1.503242e-03
-8.455205e-02
-4.893848e-02
1.214512e-01
3.727621e-01
6.091935e-01
7.391763e-01
7.164929e-01
5.547473e-01
3.115883e-01
5.722722e-02
-1.524255e-01
-2.862361e-01
-3.345329e-01
-3.026311e-01
-2.085351e-01
-8.280348e-02
3.625419e-02
1.147892e-01
1.369896e-01
1.099746e-01
5.560589e-02
-4.773706e-03
-6.093074e-02
-1.124434e-01
-1.590491e-01
-1.933534e-01
-2.033059e-01
-1.818393e-01
-1.337506e-01
-7.285020e-02
-1.234963e-02
4.152237e-02
8.620421e-02
1.143279e-01
1.117115e-01
6.824883e-02
-5.880642e-03
-7.556244e-02
-9.814767e-02
-5.413642e-02
3.296727e-02
1.075615e-01
1.199430e-01
6.352173e-02
-1.950255e-02
-7.120227e-02
-6.468913e-02
-2.596404e-02
-1.111186e-02
-5.616606e-02
-1.415076e-01
-2.024685e-01
-1.798221e-01
-6.959049e-02
6.976397e-02
1.601518e-01
1.623810e-01
1.026633e-01
4.590924e-02
3.893880e-02
7.176660e-02
8.935793e-02
4.319299e-02
-6.175424e-02
-1.649307e-01
-1.953908e-01
-1.273460e-01
-1.334031e-03
1.045009e-01
1.279725e-01
5.883387e-02
-6.653402e-02
-1.995202e-01
-3.089074e-01
-3.821173e-01
-4.048785e-01
-3.478439e-01
-1.814798e-01
8.875415e-02
3.991208e-01
6.443275e-01
7.318052e-01
6.391589e-01
4.336817e-01
2.373604e-01
1.578677e-01
2.287073e-01
3.943046e-01
5.454061e-01
5.797766e-01
4.525794e-01
1.928049e-01
-1.159725e-01
-3.753391e-01
-5.122262e-01
-5.039642e-01
-3.811602e-01
-2.098159e-01
-6.113942e-02
1.773327e-02
1.907116e-02
-3.044652e-02
-9.068933e-02
-1.317251e-01
-1.463446e-01
-1.457831e-01
-1.444822e-01
-1.459425e-01
-1.391024e-01
-1.062010e-01
-3.560031e-02
6.862273e-02
1.849597e-01
2.806052e-01
3.227519e-01
2.915020e-01
1.902561e-01
4.858205e-02
-8.625851e-02
-1.679653e-01
-1.719887e-01
-1.067691e-01
-7.850822e-03
8.216824e-02
1.354139e-01
1.486218e-01
1.363431e-01
1.147172e-01
8.906043e-02
5.401989e-02
4.129224e-03
-5.570589e-02
-1.092467e-01
-1.382476e-01
-1.342500e-01
-1.034129e-01
-6.138937e-02
-2.318012e-02
3.975389e-03
2.059698e-02
3.014257e-02
3.487675e-02
3.557938e-02
3.351771e-02
3.086122e-02
2.801763e-02
2.051955e-02
-3.504821e-04
-4.177035e-02
-1.018335e-01
-1.660347e-01
-2.113317e-01
-2.161499e-01
-1.707107e-01
-8.206758e-02
2.830004e-02
1.325262e-01
2.061091e-01
2.357541e-01
2.228595e-01
1.816491e-01
1.324910e-01
9.307719e-02
7.165364e-02
6.592086e-02
6.783651e-02
7.038537e-02
7.105452e-02
6.978810e-02
6.448993e-02
4.983553e-02
2.211398e-02
-1.369451e-02
-4.248161e-02
-4.765039e-02
-2.529068e-02
7.867070e-03
2.220476e-02
-3.439099e-03
-6.146393e-02
-1.131899e-01
-1.100902e-01
-2.634391e-02
1.200053e-01
2.737284e-01
3.742701e-01
3.918631e-01
3.435983e-01
2.792858e-01
2.477514e-01
2.669161e-01
3.167390e-01
3.570327e-01
3.555469e-01
3.070098e-01
2.326197e-01
1.638560e-01
1.233914e-01
1.150189e-01
1.262347e-01
1.389638e-01
1.408238e-01
1.311796e-01
1.202637e-01
1.226758e-01
1.481471e-01
1.940808e-01
2.446316e-01
2.791251e-01
2.872322e-01
2.820556e-01
3.000476e-01
3.827004e-01
5.465897e-01
7.593522e-01
9.397251e-01
9.877111e-01
8.326501e-01
4.738283e-01
-1.018772e-02
-4.909110e-01
0.000000e+00
0.000000e+00
0.000000e+00
0.000000e+00
0.000000e+00
0.000000e+00
0.000000e+00
0.000000e+00
0.000000e+00
0.000000e+00
0.000000e+00
0.000000e+00
0.000000e+00
0.000000e+00
0.000000e+00
0.000000e+00
0.000000e+00
0.000000e+00
0.000000e+00
0.000000e+00
0.000000e+00
0.000000e+00
0.000000e+00
0.000000e+00
0.000000e+00
0.000000e+00
0.000000e+00
0.000000e+00
0.000000e+00
0.000000e+00
0.000000e+00
0.000000e+00
0.000000e+00
0.000000e+00
0.000000e+00
0.000000e+00
0.000000e+00
0.000000e+00
0.000000e+00
0.000000e+00
0.000000e+00
0.000000e+00
0.000000e+00
0.000000e+00
0.000000e+00
0.000000e+00
0.000000e+00
0.000000e+00
0.000000e+00
0.000000e+00
0.000000e+00
0.000000e+00
0.000000e+00
0.000000e+00
0.000000e+00
0.000000e+00
0.000000e+00
0.000000e+00
0.000000e+00
0.000000e+00
0.000000e+00
0.000000e+00
0.000000e+00
0.000000e+00
0.000000e+00
0.000000e+00
0.000000e+00
0.000000e+00
0.000000e+00
0.000000e+00
0.000000e+00
0.000000e+00
0.000000e+00
0.000000e+00
0.000000e+00
0.000000e+00
0.000000e+00
0.000000e+00
0.000000e+00
0.000000e+00
0.000000e+00
0.000000e+00
0.000000e+00
0.000000e+00
0.000000e+00
0.000000e+00
0.000000e+00
0.000000e+00
0.000000e+00
0.000000e+00
0.000000e+00
0.000000e+00
0.000000e+00
0.000000e+00
0.000000e+00
0.000000e+00
0.000000e+00
0.000000e+00
0.000000e+00
0.000000e+00
0.000000e+00
0.000000e+00
0.000000e+00
0.000000e+00
0.000000e+00
0.000000e+00
0.000000e+00
0.000000e+00
0.000000e+00
0.000000e+00
0.000000e+00
0.000000e+00
0.000000e+00
0.000000e+00
0.000000e+00
0.000000e+00
0.000000e+00
0.000000e+00
0.000000e+00
0.000000e+00
0.000000e+00
0.000000e+00
0.000000e+00
0.000000e+00
0.000000e+00
0.000000e+00
0.000000e+00
0.000000e+00
0.000000e+00
0.000000e+00
0.000000e+00
0.000000e+00
0.000000e+00
0.000000e+00
0.000000e+00
0.000000e+00
0.000000e+00
0.000000e+00
0.000000e+00
0.000000e+00
0.000000e+00
0.000000e+00
0.000000e+00
0.000000e+00
0.000000e+00
0.000000e+00
0.000000e+00
0.000000e+00
0.000000e+00
0.000000e+00
0.000000e+00
0.000000e+00
0.000000e+00
0.000000e+00
0.000000e+00
0.000000e+00
0.000000e+00
0.000000e+00
0.000000e+00
0.000000e+00
0.000000e+00
0.000000e+00
0.000000e+00
0.000000e+00
0.000000e+00
0.000000e+00
0.000000e+00
0.000000e+00
0.000000e+00
0.000000e+00
0.000000e+00
0.000000e+00
0.000000e+00
0.000000e+00
0.000000e+00
0.000000e+00
0.000000e+00
0.000000e+00
0.000000e+00
0.000000e+00
0.000000e+00
0.000000e+00
0.000000e+00
0.000000e+00
0.000000e+00
0.000000e+00
0.000000e+00
0.000000e+00
0.000000e+00
0.000000e+00
0.000000e+00
0.000000e+00
0.000000e+00
0.000000e+00
0.000000e+00
0.000000e+00
0.000000e+00
0.000000e+00
0.000000e+00
0.000000e+00
0.000000e+00
0.000000e+00
0.000000e+00
0.000000e+00
0.000000e+00
0.000000e+00
0.000000e+00
0.000000e+00
0.000000e+00
0.000000e+00
0.000000e+00
0.000000e+00
0.000000e+00
0.000000e+00
0.000000e+00
0.000000e+00
0.000000e+00
0.000000e+00
0.000000e+00
0.000000e+00
0.000000e+00
0.000000e+00
0.000000e+00
0.000000e+00
0.000000e+00
0.000000e+00
0.000000e+00
0.000000e+00
0.000000e+00
0.000000e+00
0.000000e+00
0.000000e+00
0.000000e+00
0.000000e+00
0.000000e+00
0.000000e+00
0.000000e+00
0.000000e+00
0.000000e+00
0.000000e+00
0.000000e+00
8.525969e-01
5.982147e-01
3.026542e-01
3.397088e-02
-1.585889e-01
-2.555665e-01
-2.660503e-01
-2.179126e-01
-1.458044e-01
-8.165550e-02
-4.883420e-02
-5.852624e-02
-1.070922e-01
-1.754423e-01
-2.331493e-01
-2.488498e-01
-2.045239e-01
-1.069722e-01
1.098107e-02
1.028388e-01
1.299881e-01
8.169561e-02
-1.799536e-02
-1.217748e-01
-1.841162e-01
-1.865749e-01
-1.489595e-01
-1.192811e-01
-1.473271e-01
-2.561496e-01
-4.271472e-01
-6.067932e-01
-7.310954e-01
-7.543734e-01
-6.674231e-01
-4.971562e-01
-2.905425e-01
-9.379634e-02
6.200744e-02
1.637767e-01
2.109997e-01
2.096500e-01
1.710197e-01
1.148321e-01
7.061935e-02
7.128975e-02
1.386472e-01
2.681245e-01
4.235701e-01
5.489611e-01
5.939558e-01
5.406773e-01
4.161874e-01
2.817113e-01
2.025355e-01
2.140949e-01
3.031118e-01
4.147788e-01
4.824080e-01
4.631804e-01
3.601995e-01
2.190714e-01
1.017389e-01
5.287742e-02
7.768516e-02
1.426088e-01
1.969542e-01
2.017844e-01
1.495373e-01
6.443023e-02
-1.461537e-02
-5.719987e-02
-5.725039e-02
-3.350125e-02
-1.625727e-02
-2.948135e-02
-7.862377e-02
-1.499312e-01
-2.197599e-01
-2.672669e-01
-2.832835e-01
-2.715773e-01
-2.437416e-01
-2.119177e-01
-1.836494e-01
-1.607573e-01
-1.413674e-01
-1.228723e-01
-1.039655e-01
-8.516999e-02
-6.825387e-02
-5.517555e-02
-4.686655e-02
-4.202613e-02
-3.643838e-02
-2.362173e-02
2.554895e-03
4.396335e-02
9.497002e-02
1.423981e-01
1.699981e-01
1.660746e-01
1.305210e-01
7.692605e-02
2.755456e-02
2.995171e-03
1.157199e-02
4.441880e-02
7.929845e-02
9.149988e-02
6.624098e-02
6.075173e-03
-7.028111e-02
-1.366329e-01
-1.706063e-01
-1.618725e-01
-1.140700e-01
-4.105076e-02
3.925407e-02
1.098879e-01
1.574338e-01
1.730453e-01
1.535618e-01
1.030786e-01
3.339604e-02
-3.886643e-02
-9.894863e-02
-1.417132e-01
-1.754805e-01
-2.178464e-01
-2.837300e-01
-3.713371e-01
-4.546446e-01
-4.890784e-01
-4.302260e-01
-2.576617e-01
8.543877e-03
3.085502e-01
5.624430e-01
7.006505e-01
6.909552e-01
5.495080e-01
3.311977e-01
1.049779e-01
-7.335465e-02
-1.782076e-01
-2.147670e-01
-2.058421e-01
-1.743224e-01
-1.313522e-01
-7.542439e-02
-6.038683e-04
9.289742e-02
1.929214e-01
2.776952e-01
3.243877e-01
3.187288e-01
2.605184e-01
1.629186e-01
4.695930e-02
-6.527179e-02
-1.556298e-01
-2.120035e-01
-2.284479e-01
-2.049050e-01
-1.474313e-01
-6.832529e-02
1.516475e-02
8.435294e-02
1.243374e-01
1.289819e-01
1.034750e-01
6.294747e-02
2.743997e-02
1.492200e-02
3.481199e-02
8.430877e-02
1.488039e-01
2.063664e-01
2.350067e-01
2.205057e-01
1.620872e-01
7.365904e-02
-2.033192e-02
-9.340216e-02
-1.266795e-01
-1.156473e-01
-7.079972e-02
-1.174415e-02
4.239068e-02
8.127431e-02
1.059422e-01
1.242540e-01
1.420039e-01
1.553399e-01
1.498715e-01
1.081831e-01
2.236507e-02
-9.550419e-02
-2.119326e-01
-2.823459e-01
-2.696718e-01
-1.625020e-01
1.645715e-02
2.167417e-01
3.791800e-01
4.591610e-01
4.435129e-01
3.535433e-01
2.335300e-01
1.306429e-01
7.584393e-02
7.403679e-02
1.065623e-01
1.430550e-01
1.559220e-01
1.305743e-01
6.798877e-02
-1.947961e-02
-1.151321e-01
-2.035432e-01
-2.726107e-01
-3.126236e-01
-3.147338e-01
-2.711504e-01
-1.776377e-01
-3.706128e-02
1.382308e-01
3.268909e-01
5.019608e-01
6.358315e-01
7.049298e-01
6.930582e-01
5.935207e-01
4.110394e-01
1.639275e-01
-1.143498e-01
-3.766335e-01
-5.690175e-01
-6.439738e-01
-5.767388e-01
-3.788223e-01
-1.014116e-01
1.758050e-01
3.690401e-01
4.200492e-01
3.191723e-01
1.110536e-01
-1.212737e-01
-2.888127e-01
-3.323428e-01
-2.457798e-01
-7.634656e-02
9.845732e-02
2.060909e-01
2.095683e-01
1.193372e-01
-1.791784e-02
-1.462134e-01
-2.278905e-01
-2.574080e-01
-2.551967e-01
-2.470922e-01
-2.428329e-01
-2.272794e-01
-1.698336e-01
-4.643990e-02
1.393636e-01
3.496364e-01
5.244328e-01
6.072791e-01
5.699577e-01
4.235624e-01
2.109395e-01
-1.377749e-02
-2.060073e-01
-3.407191e-01
-4.084816e-01
-4.040347e-01
-3.188821e-01
-1.457754e-01
1.062742e-01
3.973447e-01
6.555941e-01
7.967406e-01
7.585005e-01
5.338990e-01
1.849462e-01
-1.737335e-01
-4.170868e-01
-4.597729e-01
-2.912061e-01
2.079010e-02
3.589872e-01
6.043451e-01
6.806959e-01
5.784370e-01
3.504805e-01
8.605967e-02
-1.240146e-01
-2.166789e-01
-1.717975e-01
-1.194298e-02
2.091513e-01
4.235107e-01
5.667142e-01
5.934316e-01
4.885329e-01
2.712550e-01
-9.629679e-03
-2.897389e-01
0.000000e+00
0.000000e+00
0.000000e+00
0.000000e+00
0.000000e+00
0.000000e+00
0.000000e+00
0.000000e+00
0.000000e+00
0.000000e+00
0.000000e+00
0.000000e+00
0.000000e+00
0.000000e+00
0.000000e+00
0.000000e+00
0.000000e+00
0.000000e+00
0.000000e+00
0.000000e+00
0.000000e+00
0.000000e+00
0.000000e+00
0.000000e+00
0.000000e+00
0.000000e+00
0.000000e+00
0.000000e+00
0.000000e+00
0.000000e+00
0.000000e+00
0.000000e+00
0.000000e+00
0.000000e+00
0.000000e+00
0.000000e+00
0.000000e+00
0.000000e+00
0.000000e+00
0.000000e+00
0.000000e+00
0.000000e+00
0.000000e+00
0.000000e+00
0.000000e+00
0.000000e+00
0.000000e+00
0.000000e+00
0.000000e+00
0.000000e+00
0.000000e+00
0.000000e+00
0.000000e+00
0.000000e+00
0.000000e+00
0.000000e+00
0.000000e+00
0.000000e+00
0.000000e+00
0.000000e+00
0.000000e+00
0.000000e+00
0.000000e+00
0.000000e+00
0.000000e+00
0.000000e+00
0.000000e+00
0.000000e+00
0.000000e+00
0.000000e+00
0.000000e+00
0.000000e+00
0.000000e+00
0.000000e+00
0.000000e+00
0.000000e+00
0.000000e+00
0.000000e+00
0.000000e+00
0.000000e+00
0.000000e+00
0.000000e+00
0.000000e+00
0.000000e+00
0.000000e+00
0.000000e+00
0.000000e+00
0.000000e+00
0.000000e+00
0.000000e+00
0.000000e+00
0.000000e+00
0.000000e+00
0.000000e+00
0.000000e+00
0.000000e+00
0.000000e+00
0.000000e+00
0.000000e+00
0.000000e+00
0.000000e+00
0.000000e+00
0.000000e+00
0.000000e+00
0.000000e+00
0.000000e+00
0.000000e+00
0.000000e+00
0.000000e+00
0.000000e+00
0.000000e+00
0.000000e+00
0.000000e+00
0.000000e+00
0.000000e+00
0.000000e+00
0.000000e+00
0.000000e+00
0.000000e+00
0.000000e+00
0.000000e+00
0.000000e+00
0.000000e+00
0.000000e+00
0.000000e+00
0.000000e+00
0.000000e+00
0.000000e+00
0.000000e+00
0.000000e+00
0.000000e+00
0.000000e+00
0.000000e+00
0.000000e+00
0.000000e+00
0.000000e+00
0.000000e+00
0.000000e+00
0.000000e+00
0.000000e+00
0.000000e+00
0.000000e+00
0.000000e+00
0.000000e+00
0.000000e+00
0.000000e+00
-4.206463e-01
-1.857774e-01
1.077905e-01
3.857822e-01
5.693467e-01
6.114988e-01
5.248422e-01
3.760111e-01
2.440573e-01
1.692921e-01
1.307363e-01
7.106503e-02
-4.944912e-02
-2.130905e-01
-3.518526e-01
-3.964929e-01
-3.279889e-01
-1.903476e-01
-5.630872e-02
2.411759e-02
5.096689e-02
5.944028e-02
8.044911e-02
1.118950e-01
1.232055e-01
8.608141e-02
3.824706e-03
-8.509415e-02
-1.319398e-01
-1.121027e-01
-4.344632e-02
2.515963e-02
4.790557e-02
1.517284e-02
-3.845238e-02
-5.898152e-02
-1.443946e-02
7.767835e-02
1.592312e-01
1.716512e-01
9.714286e-02
-3.109176e-02
-1.563380e-01
-2.389359e-01
-2.755726e-01
-2.839161e-01
-2.718829e-01
-2.243049e-01
-1.213773e-01
2.907008e-02
1.786001e-01
2.608214e-01
2.336308e-01
1.074467e-01
-6.163082e-02
-2.055046e-01
-2.775057e-01
-2.647611e-01
-1.805747e-01
-5.265639e-02
8.167208e-02
1.774505e-01
1.926363e-01
1.094245e-01
-4.722760e-02
-2.124643e-01
-3.114623e-01
-3.007660e-01
-1.938373e-01
-5.234186e-02
5.194583e-02
7.929780e-02
4.051918e-02
-1.889718e-02
-5.519939e-02
-5.524534e-02
-3.631568e-02
-1.897814e-02
1.858871e-03
5.944969e-02
1.844877e-01
3.646859e-01
5.315867e-01
5.935514e-01
4.965183e-01
2.678634e-01
7.232831e-03
-1.731783e-01
-2.173421e-01
-1.540113e-01
-6.687493e-02
-3.195932e-02
-6.948589e-02
-1.414042e-01
-1.887755e-01
-1.757967e-01
-1.084653e-01
-2.036830e-02
5.651362e-02
1.106576e-01
1.470883e-01
1.685168e-01
1.610205e-01
9.939717e-02
-2.925613e-02
-2.018175e-01
-3.574218e-01
-4.262915e-01
-3.738411e-01
-2.283244e-01
-6.706011e-02
3.470062e-02
5.759531e-02
5.354438e-02
1.075227e-01
2.708346e-01
5.142726e-01
7.361477e-01
8.200466e-01
7.024547e-01
4.071465e-01
2.981893e-02
-3.108177e-01
-5.238907e-01
-5.749205e-01
-4.862359e-01
-3.171900e-01
-1.361813e-01
4.737402e-03
8.347800e-02
1.045140e-01
8.228396e-02
2.543551e-02
-6.350453e-02
-1.724142e-01
-2.655011e-01
-2.922009e-01
-2.210515e-01
-7.301499e-02
7.954021e-02
1.574238e-01
1.327475e-01
5.253957e-02
3.484829e-03
4.217940e-02
1.473981e-01
2.356089e-01
2.287253e-01
1.186792e-01
-2.425697e-02
-1.058036e-01
-8.002251e-02
1.789095e-02
1.016712e-01
9.975228e-02
5.266209e-03
-1.235803e-01
-2.067089e-01
-1.942370e-01
-9.341997e-02
4.074465e-02
1.387745e-01
1.521453e-01
7.416776e-02
-6.043691e-02
-1.950233e-01
-2.799742e-01
-2.961417e-01
-2.588216e-01
-1.993718e-01
-1.378154e-01
-6.837420e-02
2.894191e-02
1.591861e-01
2.911247e-01
3.652439e-01
3.293144e-01
1.760508e-01
-4.598259e-02
-2.570737e-01
-3.886197e-01
-4.135085e-01
-3.473341e-01
-2.267571e-01
-8.556443e-02
5.590041e-02
1.877230e-01
3.035987e-01
3.973765e-01
4.620514e-01
4.875449e-01
4.587298e-01
3.597535e-01
1.867682e-01
-3.881673e-02
-2.695807e-01
-4.493529e-01
-5.392103e-01
-5.344745e-01
-4.613840e-01
-3.578574e-01
-2.535281e-01
-1.613911e-01
-8.169762e-02
-9.949742e-03
5.833059e-02
1.272205e-01
2.013768e-01
2.861514e-01
3.861647e-01
5.011721e-01
6.179391e-01
7.017434e-01
6.984270e-01
5.573514e-01
2.705987e-01
-9.733768e-02
-4.212259e-01
-5.768193e-01
-5.200636e-01
-3.259439e-01
-1.487986e-01
-1.226910e-01
-2.696100e-01
-4.823925e-01
-5.959331e-01
-4.951608e-01
-1.829289e-01
2.342827e-01
6.203487e-01
8.813699e-01
9.889122e-01
9.568242e-01
8.094078e-01
5.731287e-01
2.899314e-01
2.422987e-02
-1.573960e-01
-2.239105e-01
-2.025707e-01
-1.627838e-01
-1.693905e-01
-2.398662e-01
-3.373898e-01
-4.034779e-01
-4.036726e-01
-3.511065e-01
-2.911089e-01
-2.604903e-01
-2.547727e-01
-2.308914e-01
-1.455305e-01
4.073285e-04
1.492869e-01
2.220552e-01
1.783684e-01
5.412519e-02
-5.786529e-02
-7.395635e-02
1.801475e-02
1.507818e-01
2.305020e-01
2.057830e-01
9.642053e-02
-3.648777e-02
-1.450595e-01
-2.219635e-01
-2.810551e-01
-3.207599e-01
-3.152204e-01
-2.450819e-01
-1.331069e-01
-4.000495e-02
-1.565219e-02
-5.041629e-02
-7.821222e-02
-3.621733e-02
7.079260e-02
1.639921e-01
1.546023e-01
2.587010e-02
-1.395738e-01
-2.148572e-01
-1.247455e-01
9.404089e-02
3.149885e-01
4.073759e-01
3.202800e-01
1.078374e-01
-1.138060e-01
-2.408071e-01
-2.364785e-01
-1.377859e-01
-2.025699e-02
4.849714e-02
3.766096e-02
-4.548173e-02
-1.713106e-01
-3.026439e-01
-3.992561e-01
-4.186360e-01
-3.265439e-01
-1.206969e-01
1.486601e-01
3.855511e-01
4.905655e-01
4.165140e-01
1.985911e-01
-6.480559e-02
-2.674173e-01
-3.466854e-01
-2.991939e-01
-1.617651e-01
1.361308e-02
1.696231e-01
2.455582e-01
1.939329e-01
1.583747e-02
-2.140607e-01
-3.696614e-01
-3.447269e-01
-1.264701e-01
1.887061e-01
4.548180e-01
5.663328e-01
5.099972e-01
3.467068e-01
1.530059e-01
-2.041413e-02
-1.448490e-01
-1.888205e-01
-1.174181e-01
7.224191e-02
3.171986e-01
5.048337e-01
5.423802e-01
4.258575e-01
2.443562e-01
1.079660e-01
5.723397e-02
3.346027e-02
-6.120548e-02
-2.643341e-01
-5.013457e-01
-6.292975e-01
-5.440646e-01
-2.653487e-01
6.784757e-02
2.865265e-01
2.973770e-01
1.312012e-01
-9.029452e-02
-2.352538e-01
-2.316006e-01
-8.824116e-02
1.293607e-01
3.393586e-01
4.729606e-01
4.876792e-01
3.739259e-01
1.610676e-01
-8.394512e-02
-2.770806e-01
-3.559505e-01
-3.156210e-01
-2.131044e-01
-1.299661e-01
-1.149926e-01
-1.490411e-01
-1.620482e-01
-9.307244e-02
5.203605e-02
1.932616e-01
2.300806e-01
1.183962e-01
-8.787672e-02
-2.648613e-01
-2.995433e-01
-1.668157e-01
5.212486e-02
2.233324e-01
2.487210e-01
1.298193e-01
-3.554261e-02
-1.216162e-01
-6.348631e-02
9.377496e-02
2.219292e-01
1.987076e-01
6.719822e-04
-2.668624e-01
-4.310719e-01
-3.686419e-01
-9.771553e-02
2.250751e-01
4.058033e-01
3.426244e-01
9.084600e-02
-1.820313e-01
-3.161926e-01
-2.649810e-01
-1.106426e-01
1.360032e-02
2.854219e-02
-3.937213e-02
-9.177568e-02
-4.248568e-02
1.157440e-01
3.077579e-01
4.293647e-01
4.129204e-01
2.620199e-01
4.224657e-02
-1.562177e-01
-2.600208e-01
-2.415832e-01
-1.284832e-01
9.933555e-03
9.710982e-02
9.172280e-02
1.299977e-02
-7.225397e-02
-9.751098e-02
-4.631122e-02
3.521601e-02
7.517930e-02
3.329298e-02
-6.792184e-02
-1.630127e-01
-1.963033e-01
-1.626723e-01
-1.044585e-01
-7.133456e-02
-7.974399e-02
-1.042681e-01
-1.034576e-01
-5.500891e-02
2.795298e-02
1.085942e-01
1.530711e-01
1.510525e-01
1.173187e-01
7.686069e-02
4.685514e-02
2.948160e-02
2.024868e-02
2.262111e-02
5.199458e-02
1.191886e-01
2.037732e-01
2.446741e-01
1.695013e-01
-4.698250e-02
-3.377863e-01
-5.569679e-01
-5.575167e-01
-2.867260e-01
1.701208e-01
6.327129e-01
9.254260e-01
9.636014e-01
7.737725e-01
4.509462e-01
9.948807e-02
-1.988453e-01
-3.855266e-01
-4.226508e-01
-3.086738e-01
-9.935742e-02
1.000947e-01
1.856642e-01
1.183137e-01
-5.037767e-02
-2.161130e-01
-2.957242e-01
-2.780306e-01
-2.137403e-01
-1.608263e-01
-1.382154e-01
-1.259860e-01
-1.019094e-01
-7.112807e-02
-5.865261e-02
-7.683202e-02
-1.063479e-01
-1.131793e-01
-8.394657e-02
-4.135348e-02
-2.194833e-02
-3.825789e-02
-6.422676e-02
-5.949793e-02
-8.840088e-03
6.169076e-02
1.063665e-01
9.695406e-02
4.087010e-02
-3.235930e-02
-9.790194e-02
-1.489076e-01
-1.885517e-01
-2.162579e-01
-2.255182e-01
-2.129358e-01
-1.834044e-01
-1.421853e-01
-8.323339e-02
8.587506e-03
1.374567e-01
2.764677e-01
3.709327e-01
3.700655e-01
2.657539e-01
1.077553e-01
-1.940292e-02
-4.505294e-02
4.386170e-02
1.909781e-01
2.984682e-01
2.806488e-01
1.151311e-01
-1.376356e-01
-3.619069e-01
-4.508665e-01
-3.707670e-01
-1.815096e-01
4.590088e-03
9.995774e-02
9.949096e-02
7.550525e-02
1.137076e-01
2.401118e-01
3.958348e-01
4.781463e-01
4.141688e-01
2.115844e-01
-4.685559e-02
-2.541309e-01
-3.356527e-01
-2.778957e-01
-1.225012e-01
5.835364e-02
1.882986e-01
2.097915e-01
1.054399e-01
-8.722540e-02
-2.814315e-01
-3.770952e-01
-3.162580e-01
-1.256456e-01
8.728601e-02
1.920736e-01
1.159899e-01
-1.041508e-01
-3.374899e-01
-4.375386e-01
-3.344908e-01
-7.859965e-02
1.966316e-01
3.657625e-01
3.917343e-01
3.384043e-01
3.093408e-01
3.617155e-01
4.610361e-01
5.087038e-01
4.175573e-01
1.766558e-01
-1.399400e-01
-4.203373e-01
-5.788434e-01
-5.930429e-01
-4.972931e-01
-3.487668e-01
-1.949258e-01
-6.018229e-02
4.941284e-02
1.347822e-01
1.948704e-01
2.228464e-01
2.073414e-01
1.391338e-01
2.243833e-02
-1.149577e-01
-2.228325e-01
-2.475647e-01
-1.635000e-01
2.074956e-03
1.713698e-01
2.524607e-01
1.924833e-01
1.474457e-02
-1.874584e-01
-3.011218e-01
-2.585555e-01
-7.618298e-02
1.567302e-01
3.296864e-01
3.685108e-01
2.658640e-01
7.376365e-02
-1.294563e-01
-2.759487e-01
-3.323138e-01
-3.041995e-01
-2.232655e-01
-1.241256e-01
-2.424462e-02
7.959173e-02
1.943617e-01
3.069257e-01
3.767005e-01
3.578730e-01
2.376191e-01
5.777627e-02
-1.034400e-01
-1.801618e-01
-1.606096e-01
-8.849569e-02
-2.497428e-02
-4.957166e-03
-2.289256e-02
-5.333799e-02
-8.033299e-02
-1.059587e-01
-1.334316e-01
-1.471763e-01
-1.152880e-01
-1.682768e-02
1.294324e-01
2.630033e-01
3.140866e-01
2.503870e-01
1.050870e-01
-3.652649e-02
-8.763664e-02
-1.747866e-02
1.228322e-01
2.282188e-01
2.083624e-01
5.323572e-02
-1.523219e-01
-2.812940e-01
-2.519140e-01
-8.708969e-02
1.006681e-01
1.898920e-01
1.362585e-01
-3.980856e-04
-1.061609e-01
-9.870718e-02
1.732213e-02
1.624071e-01
2.441974e-01
2.185450e-01
1.097133e-01
-1.303561e-02
-7.793960e-02
-4.726060e-02
6.350591e-02
1.875466e-01
2.342062e-01
1.395528e-01
-8.411033e-02
-3.405225e-01
-5.064296e-01
-5.232561e-01
-4.495507e-01
-4.175449e-01
-5.162951e-01
-6.976395e-01
-7.947236e-01
-6.501946e-01
-2.501690e-01
2.527675e-01
6.490109e-01
8.182589e-01
7.898775e-01
6.790664e-01
5.730591e-01
4.759842e-01
3.502058e-01
1.923586e-01
5.491073e-02
-8.351333e-03
-8.222057e-03
-1.953518e-02
-1.082311e-01
-2.590543e-01
-3.793832e-01
-3.791391e-01
-2.511807e-01
-7.673954e-02
4.601908e-02
8.087323e-02
6.952962e-02
7.816310e-02
1.303423e-01
1.867584e-01
1.830965e-01
8.661763e-02
-7.591428e-02
-2.344894e-01
-3.168246e-01
-2.848582e-01
-1.506788e-01
2.895933e-02
1.750718e-01
2.203355e-01
1.431098e-01
-1.740392e-02
-1.798751e-01
-2.679824e-01
-2.567926e-01
-1.848266e-01
-1.215826e-01
-1.145647e-01
-1.559712e-01
-1.930029e-01
-1.708486e-01
-7.312519e-02
6.975517e-02
2.049984e-01
2.902703e-01
3.100615e-01
2.712387e-01
1.921440e-01
9.871582e-02
2.506890e-02
5.662912e-03
5.542525e-02
1.531409e-01
2.488021e-01
2.965340e-01
2.879899e-01
2.552713e-01
2.377049e-01
2.413249e-01
2.296983e-01
1.573930e-01
1.727217e-02
-1.420748e-01
-2.469729e-01
-2.528485e-01
-1.761665e-01
-7.792672e-02
-1.422071e-02
3.957203e-03
1.002772e-02
4.478814e-02
1.172163e-01
1.967426e-01
2.417795e-01
2.375193e-01
2.080442e-01
1.904329e-01
1.932764e-01
1.791420e-01
9.272823e-02
-8.391964e-02
-2.964641e-01
-4.400116e-01
-4.285347e-01
-2.602584e-01
-2.596604e-02
1.485242e-01
1.826476e-01
8.641706e-02
-5.549001e-02
-1.409150e-01
-1.067994e-01
4.394777e-02
2.481640e-01
4.099728e-01
4.410614e-01
3.047000e-01
4.434963e-02
-2.281043e-01
-3.907237e-01
-3.849491e-01
-2.502166e-01
-8.943669e-02
9.106040e-03
2.989523e-02
2.293224e-02
4.419516e-02
1.014159e-01
1.521971e-01
1.486037e-01
8.044403e-02
-2.261432e-02
-1.248335e-01
-2.146198e-01
-3.005955e-01
-3.818357e-01
-4.276189e-01
-3.914622e-01
-2.496358e-01
-3.057866e-02
1.907864e-01
3.314812e-01
3.462447e-01
2.528580e-01
1.232124e-01
4.444984e-02
6.917329e-02
1.815502e-01
3.020075e-01
3.335106e-01
2.244543e-01
6.963328e-03
-2.185307e-01
-3.447193e-01
-3.225938e-01
-1.849298e-01
-1.554138e-02
1.068491e-01
1.470078e-01
1.131650e-01
3.279556e-02
-6.677565e-02
-1.592559e-01
-2.136331e-01
-2.009751e-01
-1.152522e-01
1.233707e-02
1.259216e-01
1.799451e-01
1.674930e-01
1.157221e-01
5.263587e-02
-2.158312e-02
-1.282781e-01
-2.735482e-01
-4.189476e-01
-4.949530e-01
-4.525225e-01
-3.081934e-01
-1.386837e-01
-2.501074e-02
7.024078e-03
-1.107321e-03
1.598288e-02
9.043761e-02
2.009779e-01
3.015180e-01
3.632111e-01
3.863412e-01
3.754138e-01
3.126568e-01
1.673554e-01
-6.179574e-02
-3.145249e-01
-4.872727e-01
-4.964095e-01
-3.363121e-01
-8.379258e-02
1.530220e-01
2.972322e-01
3.304635e-01
2.766101e-01
1.713867e-01
4.841587e-02
-5.678577e-02
-1.074241e-01
-8.466022e-02
-1.014459e-02
5.749395e-02
6.087931e-02
-1.078710e-02
-1.101673e-01
-1.684492e-01
-1.515646e-01
-8.805961e-02
-4.440895e-02
-6.883969e-02
-1.506819e-01
-2.274401e-01
-2.315988e-01
-1.389376e-01
1.707301e-02
1.704356e-01
2.635423e-01
2.733494e-01
2.096749e-01
9.599262e-02
-4.634865e-02
-1.979362e-01
-3.308757e-01
-4.052140e-01
-3.837054e-01
-2.581187e-01
-6.532119e-02
1.252607e-01
2.495760e-01
2.863391e-01
2.645030e-01
2.329923e-01
2.153625e-01
1.865112e-01
9.313445e-02
-9.486391e-02
-3.412590e-01
-5.450534e-01
-5.924576e-01
-4.285198e-01
-1.011429e-01
2.541242e-01
4.827122e-01
4.932596e-01
3.048608e-01
3.173315e-02
-1.846834e-01
-2.545606e-01
-1.820966e-01
-4.918658e-02
4.326373e-02
3.530986e-02
-6.597933e-02
-2.015315e-01
-2.969649e-01
-2.954684e-01
-1.745896e-01
4.955273e-02
3.238672e-01
5.672078e-01
6.933880e-01
6.468986e-01
4.342646e-01
1.279594e-01
-1.661685e-01
-3.609384e-01
-4.258854e-01
-3.869674e-01
-2.926167e-01
-1.756646e-01
-4.030228e-02
1.207576e-01
2.996293e-01
4.631530e-01
5.677304e-01
5.847272e-01
5.153465e-01
3.865357e-01
2.363588e-01
1.014351e-01
9.316919e-03
-2.989556e-02
-3.327162e-02
-4.446922e-02
-1.104605e-01
-2.430667e-01
-3.957490e-01
-4.846119e-01
-4.480313e-01
-2.996604e-01
-1.258517e-01
-2.266207e-02
-2.292069e-02
-7.653389e-02
-1.013889e-01
-5.797094e-02
2.081959e-02
6.971508e-02
5.861033e-02
1.999970e-02
1.040188e-02
4.671510e-02
8.381644e-02
5.849308e-02
-4.195944e-02
-1.542264e-01
-1.845759e-01
-8.713407e-02
9.424589e-02
2.569908e-01
3.169138e-01
2.681478e-01
1.809342e-01
1.433133e-01
1.929803e-01
2.879109e-01
3.340953e-01
2.507827e-01
3.116723e-02
-2.413989e-01
-4.367375e-01
-4.588122e-01
-3.128964e-01
-1.088478e-01
9.243906e-03
-3.786885e-02
-2.078826e-01
-3.664427e-01
-3.833323e-01
-2.248168e-01
2.541883e-02
2.286141e-01
2.862837e-01
1.992105e-01
5.433707e-02
-4.237060e-02
-3.618512e-02
4.779176e-02
1.294931e-01
1.304825e-01
2.567853e-02
-1.397521e-01
-2.776503e-01
-3.124751e-01
-2.311222e-01
-9.294453e-02
1.025621e-02
1.925551e-02
-4.875070e-02
-1.119175e-01
-8.551002e-02
5.135660e-02
2.356336e-01
3.638416e-01
3.662007e-01
2.540763e-01
1.051337e-01
1.005050e-03
-2.989743e-02
-1.826047e-02
-8.337016e-03
-6.178556e-03
2.899818e-02
1.418503e-01
3.266250e-01
5.133706e-01
6.097114e-01
5.627343e-01
3.890084e-01
1.523122e-01
-8.358349e-02
-2.823316e-01
-4.255348e-01
-4.911292e-01
-4.552364e-01
-3.215917e-01
-1.439847e-01
-5.927879e-03
3.643919e-02
-6.705237e-04
-4.200868e-02
-2.031470e-02
6.015520e-02
1.230636e-01
8.774016e-02
-5.223607e-02
-2.103782e-01
-2.698764e-01
-1.784522e-01
3.885908e-03
1.466313e-01
1.486349e-01
1.608908e-02
-1.441508e-01
-2.106677e-01
-1.433872e-01
-1.135173e-02
6.945059e-02
3.509031e-02
-7.395453e-02
-1.505346e-01
-1.152889e-01
1.420885e-02
1.392320e-01
1.655729e-01
8.324186e-02
-2.851748e-02
-7.265604e-02
-1.749226e-02
8.034568e-02
1.289536e-01
7.911033e-02
-4.059095e-02
-1.554888e-01
-2.074277e-01
-1.907523e-01
-1.365063e-01
-7.039143e-02
9.856999e-03
1.182975e-01
2.487191e-01
3.648759e-01
4.257351e-01
4.202709e-01
3.751457e-01
3.262202e-01
2.828697e-01
2.227601e-01
1.234589e-01
-2.952963e-03
-1.124923e-01
-1.717312e-01
-1.976737e-01
-2.487168e-01
-3.668791e-01
-5.250647e-01
-6.361921e-01
-6.246397e-01
-4.961398e-01
-3.365234e-01
-2.349491e-01
-2.024749e-01
-1.657016e-01
-4.493192e-02
1.573421e-01
3.459700e-01
4.160295e-01
3.532771e-01
2.561607e-01
2.541400e-01
3.926221e-01
5.865703e-01
6.836074e-01
5.820818e-01
3.070252e-01
-1.121745e-02
-2.298357e-01
-2.827107e-01
-2.059138e-01
-9.543735e-02
-3.765268e-02
-5.845647e-02
-1.139165e-01
-1.208790e-01
-1.120370e-02
2.158485e-01
4.739077e-01
6.239895e-01
5.542611e-01
2.595222e-01
-1.371076e-01
-4.460797e-01
-5.238690e-01
-3.607483e-01
-8.181172e-02
1.383086e-01
1.847688e-01
6.190908e-02
-1.282914e-01
-2.615854e-01
-2.646053e-01
-1.444436e-01
2.952602e-02
1.687140e-01
2.079388e-01
1.330665e-01
-1.339724e-02
-1.529886e-01
-2.140786e-01
-1.759064e-01
-8.311192e-02
-1.464647e-02
-2.565624e-02
-1.064056e-01
-1.919844e-01
-2.151339e-01
-1.576958e-01
-5.828597e-02
2.621911e-02
6.739048e-02
7.889415e-02
9.029533e-02
1.114394e-01
1.229860e-01
9.983696e-02
4.209969e-02
-1.720221e-02
-3.507346e-02
7.805982e-03
9.010349e-02
1.616879e-01
1.747082e-01
1.130539e-01
2.546480e-03
-1.038940e-01
-1.581247e-01
-1.469512e-01
-1.005875e-01
-7.152520e-02
-9.713869e-02
-1.733002e-01
-2.588423e-01
-3.056190e-01
-2.880172e-01
-2.093427e-01
-8.715332e-02
6.014131e-02
2.091877e-01
3.193535e-01
3.370629e-01
2.275652e-01
1.303828e-02
-2.197582e-01
-3.595148e-01
-3.353212e-01
-1.605284e-01
7.546642e-02
2.589888e-01
3.105153e-01
2.160704e-01
2.249789e-02
-1.917851e-01
-3.537295e-01
-4.269546e-01
-4.256825e-01
-4.012467e-01
-4.025584e-01
-4.324096e-01
-4.335970e-01
-3.240539e-01
-6.259015e-02
3.038229e-01
6.531599e-01
8.587372e-01
8.671248e-01
7.256334e-01
5.399335e-01
3.963686e-01
3.092113e-01
2.303102e-01
1.066244e-01
-6.561374e-02
-2.339078e-01
-3.310908e-01
-3.269574e-01
-2.469881e-01
-1.469445e-01
-7.005807e-02
-2.427229e-02
5.992687e-03
3.143738e-02
4.248451e-02
1.945855e-02
-4.524587e-02
-1.358697e-01
-2.216345e-01
-2.736712e-01
-2.750783e-01
-2.214753e-01
-1.214500e-01
-2.158053e-03
8.934229e-02
1.029371e-01
1.828683e-02
-1.303532e-01
-2.635686e-01
-3.012281e-01
-2.113313e-01
-2.638095e-02
1.825443e-01
3.487796e-01
4.355293e-01
4.324848e-01
3.418950e-01
1.773244e-01
-2.430106e-02
-2.001474e-01
-2.870040e-01
-2.634721e-01
-1.724549e-01
-9.673884e-02
-9.950080e-02
-1.752071e-01
-2.522543e-01
-2.480506e-01
-1.341372e-01
3.996331e-02
1.821818e-01
2.233378e-01
1.614652e-01
5.382140e-02
-3.168195e-02
-6.360596e-02
-5.655707e-02
-4.194873e-02
-3.143009e-02
-7.225432e-03
5.411614e-02
1.497688e-01
2.427733e-01
2.872241e-01
2.643512e-01
1.972437e-01
1.313434e-01
9.785359e-02
9.068673e-02
7.417968e-02
1.280736e-02
-1.009093e-01
-2.386005e-01
-3.501546e-01
-3.895673e-01
-3.401110e-01
-2.282517e-01
-1.173836e-01
-7.794033e-02
-1.442946e-01
-2.846460e-01
-4.105316e-01
-4.286453e-01
-3.028135e-01
-7.921904e-02
1.474581e-01
3.018198e-01
3.749529e-01
4.136003e-01
4.636833e-01
5.197154e-01
5.252783e-01
4.236627e-01
2.136490e-01
-3.808532e-02
-2.382851e-01
-3.274374e-01
-3.108599e-01
-2.395355e-01
-1.620324e-01
-8.997198e-02
-3.969917e-03
1.093367e-01
2.250537e-01
2.840729e-01
2.341932e-01
7.646497e-02
-1.227728e-01
-2.690977e-01
-3.016536e-01
-2.316462e-01
-1.257182e-01
-4.701837e-02
-3.662011e-03
5.061843e-02
1.639025e-01
3.288655e-01
4.741453e-01
5.148612e-01
4.193767e-01
2.346385e-01
4.967212e-02
-6.870691e-02
-1.124347e-01
-1.154558e-01
-1.086726e-01
-9.343636e-02
-5.511750e-02
5.108801e-03
5.875292e-02
7.262937e-02
4.157672e-02
-3.735059e-03
-2.313157e-02
-1.991627e-03
3.831004e-02
6.251365e-02
5.290001e-02
2.086555e-02
-8.079038e-03
-1.704817e-02
-6.258584e-03
1.591413e-02
4.409337e-02
7.561058e-02
1.018869e-01
1.059802e-01
7.360803e-02
7.862961e-03
-6.885665e-02
-1.299260e-01
-1.624534e-01
-1.699963e-01
-1.579993e-01
-1.198699e-01
-4.304346e-02
6.647510e-02
1.661374e-01
1.910290e-01
9.862853e-02
-8.911329e-02
-2.851070e-01
-3.866508e-01
-3.417014e-01
-1.808428e-01
1.048928e-02
1.565572e-01
2.400248e-01
2.975661e-01
3.709629e-01
4.584444e-01
5.072248e-01
4.503890e-01
2.551334e-01
-5.454184e-02
-4.107066e-01
-7.314924e-01
-9.448208e-01
-9.997054e-01
-8.750352e-01
-5.921444e-01
-2.209470e-01
1.372632e-01
3.916457e-01
5.050506e-01
5.075220e-01
4.683040e-01
4.460399e-01
4.531250e-01
4.575092e-01
4.153253e-01
3.062516e-01
1.466759e-01
-2.308361e-02
-1.618908e-01
-2.431020e-01
-2.566076e-01
-2.056782e-01
-1.082396e-01
-8.975794e-04
6.671103e-02
5.604400e-02
-2.781226e-02
-1.231596e-01
-1.412997e-01
-2.981940e-02
1.754288e-01
3.584313e-01
3.977877e-01
2.564921e-01
1.351788e-02
-1.943672e-01
-2.768714e-01
-2.531288e-01
-2.186381e-01
-2.463276e-01
-3.120659e-01
-3.131363e-01
-1.634776e-01
1.204924e-01
4.203493e-01
6.005650e-01
6.025318e-01
4.710845e-01
3.018665e-01
1.652286e-01
7.220790e-02
-2.282949e-04
-6.306545e-02
-9.757963e-02
-7.866586e-02
-9.182248e-03
7.221277e-02
1.175443e-01
1.043691e-01
4.751638e-02
-1.946847e-02
-7.253106e-02
-1.086971e-01
-1.340778e-01
-1.450377e-01
-1.247544e-01
-6.057671e-02
3.489919e-02
1.220989e-01
1.584306e-01
1.295396e-01
6.058282e-02
-3.567989e-03
-3.267778e-02
-3.034739e-02
-2.261318e-02
-2.904976e-02
-4.477243e-02
-4.901892e-02
-2.867181e-02
8.826731e-03
4.566186e-02
7.390151e-02
1.023633e-01
1.421889e-01
1.873469e-01
2.127516e-01
1.943822e-01
1.321532e-01
5.287667e-02
-9.453397e-03
-3.671611e-02
-3.212919e-02
-6.980695e-03
3.332354e-02
8.724139e-02
1.421659e-01
1.662178e-01
1.218214e-01
-5.352079e-03
-1.858628e-01
-3.546244e-01
-4.456505e-01
-4.300072e-01
-3.304322e-01
-2.035880e-01
-1.043761e-01
-5.761182e-02
-5.368487e-02
-6.542104e-02
-6.918450e-02
-5.475716e-02
-2.214045e-02
2.461068e-02
7.729331e-02
1.194197e-01
1.286125e-01
9.048745e-02
1.407965e-02
-6.859467e-02
-1.244166e-01
-1.460587e-01
-1.573319e-01
-1.869222e-01
-2.311382e-01
-2.417708e-01
-1.571595e-01
4.405457e-02
3.110938e-01
5.413106e-01
6.407639e-01
5.805185e-01
4.085105e-01
2.119674e-01
6.072770e-02
-2.968340e-02
-9.577006e-02
-1.927128e-01
-3.530791e-01
-5.595809e-01
-7.443094e-01
-8.165708e-01
-7.092319e-01
-4.207727e-01
-2.618415e-02
3.554144e-01
6.196988e-01
7.249212e-01
6.979235e-01
5.995302e-01
4.809376e-01
3.649445e-01
2.586447e-01
1.741290e-01
1.300681e-01
1.318869e-01
1.546692e-01
1.527966e-01
9.323760e-02
-1.629313e-02
-1.308300e-01
-2.012252e-01
-2.081337e-01
-1.692760e-01
-1.185083e-01
-7.973701e-02
-5.814581e-02
-4.963795e-02
-5.140973e-02
-6.021079e-02
-6.378985e-02
-4.174856e-02
1.799285e-02
1.014938e-01
1.708534e-01
1.903533e-01
1.560750e-01
1.012495e-01
6.985631e-02
8.048526e-02
1.128194e-01
1.290820e-01
1.103804e-01
7.426114e-02
5.760447e-02
8.138890e-02
1.304100e-01
1.661880e-01
1.605578e-01
1.194787e-01
7.737635e-02
6.932031e-02
1.058703e-01
1.692546e-01
2.291675e-01
2.622684e-01
2.619391e-01
2.365157e-01
2.014558e-01
1.696680e-01
1.423160e-01
1.047839e-01
3.506039e-02
-7.504757e-02
-1.996373e-01
-2.801106e-01
-2.560055e-01
-1.067689e-01
1.290122e-01
3.760957e-01
5.714054e-01
7.003701e-01
7.921877e-01
8.804502e-01
9.640181e-01
1.000000e+00
9.316554e-01
7.268586e-01
3.998629e-01
6.788097e-03
-3.755198e-01
-6.737432e-01
0.000000e+00
0.000000e+00
0.000000e+00
0.000000e+00
0.000000e+00
0.000000e+00
0.000000e+00
0.000000e+00
0.000000e+00
0.000000e+00
0.000000e+00
0.000000e+00
0.000000e+00
0.000000e+00
0.000000e+00
0.000000e+00
0.000000e+00
0.000000e+00
0.000000e+00
0.000000e+00
0.000000e+00
0.000000e+00
0.000000e+00
0.000000e+00
0.000000e+00
0.000000e+00
0.000000e+00
0.000000e+00
0.000000e+00
0.000000e+00
0.000000e+00
0.000000e+00
0.000000e+00
0.000000e+00
0.000000e+00
0.000000e+00
0.000000e+00
0.000000e+00
0.000000e+00
