
5.135851e-01
5.160141e-01
5.203741e-01
5.274273e-01
5.380364e-01
5.530509e-01
5.731778e-01
5.988654e-01
6.301893e-01
6.667618e-01
7.076831e-01
7.515243e-01
7.963421e-01
8.397607e-01
8.790763e-01
9.114082e-01
9.338426e-01
9.436642e-01
9.384939e-01
9.164907e-01
8.764925e-01
8.181293e-01
7.418857e-01
6.491095e-01
5.419869e-01
4.234151e-01
2.968955e-01
1.663220e-01
3.579324e-02
-9.063681e-02
-2.091242e-01
-3.163088e-01
-4.094155e-01
-4.864182e-01
-5.461104e-01
-5.881149e-01
-6.128793e-01
-6.215621e-01
-6.159469e-01
-5.982687e-01
-5.710581e-01
-5.369567e-01
-4.985689e-01
-4.582962e-01
-4.182490e-01
-3.801332e-01
-3.452235e-01
-3.143541e-01
-2.879397e-01
-2.660337e-01
-2.483891e-01
-2.345523e-01
-2.239423e-01
-2.159273e-01
-2.099049e-01
-2.053380e-01
-2.017961e-01
-1.989687e-01
-1.966620e-01
-1.947830e-01
-1.933043e-01
-1.922543e-01
-1.916586e-01
-1.915442e-01
-1.918923e-01
-1.926381e-01
-1.936749e-01
-1.948489e-01
-1.959760e-01
-1.968668e-01
-1.973325e-01
-1.972163e-01
-1.963939e-01
-1.947964e-01
-1.924113e-01
-1.892753e-01
-1.854809e-01
-1.811433e-01
-1.764236e-01
-1.714698e-01
-1.664527e-01
-1.615148e-01
-1.567852e-01
-1.523622e-01
-1.483302e-01
-1.447341e-01
-1.416033e-01
-1.389430e-01
-1.367514e-01
-1.350044e-01
-1.336746e-01
-1.327341e-01
-1.321397e-01
-1.318561e-01
-1.318452e-01
-1.320767e-01
-1.325162e-01
-1.331479e-01
-1.339748e-01
-1.350015e-01
-1.362643e-01
-1.378056e-01
-1.396967e-01
-1.420001e-01
-1.447764e-01
-1.480767e-01
-1.519039e-01
-1.562122e-01
-1.608960e-01
-1.657536e-01
-1.705133e-01
-1.747957e-01
-1.781672e-01
-1.801083e-01
-1.800807e-01
-1.775337e-01
-1.719539e-01
-1.629063e-01
-1.500584e-01
-1.332411e-01
-1.124474e-01
-8.786252e-02
-5.987387e-02
-2.904337e-02
3.901480e-03
3.810426e-02
7.262034e-02
1.064758e-01
1.387124e-01
1.684251e-01
1.948259e-01
2.172719e-01
2.352768e-01
2.485436e-01
2.569589e-01
2.605783e-01
2.596114e-01
2.544093e-01
2.454175e-01
2.331717e-01
2.182434e-01
2.012509e-01
1.828155e-01
1.635639e-01
1.441111e-01
1.250670e-01
1.070120e-01
9.050939e-02
7.608643e-02
6.422882e-02
5.535423e-02
4.979725e-02
4.778792e-02
4.941316e-02
5.460993e-02
6.313378e-02
7.455544e-02
8.825583e-02
1.034429e-01
1.191670e-01
1.343765e-01
1.479540e-01
1.587811e-01
1.658112e-01
1.681231e-01
1.649909e-01
1.559410e-01
1.407907e-01
1.196757e-01
9.304698e-02
6.167789e-02
2.660815e-02
-1.088190e-02
-4.935489e-02
-8.727702e-02
-1.231042e-01
-1.553598e-01
-1.827085e-01
-2.040284e-01
-2.184625e-01
-2.254543e-01
-2.247797e-01
-2.165440e-01
-2.011796e-01
-1.794126e-01
-1.522257e-01
-1.208140e-01
-8.652433e-02
-5.079099e-02
-1.508261e-02
1.916557e-02
5.060654e-02
7.803508e-02
1.004285e-01
1.169860e-01
1.271518e-01
1.306319e-01
1.274015e-01
1.176903e-01
1.019857e-01
8.098108e-02
5.555929e-02
2.674135e-02
-4.356627e-03
-3.659031e-02
-6.882162e-02
-9.999104e-02
-1.291537e-01
-1.555274e-01
-1.785246e-01
-1.977731e-01
-2.131265e-01
-2.246493e-01
-2.326147e-01
-2.374536e-01
-2.397334e-01
-2.400920e-01
-2.391967e-01
-2.376780e-01
-2.360912e-01
-2.348655e-01
-2.342674e-01
-2.343837e-01
-2.351048e-01
-2.361494e-01
-2.370493e-01
-2.372139e-01
-2.359554e-01
-2.325358e-01
-2.262309e-01
-2.163716e-01
-2.024008e-01
-1.839028e-01
-1.606622e-01
-1.326574e-01
-1.001025e-01
-6.341807e-02
-2.323205e-02
1.963466e-02
6.422624e-02
1.094668e-01
1.542249e-01
1.973397e-01
2.376815e-01
2.741992e-01
3.059285e-01
3.320805e-01
3.519989e-01
3.652463e-01
3.715713e-01
3.709160e-01
3.634411e-01
3.494824e-01
3.295538e-01
3.043154e-01
2.745592e-01
2.411658e-01
2.050810e-01
1.672879e-01
1.287594e-01
9.043816e-02
5.320374e-02
1.783405e-02
-1.500192e-02
-4.477676e-02
-7.111392e-02
-9.379369e-02
-1.127619e-01
-1.281071e-01
-1.400721e-01
-1.490163e-01
-1.553960e-01
-1.597347e-01
-1.626000e-01
-1.645461e-01
-1.661084e-01
-1.677454e-01
-1.698218e-01
-1.725864e-01
-1.761399e-01
-1.804440e-01
-1.853106e-01
-1.904019e-01
-1.952704e-01
-1.993600e-01
-2.020472e-01
-2.026943e-01
-2.006672e-01
-1.953910e-01
-1.863957e-01
-1.733467e-01
-1.560820e-01
-1.346287e-01
-1.092276e-01
-8.032677e-02
-4.856949e-02
-1.478071e-02
2.007664e-02
5.492947e-02
8.866380e-02
1.201596e-01
1.483594e-01
1.723098e-01
1.912155e-01
2.044793e-01
2.117261e-01
2.128182e-01
2.078641e-01
1.972005e-01
1.813777e-01
1.611243e-01
1.373041e-01
1.108727e-01
8.283180e-02
5.418066e-02
2.587004e-02
-1.228475e-03
-2.636303e-02
-4.890948e-02
-6.839628e-02
-8.450335e-02
-9.705993e-02
-1.060341e-01
-1.115255e-01
-1.137409e-01
-1.129782e-01
-1.096097e-01
-1.040552e-01
-9.677219e-02
-8.822531e-02
-7.887582e-02
-6.915364e-02
-5.945621e-02
-5.010759e-02
-4.136694e-02
-3.339900e-02
-2.627596e-02
-1.997350e-02
-1.437424e-02
-9.283883e-03
-4.445172e-03
4.220493e-04
5.599773e-03
1.132287e-02
1.775917e-02
2.495505e-02
3.283239e-02
4.117388e-02
4.961812e-02
5.770301e-02
6.489673e-02
7.066426e-02
7.453908e-02
7.620133e-02
7.556919e-02
7.285526e-02
6.862174e-02
6.381853e-02
5.975801e-02
5.807570e-02
6.064428e-02
6.944708e-02
8.642816e-02
1.133124e-01
1.514351e-01
2.015555e-01
2.637105e-01
3.371220e-01
4.201106e-01
5.101285e-01
6.038088e-01
6.971342e-01
7.856105e-01
8.645419e-01
9.293058e-01
9.756530e-01
1.000000e+00
9.996923e-01
9.732073e-01
9.202924e-01
8.420261e-01
7.407917e-01
6.201448e-01
4.846325e-01
3.395172e-01
1.904745e-01
0.000000e+00
0.000000e+00
0.000000e+00
0.000000e+00
0.000000e+00
0.000000e+00
0.000000e+00
0.000000e+00
0.000000e+00
0.000000e+00
0.000000e+00
0.000000e+00
0.000000e+00
0.000000e+00
0.000000e+00
0.000000e+00
0.000000e+00
0.000000e+00
0.000000e+00
0.000000e+00
0.000000e+00
0.000000e+00
0.000000e+00
0.000000e+00
0.000000e+00
0.000000e+00
0.000000e+00
0.000000e+00
0.000000e+00
0.000000e+00
0.000000e+00
0.000000e+00
0.000000e+00
0.000000e+00
0.000000e+00
0.000000e+00
0.000000e+00
0.000000e+00
0.000000e+00
0.000000e+00
0.000000e+00
0.000000e+00
0.000000e+00
0.000000e+00
0.000000e+00
0.000000e+00
0.000000e+00
0.000000e+00
0.000000e+00
0.000000e+00
0.000000e+00
0.000000e+00
0.000000e+00
0.000000e+00
0.000000e+00
0.000000e+00
0.000000e+00
0.000000e+00
0.000000e+00
0.000000e+00
0.000000e+00
0.000000e+00
0.000000e+00
0.000000e+00
0.000000e+00
0.000000e+00
0.000000e+00
0.000000e+00
0.000000e+00
0.000000e+00
0.000000e+00
0.000000e+00
0.000000e+00
0.000000e+00
0.000000e+00
0.000000e+00
0.000000e+00
0.000000e+00
0.000000e+00
0.000000e+00
0.000000e+00
0.000000e+00
0.000000e+00
0.000000e+00
0.000000e+00
0.000000e+00
0.000000e+00
0.000000e+00
0.000000e+00
0.000000e+00
0.000000e+00
0.000000e+00
0.000000e+00
0.000000e+00
0.000000e+00
0.000000e+00
0.000000e+00
0.000000e+00
0.000000e+00
0.000000e+00
0.000000e+00
0.000000e+00
0.000000e+00
0.000000e+00
0.000000e+00
0.000000e+00
0.000000e+00
0.000000e+00
0.000000e+00
0.000000e+00
0.000000e+00
0.000000e+00
0.000000e+00
0.000000e+00
0.000000e+00
0.000000e+00
0.000000e+00
0.000000e+00
0.000000e+00
0.000000e+00
0.000000e+00
0.000000e+00
0.000000e+00
0.000000e+00
0.000000e+00
0.000000e+00
0.000000e+00
0.000000e+00
0.000000e+00
0.000000e+00
0.000000e+00
0.000000e+00
0.000000e+00
0.000000e+00
0.000000e+00
0.000000e+00
0.000000e+00
0.000000e+00
0.000000e+00
0.000000e+00
0.000000e+00
0.000000e+00
0.000000e+00
0.000000e+00
0.000000e+00
0.000000e+00
0.000000e+00
0.000000e+00
0.000000e+00
0.000000e+00
0.000000e+00
0.000000e+00
0.000000e+00
0.000000e+00
0.000000e+00
0.000000e+00
0.000000e+00
0.000000e+00
0.000000e+00
0.000000e+00
0.000000e+00
0.000000e+00
0.000000e+00
0.000000e+00
0.000000e+00
0.000000e+00
0.000000e+00
0.000000e+00
0.000000e+00
0.000000e+00
0.000000e+00
0.000000e+00
0.000000e+00
0.000000e+00
0.000000e+00
0.000000e+00
0.000000e+00
0.000000e+00
0.000000e+00
0.000000e+00
0.000000e+00
0.000000e+00
0.000000e+00
0.000000e+00
0.000000e+00
0.000000e+00
0.000000e+00
0.000000e+00
0.000000e+00
0.000000e+00
0.000000e+00
0.000000e+00
0.000000e+00
0.000000e+00
0.000000e+00
0.000000e+00
0.000000e+00
0.000000e+00
0.000000e+00
0.000000e+00
0.000000e+00
0.000000e+00
0.000000e+00
0.000000e+00
0.000000e+00
0.000000e+00
0.000000e+00
0.000000e+00
0.000000e+00
0.000000e+00
0.000000e+00
0.000000e+00
0.000000e+00
0.000000e+00
0.000000e+00
0.000000e+00
0.000000e+00
0.000000e+00
0.000000e+00
0.000000e+00
0.000000e+00
0.000000e+00
0.000000e+00
0.000000e+00
0.000000e+00
0.000000e+00
0.000000e+00
0.000000e+00
0.000000e+00
0.000000e+00
0.000000e+00
0.000000e+00
0.000000e+00
0.000000e+00
0.000000e+00
0.000000e+00
0.000000e+00
0.000000e+00
0.000000e+00
0.000000e+00
0.000000e+00
2.308263e-01
2.162943e-01
1.951288e-01
1.680526e-01
1.359711e-01
9.992515e-02
6.103641e-02
2.045893e-02
-2.068672e-02
-6.136128e-02
-1.006552e-01
-1.378272e-01
-1.723331e-01
-2.038390e-01
-2.322233e-01
-2.575675e-01
-2.801261e-01
-3.002929e-01
-3.185562e-01
-3.354440e-01
-3.514669e-01
-3.670660e-01
-3.825609e-01
-3.980977e-01
-4.136161e-01
-4.288324e-01
-4.432226e-01
-4.560371e-01
-4.663192e-01
-4.729383e-01
-4.746565e-01
-4.701752e-01
-4.582193e-01
-4.376052e-01
-4.073247e-01
-3.666063e-01
-3.149971e-01
-2.524001e-01
-1.791255e-01
-9.590739e-02
-3.899141e-03
9.532726e-02
1.998389e-01
3.073798e-01
4.154584e-01
5.214190e-01
6.225531e-01
7.161913e-01
7.997952e-01
8.710778e-01
9.280641e-01
9.691971e-01
9.933780e-01
1.000000e+00
9.890048e-01
9.608408e-01
9.164747e-01
8.573270e-01
7.852275e-01
7.023401e-01
6.110707e-01
5.139895e-01
4.137079e-01
3.128287e-01
2.138135e-01
1.189311e-01
3.017786e-02
-5.077553e-02
-1.226224e-01
-1.844221e-01
-2.356385e-01
-2.761060e-01
-3.059992e-01
-3.258189e-01
-3.363154e-01
-3.384641e-01
-3.333837e-01
-3.222946e-01
-3.064537e-01
-2.871093e-01
-2.654506e-01
-2.425730e-01
-2.194507e-01
-1.969153e-01
-1.756411e-01
-1.561567e-01
-1.388313e-01
-1.239018e-01
-1.114763e-01
-1.015659e-01
-9.409194e-02
-8.891002e-02
-8.584245e-02
-8.467377e-02
-8.518627e-02
-8.715532e-02
-9.037153e-02
-9.463729e-02
-9.976751e-02
-1.056056e-01
-1.120042e-01
-1.188244e-01
-1.259466e-01
-1.332537e-01
-1.406326e-01
-1.479732e-01
-1.551685e-01
-1.621062e-01
-1.686855e-01
-1.748054e-01
-1.803652e-01
-1.852874e-01
-1.894942e-01
-1.929245e-01
-1.955376e-01
-1.973063e-01
-1.982153e-01
-1.982740e-01
-1.974962e-01
-1.959192e-01
-1.935745e-01
-1.905151e-01
-1.867917e-01
-1.824547e-01
-1.775568e-01
-1.721506e-01
-1.662941e-01
-1.600288e-01
-1.534176e-01
-1.465126e-01
-1.393745e-01
-1.320780e-01
-1.247012e-01
-1.173333e-01
-1.100784e-01
-1.030507e-01
-9.637303e-02
-9.017541e-02
-8.459120e-02
-7.974835e-02
-7.577777e-02
-7.278160e-02
-7.085557e-02
-7.006612e-02
-7.044547e-02
-7.200256e-02
-7.469970e-02
-7.847144e-02
-8.321858e-02
-8.880080e-02
-9.505992e-02
-1.018174e-01
-1.088734e-01
-1.160370e-01
-1.231049e-01
-1.298946e-01
-1.362410e-01
-1.420052e-01
-1.470717e-01
-1.513602e-01
-1.548250e-01
-1.574502e-01
-1.592438e-01
-1.602510e-01
-1.605183e-01
-1.601156e-01
-1.591119e-01
-1.575752e-01
-1.555718e-01
-1.531469e-01
-1.503411e-01
-1.471724e-01
-1.436456e-01
-1.397519e-01
-1.354833e-01
-1.308170e-01
-1.257401e-01
-1.202486e-01
-1.143525e-01
-1.080844e-01
-1.015010e-01
-9.467362e-02
-8.771630e-02
-8.073418e-02
-7.387405e-02
-6.726881e-02
-6.105333e-02
-5.534465e-02
-5.024592e-02
-4.579482e-02
-4.200127e-02
-3.882857e-02
-3.615970e-02
-3.383497e-02
-3.164017e-02
-2.929164e-02
-2.649284e-02
-2.291649e-02
-1.822637e-02
-1.210115e-02
-4.265107e-03
5.512833e-03
1.738243e-02
3.140122e-02
4.753348e-02
6.561855e-02
8.538766e-02
1.064649e-01
1.283723e-01
1.505544e-01
1.723785e-01
1.931949e-01
2.123293e-01
2.291459e-01
2.430427e-01
2.535218e-01
2.601796e-01
2.627612e-01
2.611417e-01
2.553764e-01
2.456774e-01
2.324163e-01
2.161194e-01
1.974392e-01
1.771475e-01
1.560766e-01
1.351238e-01
1.151896e-01
9.714519e-02
8.180635e-02
6.990154e-02
6.203625e-02
5.865825e-02
6.008245e-02
6.642139e-02
7.762898e-02
9.348999e-02
1.136082e-01
1.374605e-01
1.643853e-01
1.936333e-01
2.243740e-01
2.557469e-01
2.868882e-01
3.169460e-01
3.451448e-01
3.707681e-01
3.932247e-01
4.120325e-01
4.268494e-01
4.374901e-01
4.438919e-01
4.461601e-01
4.445064e-01
4.392828e-01
4.309293e-01
4.199643e-01
4.069624e-01
3.925268e-01
3.772593e-01
3.617458e-01
3.465218e-01
3.320627e-01
3.187687e-01
3.069484e-01
2.968171e-01
2.885013e-01
2.820454e-01
2.774113e-01
2.745073e-01
2.732051e-01
2.733514e-01
2.748009e-01
2.774281e-01
2.811513e-01
2.859480e-01
2.918540e-01
2.989864e-01
3.075162e-01
3.176814e-01
3.297543e-01
3.440216e-01
3.607648e-01
3.802086e-01
4.025216e-01
4.277356e-01
4.557563e-01
4.863269e-01
5.189891e-01
5.531003e-01
5.878264e-01
6.221420e-01
6.548627e-01
6.846815e-01
7.102188e-01
7.300494e-01
7.428007e-01
7.471725e-01
7.420450e-01
7.264939e-01
6.998865e-01
6.618835e-01
6.125168e-01
5.521651e-01
4.815921e-01
4.019067e-01
3.145588e-01
2.212623e-01
1.239728e-01
2.479498e-02
-7.407935e-02
0.000000e+00
0.000000e+00
0.000000e+00
0.000000e+00
0.000000e+00
0.000000e+00
0.000000e+00
0.000000e+00
0.000000e+00
0.000000e+00
0.000000e+00
0.000000e+00
0.000000e+00
0.000000e+00
0.000000e+00
0.000000e+00
0.000000e+00
0.000000e+00
0.000000e+00
0.000000e+00
0.000000e+00
0.000000e+00
0.000000e+00
0.000000e+00
0.000000e+00
0.000000e+00
0.000000e+00
0.000000e+00
0.000000e+00
0.000000e+00
0.000000e+00
0.000000e+00
0.000000e+00
0.000000e+00
0.000000e+00
0.000000e+00
0.000000e+00
0.000000e+00
0.000000e+00
0.000000e+00
0.000000e+00
0.000000e+00
0.000000e+00
0.000000e+00
0.000000e+00
0.000000e+00
0.000000e+00
0.000000e+00
0.000000e+00
0.000000e+00
0.000000e+00
0.000000e+00
0.000000e+00
0.000000e+00
0.000000e+00
0.000000e+00
0.000000e+00
0.000000e+00
0.000000e+00
0.000000e+00
0.000000e+00
0.000000e+00
0.000000e+00
0.000000e+00
0.000000e+00
0.000000e+00
0.000000e+00
0.000000e+00
0.000000e+00
0.000000e+00
0.000000e+00
0.000000e+00
0.000000e+00
0.000000e+00
0.000000e+00
0.000000e+00
0.000000e+00
0.000000e+00
0.000000e+00
0.000000e+00
0.000000e+00
0.000000e+00
0.000000e+00
0.000000e+00
0.000000e+00
0.000000e+00
0.000000e+00
0.000000e+00
0.000000e+00
0.000000e+00
0.000000e+00
0.000000e+00
0.000000e+00
0.000000e+00
0.000000e+00
0.000000e+00
0.000000e+00
0.000000e+00
0.000000e+00
0.000000e+00
0.000000e+00
0.000000e+00
0.000000e+00
0.000000e+00
0.000000e+00
0.000000e+00
0.000000e+00
0.000000e+00
0.000000e+00
0.000000e+00
0.000000e+00
0.000000e+00
0.000000e+00
0.000000e+00
0.000000e+00
0.000000e+00
0.000000e+00
0.000000e+00
0.000000e+00
0.000000e+00
0.000000e+00
0.000000e+00
0.000000e+00
0.000000e+00
0.000000e+00
0.000000e+00
0.000000e+00
0.000000e+00
0.000000e+00
0.000000e+00
0.000000e+00
0.000000e+00
0.000000e+00
0.000000e+00
0.000000e+00
0.000000e+00
0.000000e+00
0.000000e+00
0.000000e+00
0.000000e+00
0.000000e+00
0.000000e+00
0.000000e+00
0.000000e+00
0.000000e+00
0.000000e+00
9.695167e-01
9.101882e-01
8.251826e-01
7.189700e-01
5.970270e-01
4.654622e-01
3.306188e-01
1.986731e-01
7.526569e-02
-3.482968e-02
-1.279299e-01
-2.016033e-01
-2.547096e-01
-2.873846e-01
-3.008802e-01
-2.974026e-01
-2.798590e-01
-2.515941e-01
-2.161281e-01
-1.769162e-01
-1.371257e-01
-9.948069e-02
-6.615099e-02
-3.869330e-02
-1.804995e-02
-4.583015e-03
1.852817e-03
1.810078e-03
-3.844824e-03
-1.405264e-02
-2.764506e-02
-4.344624e-02
-6.033607e-02
-7.730625e-02
-9.348797e-02
-1.081937e-01
-1.208990e-01
-1.312675e-01
-1.391228e-01
-1.444452e-01
-1.473506e-01
-1.480703e-01
-1.469268e-01
-1.443067e-01
-1.406411e-01
-1.363709e-01
-1.319217e-01
-1.276876e-01
-1.239927e-01
-1.211017e-01
-1.191763e-01
-1.183092e-01
-1.185038e-01
-1.196866e-01
-1.217394e-01
-1.244932e-01
-1.277722e-01
-1.313844e-01
-1.351544e-01
-1.389228e-01
-1.425380e-01
-1.458740e-01
-1.487985e-01
-1.511722e-01
-1.528473e-01
-1.536395e-01
-1.533431e-01
-1.517273e-01
-1.485463e-01
-1.435567e-01
-1.365516e-01
-1.273664e-01
-1.159228e-01
-1.022392e-01
-8.645995e-02
-6.884749e-02
-4.978343e-02
-2.976595e-02
-9.368262e-03
1.078684e-02
3.005621e-02
4.783450e-02
6.357653e-02
7.683729e-02
8.729864e-02
9.477885e-02
9.925124e-02
1.008208e-01
9.972582e-02
9.631814e-02
9.102720e-02
8.434895e-02
7.681062e-02
6.894388e-02
6.127921e-02
5.431273e-02
4.849576e-02
4.422458e-02
4.182444e-02
4.153740e-02
4.351323e-02
4.779005e-02
5.428914e-02
6.280440e-02
7.299513e-02
8.438597e-02
9.638862e-02
1.083045e-01
1.193697e-01
1.287866e-01
1.357772e-01
1.396320e-01
1.397523e-01
1.357276e-01
1.273401e-01
1.146129e-01
9.781183e-02
7.744244e-02
5.420995e-02
2.897936e-02
2.729312e-03
-2.353740e-02
-4.885873e-02
-7.236765e-02
-9.337113e-02
-1.113784e-01
-1.261416e-01
-1.376273e-01
-1.460419e-01
-1.517638e-01
-1.552875e-01
-1.571850e-01
-1.580152e-01
-1.582714e-01
-1.583100e-01
-1.583393e-01
-1.583619e-01
-1.581960e-01
-1.574892e-01
-1.557464e-01
-1.524024e-01
-1.468576e-01
-1.385747e-01
-1.271206e-01
-1.122301e-01
-9.385519e-02
-7.218336e-02
-4.764835e-02
-2.090698e-02
7.176748e-03
3.559692e-02
6.325633e-02
8.904137e-02
1.118822e-01
1.308257e-01
1.450803e-01
1.540693e-01
1.574483e-01
1.551147e-01
1.472050e-01
1.340642e-01
1.162233e-01
9.434094e-02
6.917203e-02
4.151603e-02
1.217535e-02
-1.807876e-02
-4.851399e-02
-7.847431e-02
-1.073659e-01
-1.346531e-01
-1.598518e-01
-1.825242e-01
-2.022613e-01
-2.186791e-01
-2.314317e-01
-2.402113e-01
-2.447746e-01
-2.449670e-01
-2.407565e-01
-2.322565e-01
-2.197565e-01
-2.037290e-01
-1.848410e-01
-1.639382e-01
-1.420017e-01
-1.201237e-01
-9.942598e-02
-8.100985e-02
-6.586925e-02
-5.482203e-02
-4.846245e-02
-4.709309e-02
-5.071190e-02
-5.899098e-02
-7.129815e-02
-8.672425e-02
-1.041369e-01
-1.222313e-01
-1.396069e-01
-1.548364e-01
-1.665121e-01
-1.733203e-01
-1.740745e-01
-1.677498e-01
-1.535091e-01
-1.307104e-01
-9.893705e-02
-5.798747e-02
-7.897180e-03
5.102814e-02
1.182230e-01
1.927997e-01
2.735487e-01
3.589231e-01
4.470173e-01
5.355934e-01
6.221255e-01
7.038502e-01
7.778774e-01
8.413112e-01
8.913770e-01
9.255975e-01
9.419411e-01
9.389715e-01
9.159529e-01
8.729650e-01
8.109173e-01
7.315623e-01
6.374018e-01
5.315957e-01
4.177923e-01
2.999266e-01
1.820110e-01
6.792071e-02
-3.881844e-02
-1.351983e-01
-2.188781e-01
-2.882605e-01
-3.425311e-01
-3.816432e-01
-4.062350e-01
-4.175325e-01
-4.172128e-01
-4.072378e-01
-3.897195e-01
-3.667618e-01
-3.403438e-01
-3.122181e-01
-2.838693e-01
-2.564503e-01
-2.308183e-01
-2.075403e-01
-1.869335e-01
-1.691217e-01
-1.540873e-01
-1.417127e-01
-1.318271e-01
-1.242317e-01
-1.187047e-01
-1.150222e-01
-1.129451e-01
-1.122107e-01
-1.125408e-01
-1.136249e-01
-1.151289e-01
-1.167266e-01
-1.180791e-01
-1.189013e-01
-1.189470e-01
-1.180664e-01
-1.161890e-01
-1.133685e-01
-1.097448e-01
-1.055625e-01
-1.011314e-01
-9.680581e-02
-9.295604e-02
-8.993601e-02
-8.805480e-02
-8.756638e-02
-8.865794e-02
-9.145462e-02
-9.603061e-02
-1.024210e-01
-1.106488e-01
-1.207345e-01
-1.327128e-01
-1.466097e-01
-1.624493e-01
-1.802054e-01
-1.997725e-01
-2.208947e-01
-2.431475e-01
-2.658601e-01
-2.881152e-01
-3.087172e-01
-3.262365e-01
-3.390449e-01
-3.454014e-01
-3.435633e-01
-3.319092e-01
-3.090899e-01
-2.741423e-01
-2.266204e-01
-1.666899e-01
-9.518079e-02
-1.356610e-02
7.603431e-02
1.709843e-01
2.682449e-01
3.645578e-01
4.566148e-01
5.412510e-01
6.156452e-01
6.774405e-01
7.248888e-01
7.569179e-01
7.731261e-01
7.738019e-01
7.598056e-01
7.324985e-01
6.935953e-01
6.450244e-01
5.888142e-01
5.269449e-01
4.612741e-01
3.934546e-01
3.249034e-01
2.568062e-01
1.901085e-01
1.255919e-01
6.388579e-02
5.531462e-03
-4.898181e-02
-9.918391e-02
-1.446201e-01
-1.848427e-01
-2.194409e-01
-2.480625e-01
-2.704489e-01
-2.864542e-01
-2.961115e-01
-2.995878e-01
-2.972351e-01
-2.895569e-01
-2.771752e-01
-2.608119e-01
-2.412299e-01
-2.191957e-01
-1.954524e-01
-1.706680e-01
-1.454284e-01
-1.202407e-01
-9.550911e-02
-7.158326e-02
-4.875145e-02
-2.727849e-02
-7.418267e-03
1.056496e-02
2.639830e-02
3.980121e-02
5.049433e-02
5.822435e-02
6.279227e-02
6.407051e-02
6.202788e-02
5.676109e-02
4.848157e-02
3.752847e-02
2.434165e-02
9.455856e-03
-6.551923e-03
-2.307240e-02
-3.951150e-02
-5.533106e-02
-7.004786e-02
-8.327879e-02
-9.472138e-02
-1.041836e-01
-1.115423e-01
-1.167520e-01
-1.198237e-01
-1.207909e-01
-1.197352e-01
-1.167331e-01
-1.118793e-01
-1.052818e-01
-9.706622e-02
-8.739692e-02
-7.646471e-02
-6.451656e-02
-5.184662e-02
-3.880468e-02
-2.578523e-02
-1.320641e-02
-1.504087e-03
8.903068e-03
1.762639e-02
2.433259e-02
2.876857e-02
3.077645e-02
3.028495e-02
2.733202e-02
2.203433e-02
1.460011e-02
5.288532e-03
-5.592941e-03
-1.772513e-02
-3.076314e-02
-4.439770e-02
-5.832066e-02
-7.225952e-02
-8.597828e-02
-9.926528e-02
-1.119471e-01
-1.238781e-01
-1.349463e-01
-1.450681e-01
-1.541942e-01
-1.623112e-01
-1.694378e-01
-1.756379e-01
-1.810007e-01
-1.856478e-01
-1.897090e-01
-1.933232e-01
-1.965844e-01
-1.995590e-01
-2.022300e-01
-2.044887e-01
-2.061108e-01
-2.067662e-01
-2.059966e-01
-2.032561e-01
-1.979202e-01
-1.893464e-01
-1.769039e-01
-1.600462e-01
-1.383545e-01
-1.116001e-01
-7.977862e-02
-4.315390e-02
-2.255612e-03
4.212404e-02
8.893880e-02
1.369626e-01
1.848325e-01
2.311091e-01
2.743857e-01
3.133337e-01
3.467886e-01
3.738086e-01
3.937127e-01
4.061119e-01
4.109074e-01
4.082880e-01
3.986954e-01
3.827711e-01
3.613308e-01
3.352823e-01
3.055838e-01
2.731981e-01
2.390399e-01
2.039488e-01
1.686689e-01
1.338441e-01
1.000035e-01
6.758367e-02
3.693448e-02
8.329423e-03
-1.801405e-02
-4.192541e-02
-6.327669e-02
-8.197648e-02
-9.797033e-02
-1.112473e-01
-1.218500e-01
-1.298765e-01
-1.354897e-01
-1.389232e-01
-1.404726e-01
-1.404962e-01
-1.393980e-01
-1.376039e-01
-1.355424e-01
-1.336212e-01
-1.321813e-01
-1.314850e-01
-1.316833e-01
-1.327969e-01
-1.347039e-01
-1.371438e-01
-1.397305e-01
-1.419593e-01
-1.432695e-01
-1.430575e-01
-1.407453e-01
-1.358209e-01
-1.278962e-01
-1.167423e-01
-1.023174e-01
-8.480304e-02
-6.458126e-02
-4.222219e-02
-1.845614e-02
5.892864e-03
2.996321e-02
5.293226e-02
7.407309e-02
9.283490e-02
1.088799e-01
1.221114e-01
1.326832e-01
1.409720e-01
1.475379e-01
1.530552e-01
1.582323e-01
1.637226e-01
1.700372e-01
1.774758e-01
1.860625e-01
1.955245e-01
2.052926e-01
2.145337e-01
2.222129e-01
2.271918e-01
2.283248e-01
2.245711e-01
2.151169e-01
1.994519e-01
1.774484e-01
1.493991e-01
1.160187e-01
7.840505e-02
3.797381e-02
-3.634633e-03
-4.467516e-02
-8.342419e-02
-1.182924e-01
-1.479477e-01
-1.713828e-01
-1.879972e-01
-1.975963e-01
-2.004062e-01
-1.970133e-01
-1.883187e-01
-1.754322e-01
-1.595986e-01
-1.420823e-01
-1.240948e-01
-1.067051e-01
-9.079190e-02
-7.700365e-02
-6.574932e-02
-5.720081e-02
-5.132187e-02
-4.790487e-02
-4.661748e-02
-4.704436e-02
-4.874504e-02
-5.128751e-02
-5.427463e-02
-5.738228e-02
-6.035282e-02
-6.301274e-02
-6.526355e-02
-6.706902e-02
-6.844266e-02
-6.943575e-02
-7.011239e-02
-7.055517e-02
-7.082374e-02
-7.098359e-02
-7.106531e-02
-7.109146e-02
-7.105265e-02
-7.092751e-02
-7.067706e-02
-7.025104e-02
-6.959559e-02
-6.865054e-02
-6.736888e-02
-6.570821e-02
-6.364237e-02
-6.116179e-02
-5.827707e-02
-5.501248e-02
-5.142239e-02
-4.755740e-02
-4.350197e-02
-3.931764e-02
-3.509672e-02
-3.090110e-02
-2.679814e-02
-2.284152e-02
-1.906680e-02
-1.550646e-02
-1.217041e-02
-9.080542e-03
-6.244714e-03
-3.682416e-03
-1.422711e-03
4.984991e-04
2.022748e-03
3.088150e-03
3.619483e-03
3.542553e-03
2.786582e-03
1.305414e-03
-9.392460e-04
-3.936115e-03
-7.643139e-03
-1.198270e-02
-1.682761e-02
-2.202914e-02
-2.740265e-02
-3.275803e-02
-3.790895e-02
-4.268685e-02
-4.695393e-02
-5.063360e-02
-5.369680e-02
-5.618798e-02
-5.821689e-02
-5.995928e-02
-6.164218e-02
-6.353467e-02
-6.591643e-02
-6.908665e-02
-7.329834e-02
-7.878536e-02
-8.571594e-02
-9.419403e-02
-1.042452e-01
-1.158289e-01
-1.288333e-01
-1.430825e-01
-1.583551e-01
-1.743874e-01
-1.908878e-01
-2.075294e-01
-2.239651e-01
-2.397998e-01
-2.545869e-01
-2.678230e-01
-2.788996e-01
-2.871131e-01
-2.916516e-01
-2.915921e-01
-2.859177e-01
-2.735754e-01
-2.535133e-01
-2.247611e-01
-1.865174e-01
-1.382571e-01
-7.982478e-02
-1.151804e-02
6.583230e-02
1.508162e-01
2.414465e-01
3.351827e-01
4.290207e-01
5.196031e-01
6.033849e-01
6.768196e-01
7.365628e-01
7.796821e-01
8.038530e-01
8.074944e-01
7.899300e-01
7.514252e-01
6.931961e-01
6.173706e-01
5.268489e-01
4.251593e-01
3.162408e-01
2.042173e-01
9.317203e-02
-1.309110e-02
-1.112281e-01
-1.985326e-01
-2.730160e-01
-3.334948e-01
-3.795520e-01
-4.115173e-01
-4.303494e-01
-4.375033e-01
-4.348074e-01
-4.242717e-01
-4.079502e-01
-3.878175e-01
-3.656376e-01
-3.428894e-01
-3.207218e-01
-2.999358e-01
-2.809935e-01
-2.640531e-01
-2.490298e-01
-2.356599e-01
-2.235620e-01
-2.123148e-01
-2.015110e-01
-1.908043e-01
-1.799424e-01
-1.687974e-01
-1.573611e-01
-1.457395e-01
-1.341309e-01
-1.228087e-01
-1.120699e-01
-1.022208e-01
-9.353276e-02
-8.621787e-02
-8.040466e-02
-7.612801e-02
-7.334142e-02
-7.189718e-02
-7.158741e-02
-7.216045e-02
-7.335510e-02
-7.492380e-02
-7.666892e-02
-7.845302e-02
-8.021730e-02
-8.198088e-02
-8.382175e-02
-8.585408e-02
-8.820439e-02
-9.093491e-02
-9.406136e-02
-9.744972e-02
-1.008415e-01
-1.038244e-01
-1.058478e-01
-1.062492e-01
-1.043174e-01
-9.933982e-02
-9.071540e-02
-7.800990e-02
-6.104349e-02
-3.994881e-02
-1.522643e-02
1.228391e-02
4.139029e-02
7.063550e-02
9.837287e-02
1.229051e-01
1.425932e-01
1.560105e-01
1.620679e-01
1.601224e-01
1.500394e-01
1.322517e-01
1.077338e-01
7.795860e-02
4.480122e-02
1.040817e-02
-2.293247e-02
-5.298528e-02
-7.768372e-02
-9.529020e-02
-1.045109e-01
-1.045567e-01
-9.518831e-02
-7.672158e-02
-4.997097e-02
-1.617695e-02
2.308084e-02
6.601146e-02
1.107153e-01
1.553028e-01
1.980098e-01
2.372457e-01
2.716935e-01
3.003150e-01
3.223951e-01
3.375302e-01
3.456137e-01
3.468084e-01
3.415272e-01
3.303883e-01
3.141827e-01
2.938382e-01
2.703788e-01
2.449077e-01
2.185362e-01
1.923768e-01
1.674896e-01
1.448296e-01
1.252264e-01
1.093189e-01
9.755022e-02
9.010882e-02
8.694579e-02
8.774962e-02
9.198012e-02
9.888916e-02
1.075707e-01
1.170277e-01
1.262142e-01
1.341396e-01
1.399069e-01
1.427871e-01
1.422701e-01
1.380840e-01
1.302209e-01
1.189130e-01
1.046372e-01
8.804401e-02
6.992141e-02
5.113311e-02
3.255714e-02
1.501921e-02
-7.479455e-04
-1.416189e-02
-2.477949e-02
-3.236859e-02
-3.685125e-02
-3.830489e-02
-3.695194e-02
-3.310935e-02
-2.715185e-02
-1.947983e-02
-1.048905e-02
-5.397204e-04
1.007309e-02
2.109843e-02
3.237541e-02
4.378591e-02
5.526154e-02
6.677650e-02
7.829111e-02
8.978828e-02
1.012031e-01
1.124533e-01
1.234100e-01
1.339086e-01
1.437504e-01
1.527173e-01
1.605832e-01
1.671356e-01
1.721828e-01
1.755877e-01
1.772627e-01
1.771843e-01
1.754072e-01
1.720464e-01
1.672890e-01
1.613745e-01
1.545813e-01
1.472247e-01
1.396269e-01
1.321135e-01
1.249959e-01
1.185630e-01
1.130787e-01
1.087607e-01
1.057968e-01
1.043235e-01
1.044415e-01
1.062025e-01
1.096104e-01
1.146264e-01
1.211564e-01
1.290514e-01
1.381128e-01
1.480881e-01
1.586740e-01
1.695230e-01
1.802782e-01
1.905578e-01
2.000059e-01
2.083171e-01
2.152559e-01
2.206927e-01
2.246407e-01
2.272632e-01
2.288812e-01
2.299746e-01
2.311679e-01
2.331906e-01
2.368101e-01
2.428039e-01
2.518352e-01
2.644182e-01
2.808007e-01
3.009291e-01
3.243700e-01
3.502815e-01
3.774349e-01
4.042163e-01
4.287212e-01
4.488257e-01
4.623463e-01
4.671557e-01
4.613644e-01
4.434734e-01
4.124974e-01
3.681226e-01
3.107454e-01
2.415203e-01
1.623524e-01
7.579087e-02
-1.505684e-02
-1.067251e-01
-1.955884e-01
-2.780483e-01
-3.508156e-01
-4.110511e-01
-4.565858e-01
-4.860313e-01
-4.988469e-01
-4.953717e-01
-4.767703e-01
-4.449081e-01
-4.022353e-01
-3.515685e-01
-2.959153e-01
-2.382509e-01
-1.813484e-01
-1.276160e-01
-7.897684e-02
-3.681073e-02
-1.933530e-03
2.537508e-02
4.529905e-02
5.838612e-02
6.543158e-02
6.736818e-02
6.512728e-02
5.957392e-02
5.142887e-02
4.121523e-02
2.928315e-02
1.581040e-02
8.462249e-04
-1.561279e-02
-3.358854e-02
-5.303109e-02
-7.379617e-02
-9.560955e-02
-1.180356e-01
-1.405315e-01
-1.624337e-01
-1.830238e-01
-2.015842e-01
-2.174421e-01
-2.300218e-01
-2.388951e-01
-2.438036e-01
-2.446707e-01
-2.415931e-01
-2.348428e-01
-2.248103e-01
-2.119930e-01
-1.969424e-01
-1.802378e-01
-1.624478e-01
-1.441017e-01
-1.256853e-01
-1.076298e-01
-9.030168e-02
-7.402593e-02
-5.908467e-02
-4.572680e-02
-3.416842e-02
-2.461195e-02
-1.722936e-02
-1.216323e-02
-9.519559e-03
-9.345525e-03
-1.164010e-02
-1.631714e-02
-2.321284e-02
-3.209130e-02
-4.263283e-02
-5.445243e-02
-6.711860e-02
-8.016977e-02
-9.312726e-02
-1.055360e-01
-1.169795e-01
-1.270992e-01
-1.356213e-01
-1.423650e-01
-1.472480e-01
-1.503001e-01
-1.516565e-01
-1.515481e-01
-1.502919e-01
-1.482700e-01
-1.459243e-01
-1.437005e-01
-1.420512e-01
-1.413870e-01
-1.420590e-01
-1.443179e-01
-1.483011e-01
-1.540055e-01
-1.612661e-01
-1.697633e-01
-1.790152e-01
-1.884003e-01
-1.971694e-01
-2.044918e-01
-2.094987e-01
-2.113211e-01
-2.091608e-01
-2.023325e-01
-1.903253e-01
-1.728479e-01
-1.498512e-01
-1.215749e-01
-8.853297e-02
-5.151231e-02
-1.155685e-02
3.009605e-02
7.203922e-02
1.128028e-01
1.508735e-01
1.848248e-01
2.133460e-01
2.353273e-01
2.499191e-01
2.565573e-01
2.550053e-01
2.453553e-01
2.280185e-01
2.037036e-01
1.733710e-01
1.381897e-01
9.946669e-02
5.858520e-02
1.694572e-02
-2.411254e-02
-6.335264e-02
-9.970332e-02
-1.322840e-01
-1.604409e-01
-1.837509e-01
-2.020346e-01
-2.153276e-01
-2.238764e-01
-2.281005e-01
-2.285598e-01
-2.259135e-01
-2.208798e-01
-2.141973e-01
-2.065802e-01
-1.986919e-01
-1.911068e-01
-1.843023e-01
-1.786216e-01
-1.742937e-01
-1.714223e-01
-1.699962e-01
-1.699240e-01
-1.710418e-01
-1.731626e-01
-1.760928e-01
-1.796778e-01
-1.838204e-01
-1.885074e-01
-1.938200e-01
-1.999283e-01
-2.070873e-01
-2.156012e-01
-2.257916e-01
-2.379528e-01
-2.522954e-01
-2.689096e-01
-2.876950e-01
-3.083589e-01
-3.303624e-01
-3.529368e-01
-3.750942e-01
-3.956432e-01
-4.132811e-01
-4.266082e-01
-4.342506e-01
-4.349003e-01
-4.274179e-01
-4.108932e-01
-3.846965e-01
-3.485494e-01
-3.025046e-01
-2.470080e-01
-1.828419e-01
-1.111454e-01
-3.335057e-02
4.884811e-02
1.335263e-01
2.186094e-01
3.018954e-01
3.811249e-01
4.540536e-01
5.184666e-01
5.723159e-01
6.137270e-01
6.411184e-01
6.532796e-01
6.494228e-01
6.292971e-01
5.932088e-01
5.421003e-01
4.775112e-01
4.016041e-01
3.170842e-01
2.270810e-01
1.350537e-01
4.458855e-02
-4.075675e-02
-1.176636e-01
-1.832292e-01
-2.351272e-01
-2.717509e-01
-2.922849e-01
-2.967328e-01
-2.859102e-01
-2.613414e-01
-2.251502e-01
-1.798843e-01
-1.283375e-01
-7.334758e-02
-1.761435e-02
3.644965e-02
8.686612e-02
1.321388e-01
1.713091e-01
2.039372e-01
2.300286e-01
2.499806e-01
2.644377e-01
2.742117e-01
2.801456e-01
2.830542e-01
2.836174e-01
2.823666e-01
2.796775e-01
2.757578e-01
2.707006e-01
2.645407e-01
2.572858e-01
2.489706e-01
2.396940e-01
2.296621e-01
2.191329e-01
2.084794e-01
1.980922e-01
1.883932e-01
1.797484e-01
1.724739e-01
1.667766e-01
1.627417e-01
1.603414e-01
1.594253e-01
1.597786e-01
1.611118e-01
1.631414e-01
1.655951e-01
1.682530e-01
1.709675e-01
1.736616e-01
1.763228e-01
1.789876e-01
1.817000e-01
1.844909e-01
1.873360e-01
1.901385e-01
1.927098e-01
1.947837e-01
1.960130e-01
1.960233e-01
1.944543e-01
1.909924e-01
1.854483e-01
1.777856e-01
1.681577e-01
1.569262e-01
1.446464e-01
1.320469e-01
1.199770e-01
1.093295e-01
1.009926e-01
9.574697e-02
9.420802e-02
9.676656e-02
1.035542e-01
1.144373e-01
1.290432e-01
1.467806e-01
1.669391e-01
1.887494e-01
2.114668e-01
2.344639e-01
2.572846e-01
2.796942e-01
3.016772e-01
3.234386e-01
3.453163e-01
3.677369e-01
3.910855e-01
4.156205e-01
4.413577e-01
4.679968e-01
4.948390e-01
5.208108e-01
5.444506e-01
5.639814e-01
5.774487e-01
5.828304e-01
5.782282e-01
5.620134e-01
5.330082e-01
4.906150e-01
4.349092e-01
3.667098e-01
2.875514e-01
1.996236e-01
1.056713e-01
8.830582e-03
-8.757390e-02
-1.802283e-01
-2.660280e-01
-3.422883e-01
-4.068730e-01
-4.583350e-01
-4.959496e-01
-5.197563e-01
-5.304828e-01
-5.294502e-01
-5.184625e-01
-4.996436e-01
-4.752529e-01
-4.475401e-01
-4.185869e-01
-3.901739e-01
-3.637201e-01
-3.401773e-01
-3.200790e-01
-3.035078e-01
-2.901732e-01
-2.794939e-01
-2.706759e-01
-2.628174e-01
-2.550108e-01
-2.464309e-01
-2.364019e-01
-2.244725e-01
-2.104172e-01
-1.942836e-01
-1.763482e-01
-1.571067e-01
-1.372224e-01
-1.174674e-01
-9.865257e-02
-8.157845e-02
-6.695995e-02
-5.538175e-02
-4.724284e-02
-4.274327e-02
-4.186079e-02
-4.436359e-02
-4.981882e-02
-5.763324e-02
-6.709193e-02
-7.743173e-02
-8.785906e-02
-9.763948e-02
-1.061282e-01
-1.128276e-01
-1.173956e-01
-1.196792e-01
-1.197155e-01
-1.176985e-01
-1.139805e-01
-1.090160e-01
-1.033303e-01
-9.746579e-02
-9.195142e-02
-8.725148e-02
-8.374071e-02
-8.169163e-02
-8.124543e-02
-8.243392e-02
-8.518222e-02
-8.932176e-02
-9.461834e-02
-1.007943e-01
-1.075533e-01
-1.145991e-01
-1.216420e-01
-1.284231e-01
-1.346955e-01
-1.402385e-01
-1.448367e-01
-1.482874e-01
-1.503767e-01
-1.508908e-01
-1.496053e-01
-1.463136e-01
-1.408100e-01
-1.329452e-01
-1.226278e-01
-1.098540e-01
-9.474006e-02
-7.752982e-02
-5.861364e-02
-3.851162e-02
-1.787421e-02
2.551218e-03
2.197997e-02
3.961564e-02
5.473461e-02
6.673854e-02
7.520320e-02
7.995665e-02
8.107556e-02
7.892741e-02
7.414490e-02
6.759692e-02
6.032929e-02
5.348599e-02
4.820898e-02
4.555540e-02
4.637787e-02
5.124475e-02
6.037417e-02
7.357920e-02
9.027140e-02
1.094688e-01
1.298648e-01
1.499108e-01
1.679271e-01
1.822392e-01
1.912941e-01
1.938019e-01
1.888373e-01
1.759160e-01
1.550467e-01
1.267428e-01
9.198559e-02
5.215851e-02
8.953671e-03
-3.574772e-02
-8.001523e-02
-1.219779e-01
-1.599744e-01
-1.926325e-01
-2.189542e-01
-2.383581e-01
-2.506862e-01
-2.561841e-01
-2.554540e-01
-2.493775e-01
-2.390363e-01
-2.256089e-01
-2.102983e-01
-1.942312e-01
-1.784040e-01
-1.636298e-01
-1.505151e-01
-1.394531e-01
-1.306323e-01
-1.240751e-01
-1.196705e-01
-1.172251e-01
-1.165149e-01
-1.173271e-01
-1.194930e-01
-1.229208e-01
-1.275942e-01
-1.335703e-01
-1.409442e-01
-1.498205e-01
-1.602476e-01
-1.721516e-01
-1.852953e-01
-1.991865e-01
-2.130610e-01
-2.258402e-01
-2.361466e-01
-2.423267e-01
-2.425379e-01
-2.348404e-01
-2.173423e-01
-1.883624e-01
-1.465953e-01
-9.129016e-02
-2.239669e-02
5.930723e-02
1.521565e-01
2.535769e-01
3.601598e-01
4.677855e-01
5.718355e-01
6.674254e-01
7.497255e-01
8.142671e-01
8.572447e-01
8.757976e-01
8.682243e-01
8.341358e-01
7.744854e-01
6.915390e-01
5.887325e-01
4.704288e-01
3.416482e-01
2.077208e-01
7.393017e-02
-5.476733e-02
-1.740950e-01
-2.806044e-01
-3.718440e-01
-4.463728e-01
-5.037182e-01
-5.442452e-01
-5.689361e-01
-5.792058e-01
-5.766293e-01
-5.627298e-01
-5.388292e-01
-5.059031e-01
-4.645607e-01
-4.150801e-01
-3.574992e-01
-2.917799e-01
-2.179690e-01
-1.364243e-01
-4.793795e-02
4.610647e-02
1.436974e-01
2.421843e-01
3.383914e-01
4.287625e-01
5.095849e-01
5.772522e-01
6.285239e-01
6.607926e-01
6.722968e-01
6.622849e-01
6.310959e-01
5.801666e-01
5.119405e-01
4.297100e-01
3.374085e-01
2.393204e-01
1.398251e-01
4.310807e-02
-4.709480e-02
-1.276899e-01
-1.963686e-01
-2.516895e-01
-2.930829e-01
-3.207895e-01
-3.357543e-01
-3.394726e-01
-3.338259e-01
-3.209040e-01
-3.028319e-01
-2.816367e-01
-2.591261e-01
-2.368159e-01
-2.158989e-01
-1.972179e-01
-1.813094e-01
-1.684280e-01
-1.586124e-01
-1.517180e-01
-1.474868e-01
-1.455810e-01
-1.456041e-01
-1.471305e-01
-1.497086e-01
-1.528495e-01
-1.560568e-01
-1.587897e-01
-1.604956e-01
-1.606184e-01
-1.586128e-01
-1.539855e-01
-1.463176e-01
-1.353259e-01
-1.208690e-01
-1.030024e-01
-8.198084e-02
-5.826762e-02
-3.252545e-02
-5.590548e-03
2.157270e-02
4.792614e-02
7.241234e-02
9.401582e-02
1.118418e-01
1.251446e-01
1.333933e-01
1.362828e-01
1.337556e-01
1.259846e-01
1.133573e-01
9.643755e-02
7.590682e-02
5.251782e-02
2.703028e-02
1.593212e-04
-2.748394e-02
-5.540863e-02
-8.328434e-02
-1.109314e-01
-1.383159e-01
-1.655009e-01
-1.926038e-01
-2.197426e-01
-2.469378e-01
-2.740723e-01
-3.008057e-01
-3.265160e-01
-3.502956e-01
-3.709059e-01
-3.868469e-01
-3.963689e-01
-3.976083e-01
-3.886852e-01
-3.678473e-01
-3.336567e-01
-2.851129e-01
-2.218408e-01
-1.441886e-01
-5.332343e-02
4.871989e-02
1.590915e-01
2.741829e-01
3.897934e-01
5.013104e-01
6.039935e-01
6.932012e-01
7.647142e-01
8.149796e-01
8.413677e-01
8.423401e-01
8.175864e-01
7.680480e-01
6.958843e-01
6.043391e-01
4.975525e-01
3.803056e-01
2.577099e-01
1.349210e-01
1.681255e-02
-9.228068e-02
-1.887976e-01
-2.701104e-01
-3.346106e-01
-3.817191e-01
-4.118266e-01
-4.261654e-01
-4.266393e-01
-4.156206e-01
-3.957199e-01
-3.695962e-01
-3.397488e-01
-3.083799e-01
-2.772827e-01
-2.477875e-01
-2.207415e-01
-1.965579e-01
-1.752739e-01
-1.566411e-01
-1.402292e-01
-1.255258e-01
-1.120277e-01
-9.931067e-02
-8.707719e-02
-7.518476e-02
-6.364075e-02
-5.257378e-02
-4.221219e-02
-3.282744e-02
-2.469085e-02
-1.803499e-02
-1.301391e-02
-9.687438e-03
-8.025227e-03
-7.895471e-03
-9.105331e-03
-1.141154e-02
-1.456551e-02
-1.833545e-02
-2.252320e-02
-2.699286e-02
-3.165810e-02
-3.649036e-02
-4.148126e-02
-4.661714e-02
-5.186021e-02
-5.709883e-02
-6.213368e-02
-6.665206e-02
-7.023822e-02
-7.237706e-02
-7.248954e-02
-6.998537e-02
-6.430996e-02
-5.501163e-02
-4.181070e-02
-2.464033e-02
-3.683954e-03
2.059513e-02
4.749464e-02
7.608833e-02
1.052961e-01
1.339907e-01
1.610621e-01
1.855474e-01
2.067153e-01
2.241358e-01
2.377391e-01
2.478086e-01
2.549715e-01
2.601368e-01
2.643767e-01
2.688366e-01
2.746064e-01
2.825937e-01
2.934327e-01
3.074185e-01
3.245008e-01
3.442789e-01
3.661055e-01
3.891819e-01
4.126858e-01
4.359284e-01
4.584502e-01
4.801723e-01
5.013966e-01
5.228178e-01
5.454514e-01
5.705120e-01
5.992012e-01
6.325097e-01
6.710078e-01
7.146256e-01
7.624784e-01
8.128484e-01
8.630932e-01
9.098280e-01
9.490660e-01
9.765230e-01
9.879579e-01
9.795263e-01
9.481907e-01
8.919856e-01
8.103668e-01
7.042684e-01
5.762055e-01
4.301607e-01
2.713488e-01
1.059038e-01
-5.954522e-02
