1600
2432
3264
4224
4992
6080
7040
7616
8384
9792
11008
11776
12800
13312
14272
15040
15872
16256
17024
17984
18688
19776
20864
22656
22912
23872
24320
24576
40000
41472
43456
43904
46656
47104
47936
49152
50176
51200
51648
52608
53440
54976
55872
56512
57536
58432
59072
59712
59904
69248
69824
70976
71488
71872
72768
73408
74752
75904
76992
77824
78528
78848
79232
79808
80704
81600
83008
83648
84288
85760
86144
87296
87744
88320
89024
89664
90240
90880
91776
92352
93312
93824
94272
94784
95680
96256
96640
97664
98240
98880
99520
101120
102144
102592
103552
104192
104768
105536
106560
107200
107712
108608
109120
109888
110272
110848
111296
111680
112832
114112
114752
115904
116416
117632
118528
118976
119808
120768
121088
121728
122432
123648
124480
124928
125376
125952
126848
127616
128128
128768
129664
131456
131968
132864
133376
133760
134720
135488
136576
137088
137536
137984
138304
139136
140992
141568
141952
142528
143040
143552
144256
144704
145920
146496
147584
148544
149312
149952
150528
151040
151808
152768
153536
154432
155264
156032
156416
156992
157824
158592
159808
160576
161024
161920
162624
163456
164480
166400
167360
168512
170240
170624
171008
171456
172608
172992
175488
