
9.999419e-01
9.999419e-01
9.999419e-01
9.999419e-01
9.999419e-01
9.999419e-01
9.999419e-01
9.999419e-01
9.999419e-01
9.999419e-01
9.999419e-01
9.999419e-01
9.999419e-01
9.999419e-01
9.999419e-01
9.999419e-01
9.999419e-01
9.999419e-01
9.999419e-01
9.999419e-01
9.999419e-01
9.999419e-01
9.947104e-01
9.936233e-01
9.947845e-01
9.925130e-01
9.903016e-01
9.910707e-01
9.968629e-01
9.954476e-01
9.932796e-01
9.935800e-01
9.906890e-01
9.935020e-01
9.935585e-01
9.916670e-01
9.933324e-01
9.936352e-01
9.933961e-01
9.931923e-01
9.933510e-01
9.930780e-01
9.928350e-01
9.934992e-01
9.892963e-01
9.909114e-01
9.925944e-01
9.930934e-01
9.914727e-01
9.932112e-01
9.933564e-01
9.938407e-01
9.937313e-01
9.932660e-01
9.916618e-01
9.914447e-01
9.931212e-01
9.932150e-01
9.935381e-01
9.915397e-01
9.904119e-01
9.917027e-01
9.926286e-01
9.913969e-01
9.916333e-01
9.941391e-01
9.941128e-01
9.931388e-01
9.939663e-01
9.902483e-01
9.923732e-01
9.913846e-01
9.890913e-01
9.905671e-01
9.919189e-01
9.920055e-01
9.923781e-01
9.924898e-01
9.929801e-01
9.921897e-01
9.912944e-01
9.918416e-01
9.921669e-01
9.921438e-01
9.910312e-01
9.930224e-01
9.909738e-01
9.916721e-01
9.893852e-01
9.912618e-01
9.891555e-01
9.925156e-01
9.912132e-01
9.914303e-01
9.919537e-01
9.910966e-01
9.920034e-01
9.917277e-01
9.925339e-01
9.908333e-01
9.911702e-01
9.892467e-01
9.923640e-01
9.908364e-01
9.915673e-01
9.929645e-01
9.921128e-01
9.915613e-01
9.910582e-01
9.927014e-01
9.932597e-01
9.931453e-01
9.903199e-01
9.927580e-01
9.917924e-01
9.927580e-01
9.906635e-01
9.900143e-01
9.921827e-01
9.923418e-01
9.921213e-01
9.912283e-01
9.911579e-01
9.903154e-01
9.923695e-01
9.927774e-01
9.922779e-01
9.931502e-01
9.929231e-01
9.940180e-01
9.943692e-01
9.944600e-01
9.948449e-01
9.946415e-01
9.926465e-01
9.937242e-01
9.919151e-01
9.939509e-01
9.913445e-01
9.926208e-01
9.930845e-01
9.908921e-01
9.921422e-01
9.926499e-01
9.901451e-01
9.925350e-01
9.923260e-01
9.935042e-01
9.914203e-01
9.910046e-01
9.919264e-01
9.931883e-01
9.917551e-01
9.924522e-01
9.934266e-01
9.923091e-01
9.917048e-01
9.915916e-01
9.915822e-01
9.921966e-01
9.921856e-01
9.934383e-01
9.915531e-01
9.946801e-01
9.930658e-01
9.927702e-01
9.936925e-01
9.923690e-01
9.933611e-01
9.914662e-01
9.949113e-01
9.958463e-01
9.948645e-01
9.939480e-01
9.934278e-01
9.925262e-01
9.934525e-01
9.923487e-01
9.931098e-01
9.920574e-01
9.907433e-01
9.935468e-01
9.913389e-01
9.935345e-01
9.931297e-01
9.931581e-01
9.923143e-01
9.904145e-01
9.937351e-01
9.918876e-01
9.933087e-01
9.913037e-01
9.918034e-01
9.911563e-01
9.919721e-01
9.933823e-01
9.916306e-01
9.922274e-01
9.927705e-01
9.922792e-01
9.920394e-01
9.920726e-01
9.936187e-01
9.934177e-01
9.909168e-01
9.911059e-01
9.927454e-01
9.922454e-01
9.936981e-01
9.924056e-01
9.931619e-01
9.910645e-01
9.920156e-01
9.913290e-01
9.929852e-01
9.933864e-01
9.919779e-01
9.929889e-01
9.903282e-01
9.913232e-01
9.925081e-01
9.930581e-01
9.939966e-01
9.934125e-01
9.920275e-01
9.908105e-01
9.919102e-01
9.933055e-01
9.936155e-01
9.933125e-01
9.931395e-01
9.910827e-01
9.880958e-01
9.944370e-01
9.939966e-01
9.936002e-01
9.934820e-01
9.899166e-01
9.934481e-01
9.893677e-01
9.941285e-01
9.941285e-01
9.935864e-01
9.880394e-01
9.921231e-01
9.948173e-01
9.958948e-01
9.938664e-01
9.956117e-01
9.937093e-01
9.937246e-01
9.935188e-01
9.930637e-01
9.940877e-01
9.944622e-01
9.953542e-01
9.932103e-01
9.934647e-01
9.927527e-01
9.931690e-01
9.920812e-01
9.907000e-01
9.911140e-01
9.916193e-01
9.928837e-01
9.934152e-01
9.931818e-01
9.894758e-01
9.928401e-01
9.927480e-01
9.917532e-01
9.927898e-01
9.908236e-01
9.927877e-01
9.920136e-01
9.916139e-01
9.939057e-01
9.907851e-01
9.926077e-01
9.940805e-01
9.920556e-01
9.943516e-01
9.922837e-01
9.926794e-01
9.918377e-01
9.940496e-01
9.922682e-01
9.896787e-01
9.931519e-01
9.931791e-01
9.934418e-01
9.932898e-01
9.908297e-01
9.931856e-01
9.920472e-01
9.936488e-01
9.926131e-01
9.919230e-01
9.919485e-01
9.925933e-01
9.910769e-01
9.924300e-01
9.929172e-01
9.926017e-01
9.907256e-01
9.929852e-01
9.926636e-01
9.923376e-01
9.921995e-01
9.924123e-01
9.924796e-01
9.924776e-01
9.918866e-01
9.929643e-01
9.915083e-01
9.929408e-01
9.927848e-01
9.908782e-01
9.918433e-01
9.931927e-01
9.915539e-01
9.920748e-01
9.935976e-01
9.926794e-01
9.931513e-01
9.926714e-01
9.936211e-01
9.935641e-01
9.915176e-01
9.939943e-01
9.935265e-01
9.910976e-01
9.938313e-01
9.941502e-01
9.916896e-01
9.929326e-01
9.934574e-01
9.929547e-01
9.922879e-01
9.927205e-01
9.937710e-01
9.929821e-01
9.913384e-01
9.932196e-01
9.936170e-01
9.922187e-01
9.948357e-01
9.930015e-01
9.905085e-01
9.932090e-01
9.940074e-01
9.951097e-01
9.945789e-01
9.947494e-01
9.913180e-01
9.940939e-01
9.954950e-01
9.927562e-01
9.955068e-01
9.935684e-01
9.932896e-01
9.942394e-01
9.937578e-01
9.944089e-01
9.917781e-01
9.941134e-01
9.945853e-01
9.902724e-01
9.957444e-01
9.936433e-01
9.915805e-01
9.935267e-01
9.930996e-01
9.928834e-01
9.930913e-01
9.941155e-01
9.931237e-01
9.919814e-01
9.927562e-01
9.937295e-01
9.926949e-01
9.931859e-01
9.935344e-01
9.917609e-01
9.938717e-01
9.928666e-01
9.907978e-01
9.918855e-01
9.906633e-01
9.926935e-01
9.916645e-01
9.918678e-01
9.917220e-01
9.906576e-01
9.919953e-01
9.908753e-01
9.925370e-01
9.914548e-01
9.918838e-01
9.922557e-01
9.917942e-01
9.897406e-01
9.910193e-01
9.923288e-01
9.914734e-01
9.908477e-01
9.888296e-01
9.931666e-01
9.937364e-01
9.909191e-01
9.918685e-01
9.922526e-01
9.912006e-01
9.904436e-01
9.927347e-01
9.914861e-01
9.905493e-01
9.914871e-01
9.908344e-01
9.902776e-01
9.884834e-01
9.908244e-01
9.893298e-01
9.910412e-01
9.905739e-01
9.909049e-01
9.920017e-01
9.912429e-01
9.919623e-01
9.919408e-01
9.905381e-01
9.908518e-01
9.918659e-01
9.911720e-01
9.899609e-01
9.923347e-01
9.928913e-01
9.919180e-01
9.904725e-01
9.917825e-01
9.918880e-01
9.909481e-01
9.908168e-01
9.917516e-01
9.898000e-01
9.917737e-01
9.934447e-01
9.928113e-01
9.936787e-01
9.929951e-01
9.921414e-01
9.908125e-01
9.906904e-01
9.912384e-01
9.904888e-01
9.926363e-01
9.900500e-01
9.923372e-01
9.922246e-01
9.900488e-01
9.922996e-01
9.896389e-01
9.893571e-01
9.928070e-01
9.897177e-01
9.895321e-01
9.910688e-01
9.916722e-01
9.923407e-01
9.916875e-01
9.909003e-01
9.924029e-01
9.910955e-01
9.917164e-01
9.906276e-01
9.918772e-01
9.895183e-01
9.919420e-01
9.923270e-01
9.921951e-01
9.906227e-01
9.918820e-01
9.928166e-01
9.946043e-01
9.956878e-01
9.907128e-01
9.955060e-01
9.948263e-01
9.911278e-01
9.913428e-01
9.915711e-01
9.921716e-01
9.910764e-01
9.910178e-01
9.915422e-01
9.916644e-01
9.910101e-01
9.919109e-01
9.908745e-01
9.917430e-01
9.918607e-01
9.900740e-01
9.901251e-01
9.901661e-01
9.925705e-01
9.900777e-01
9.910904e-01
9.892842e-01
9.920165e-01
9.901116e-01
9.911394e-01
9.900782e-01
9.900314e-01
9.910333e-01
9.906123e-01
9.916892e-01
9.883505e-01
9.914857e-01
9.896527e-01
9.926342e-01
9.906682e-01
9.901434e-01
9.908432e-01
9.892781e-01
9.900492e-01
9.914663e-01
9.912757e-01
9.913831e-01
9.914318e-01
9.919199e-01
9.917474e-01
9.897413e-01
9.927080e-01
9.909722e-01
9.934797e-01
9.922300e-01
9.927573e-01
9.898995e-01
9.899994e-01
9.881744e-01
9.927769e-01
9.914426e-01
9.919395e-01
9.923299e-01
9.901255e-01
9.900669e-01
9.903460e-01
9.907371e-01
9.898251e-01
9.897221e-01
9.899305e-01
9.871807e-01
9.899093e-01
9.902018e-01
9.906111e-01
9.905543e-01
9.908548e-01
9.921488e-01
9.918970e-01
9.917850e-01
9.907057e-01
9.915637e-01
9.920081e-01
9.926558e-01
9.927548e-01
9.916006e-01
9.903270e-01
9.899401e-01
9.906062e-01
9.916344e-01
9.904423e-01
9.906351e-01
9.910337e-01
9.913646e-01
9.903548e-01
9.916979e-01
9.925820e-01
9.917141e-01
9.929457e-01
9.920165e-01
9.898207e-01
9.898751e-01
9.905380e-01
9.927158e-01
9.907269e-01
9.921101e-01
9.896408e-01
9.928554e-01
9.933410e-01
9.909487e-01
9.900396e-01
9.895160e-01
9.919957e-01
9.917597e-01
9.919472e-01
9.923697e-01
9.933394e-01
9.929092e-01
9.895644e-01
9.896208e-01
9.885527e-01
9.906951e-01
9.910607e-01
9.916940e-01
9.908054e-01
9.924461e-01
9.901102e-01
9.903439e-01
9.910634e-01
9.914861e-01
9.915045e-01
9.909201e-01
9.919090e-01
9.918290e-01
9.907971e-01
9.912671e-01
9.919585e-01
9.913188e-01
9.906076e-01
9.909448e-01
9.905422e-01
9.911137e-01
9.901667e-01
9.913753e-01
9.915746e-01
9.920034e-01
9.918375e-01
9.905916e-01
9.981326e-01
9.947622e-01
9.924608e-01
9.905242e-01
9.929801e-01
9.939125e-01
9.924758e-01
9.919404e-01
9.922484e-01
9.906841e-01
9.921158e-01
9.934593e-01
9.919004e-01
9.921796e-01
9.920567e-01
9.903403e-01
9.917217e-01
9.923943e-01
9.905195e-01
9.923222e-01
9.923715e-01
9.932204e-01
9.916977e-01
9.912714e-01
9.918349e-01
9.902379e-01
9.908043e-01
9.919224e-01
9.918013e-01
9.918408e-01
9.917709e-01
9.916875e-01
9.887390e-01
9.900237e-01
9.896179e-01
9.926898e-01
9.905339e-01
9.928356e-01
9.922964e-01
9.936057e-01
9.909022e-01
9.923389e-01
9.940372e-01
9.939402e-01
9.936164e-01
9.938580e-01
9.924905e-01
9.920445e-01
9.939657e-01
9.960924e-01
9.954935e-01
9.923927e-01
9.964425e-01
9.960493e-01
9.927545e-01
9.928670e-01
9.934964e-01
9.942270e-01
9.946772e-01
9.977593e-01
9.951393e-01
9.917887e-01
9.936172e-01
9.941171e-01
9.919450e-01
9.936522e-01
9.947027e-01
9.953998e-01
9.931926e-01
9.931840e-01
9.907240e-01
9.931094e-01
9.934722e-01
9.930039e-01
9.930931e-01
9.929208e-01
9.917814e-01
9.912177e-01
9.931870e-01
9.918493e-01
9.918590e-01
9.927309e-01
9.900988e-01
9.922526e-01
9.922467e-01
9.916209e-01
9.934769e-01
9.903716e-01
9.922636e-01
9.923063e-01
9.915392e-01
9.936362e-01
9.912997e-01
9.922687e-01
9.924189e-01
9.920093e-01
9.936863e-01
9.914263e-01
9.924073e-01
9.927361e-01
9.934415e-01
9.927946e-01
9.922587e-01
9.934323e-01
9.922327e-01
9.931770e-01
9.917449e-01
9.924839e-01
9.933093e-01
9.918692e-01
9.926658e-01
9.932806e-01
9.927775e-01
9.934516e-01
9.904469e-01
9.908999e-01
9.926268e-01
9.933899e-01
9.933112e-01
9.922356e-01
9.927689e-01
9.911723e-01
9.931197e-01
9.930036e-01
9.925714e-01
9.936104e-01
9.923348e-01
9.915846e-01
9.897672e-01
9.930981e-01
9.925944e-01
9.928687e-01
9.921368e-01
9.917409e-01
9.907142e-01
9.904936e-01
9.932561e-01
9.933501e-01
9.931325e-01
9.950606e-01
9.944360e-01
9.940401e-01
9.930151e-01
9.929617e-01
9.935397e-01
9.932192e-01
9.911022e-01
9.928029e-01
9.932460e-01
9.932586e-01
9.934475e-01
9.918078e-01
9.930628e-01
9.923823e-01
9.939218e-01
9.938138e-01
9.950194e-01
9.925674e-01
9.928678e-01
9.938363e-01
9.918226e-01
9.932336e-01
9.928227e-01
9.936358e-01
9.927806e-01
9.901263e-01
9.935826e-01
9.939487e-01
9.922222e-01
9.942541e-01
9.926482e-01
9.938190e-01
9.925310e-01
9.929450e-01
9.934703e-01
9.940088e-01
9.912301e-01
9.947469e-01
9.938888e-01
9.922855e-01
9.938614e-01
9.929830e-01
9.946296e-01
9.933980e-01
9.928167e-01
9.916712e-01
9.927666e-01
9.930462e-01
9.938837e-01
9.936131e-01
9.921164e-01
9.927780e-01
9.959381e-01
9.901263e-01
9.939435e-01
9.947272e-01
9.925619e-01
9.932555e-01
9.920862e-01
9.940863e-01
9.945907e-01
9.909580e-01
9.890709e-01
9.964514e-01
9.933357e-01
9.931551e-01
9.938518e-01
9.944851e-01
9.937071e-01
9.952785e-01
9.927145e-01
9.906029e-01
9.944422e-01
9.944596e-01
9.931930e-01
9.925826e-01
9.933010e-01
9.937358e-01
9.929458e-01
9.921219e-01
9.923387e-01
9.930303e-01
9.920112e-01
9.931930e-01
9.914105e-01
9.931098e-01
9.905745e-01
9.947653e-01
9.936150e-01
9.925513e-01
9.939570e-01
9.940968e-01
9.941171e-01
9.940709e-01
9.939831e-01
9.918190e-01
9.930670e-01
9.930140e-01
9.915955e-01
9.917967e-01
9.889375e-01
9.912654e-01
9.928532e-01
9.927052e-01
9.922488e-01
9.930845e-01
9.924021e-01
9.926634e-01
9.929482e-01
9.924952e-01
9.901046e-01
9.898279e-01
9.910803e-01
9.931383e-01
9.929322e-01
9.930643e-01
9.932563e-01
9.903682e-01
9.909690e-01
9.910929e-01
9.916487e-01
9.925529e-01
9.903631e-01
9.928177e-01
9.914114e-01
9.917811e-01
9.908077e-01
9.913642e-01
9.918564e-01
9.945081e-01
9.937511e-01
9.914081e-01
9.939981e-01
9.932734e-01
9.920746e-01
9.899182e-01
9.922643e-01
9.912319e-01
9.926022e-01
9.904547e-01
9.926949e-01
9.909080e-01
9.922982e-01
9.919096e-01
9.942189e-01
9.930398e-01
9.938941e-01
9.946769e-01
9.913417e-01
9.905399e-01
9.901757e-01
9.897164e-01
9.907645e-01
9.943130e-01
9.929555e-01
9.935961e-01
9.924963e-01
9.918948e-01
9.915088e-01
9.911876e-01
9.901071e-01
9.912341e-01
9.918927e-01
9.922153e-01
9.888360e-01
9.909759e-01
9.930664e-01
9.922121e-01
9.918740e-01
9.903102e-01
9.895905e-01
9.927737e-01
9.925482e-01
9.890727e-01
9.915696e-01
9.908753e-01
9.918298e-01
9.922829e-01
9.893386e-01
9.932111e-01
9.910665e-01
9.904895e-01
9.917412e-01
9.940194e-01
9.944564e-01
9.933300e-01
9.936912e-01
9.929957e-01
9.939693e-01
9.908406e-01
9.915980e-01
9.930181e-01
9.910603e-01
9.932010e-01
9.909371e-01
9.923108e-01
9.925444e-01
9.914716e-01
9.920076e-01
9.925601e-01
9.914430e-01
9.880281e-01
9.924921e-01
9.915802e-01
9.908467e-01
9.917725e-01
9.890447e-01
9.912277e-01
9.878399e-01
9.919385e-01
9.925878e-01
9.926217e-01
9.915643e-01
9.907700e-01
9.923010e-01
9.904225e-01
9.923719e-01
9.909758e-01
9.903173e-01
9.925933e-01
9.910772e-01
9.910516e-01
9.926206e-01
9.923480e-01
9.906644e-01
9.912403e-01
9.904545e-01
9.918611e-01
9.909623e-01
9.901354e-01
9.914260e-01
9.911901e-01
9.905577e-01
9.911454e-01
9.932567e-01
9.895717e-01
9.920123e-01
9.922771e-01
9.907911e-01
9.924362e-01
9.904553e-01
9.927294e-01
9.917892e-01
9.897903e-01
9.911337e-01
9.895315e-01
9.917343e-01
9.911605e-01
9.901698e-01
9.915217e-01
9.886978e-01
9.903436e-01
9.909282e-01
9.897248e-01
9.909152e-01
9.936477e-01
9.918932e-01
9.935232e-01
9.925297e-01
9.906533e-01
9.900203e-01
9.912564e-01
9.909425e-01
9.920269e-01
9.922677e-01
9.903569e-01
9.889006e-01
9.905785e-01
9.919416e-01
9.921715e-01
9.915624e-01
9.925369e-01
9.918119e-01
9.929402e-01
9.901415e-01
9.932247e-01
9.934275e-01
9.915036e-01
9.925388e-01
9.931972e-01
9.920350e-01
9.907210e-01
9.908202e-01
9.918904e-01
9.921356e-01
9.908898e-01
9.930931e-01
9.911362e-01
9.916170e-01
9.909429e-01
9.907827e-01
9.907591e-01
9.913205e-01
9.909665e-01
9.897060e-01
9.892681e-01
9.895771e-01
9.905834e-01
9.929221e-01
9.919428e-01
9.925156e-01
9.915642e-01
9.916254e-01
9.892341e-01
9.902064e-01
9.920590e-01
9.929994e-01
9.926210e-01
9.921224e-01
9.899136e-01
9.901789e-01
9.906683e-01
9.888027e-01
9.912338e-01
9.926541e-01
9.911017e-01
9.897389e-01
9.916012e-01
9.947425e-01
9.947544e-01
9.899236e-01
9.952942e-01
9.964707e-01
9.950684e-01
9.940790e-01
9.930996e-01
9.936954e-01
9.937408e-01
9.934155e-01
9.940009e-01
9.912179e-01
9.935458e-01
9.900561e-01
9.924654e-01
9.913973e-01
9.931189e-01
9.917019e-01
9.935268e-01
9.922001e-01
9.924030e-01
9.922657e-01
9.928244e-01
9.938042e-01
9.917045e-01
9.930026e-01
9.908758e-01
9.928555e-01
9.917858e-01
9.925034e-01
9.922622e-01
9.923634e-01
9.929717e-01
9.914457e-01
9.916092e-01
9.930241e-01
9.911903e-01
9.940662e-01
9.912997e-01
9.929799e-01
9.918245e-01
9.902896e-01
9.915531e-01
9.910024e-01
9.920784e-01
9.924769e-01
9.888337e-01
9.922548e-01
9.926506e-01
9.924061e-01
9.936029e-01
9.917375e-01
9.908596e-01
9.929124e-01
9.914073e-01
9.907442e-01
9.916938e-01
9.912279e-01
9.929249e-01
9.916788e-01
9.928179e-01
9.923249e-01
9.921564e-01
9.926584e-01
9.905993e-01
9.914728e-01
9.909213e-01
9.929266e-01
9.921807e-01
9.920786e-01
9.937777e-01
9.918063e-01
9.923532e-01
9.918766e-01
9.940890e-01
9.920699e-01
9.933276e-01
9.928099e-01
9.932291e-01
9.943984e-01
9.930660e-01
9.948369e-01
9.948578e-01
9.950618e-01
9.931554e-01
9.916401e-01
9.921232e-01
9.925936e-01
9.938886e-01
9.910537e-01
9.936922e-01
9.920766e-01
9.929045e-01
9.897508e-01
9.940282e-01
9.922789e-01
9.934969e-01
9.903379e-01
9.944829e-01
9.934671e-01
9.921975e-01
9.918385e-01
9.940767e-01
9.921035e-01
9.918663e-01
9.916687e-01
9.902914e-01
9.930387e-01
9.918650e-01
9.927926e-01
9.941412e-01
9.922481e-01
9.935028e-01
9.938377e-01
9.923508e-01
9.951993e-01
9.963418e-01
9.948161e-01
9.938025e-01
9.938431e-01
9.917138e-01
9.922901e-01
9.903579e-01
9.925616e-01
9.895687e-01
9.923159e-01
9.927879e-01
9.927467e-01
9.913491e-01
9.923614e-01
9.924426e-01
9.927514e-01
9.918817e-01
9.903518e-01
9.938397e-01
9.895802e-01
9.925443e-01
9.920075e-01
9.931228e-01
9.929265e-01
9.927394e-01
9.933665e-01
9.907530e-01
9.928852e-01
9.928672e-01
9.942452e-01
9.937431e-01
9.913523e-01
9.924082e-01
9.918656e-01
9.917983e-01
9.933629e-01
9.938741e-01
9.906152e-01
9.929127e-01
9.920141e-01
9.909036e-01
9.926543e-01
9.913653e-01
9.925420e-01
9.930165e-01
9.918545e-01
9.932786e-01
9.906380e-01
9.913092e-01
9.923776e-01
9.902760e-01
9.926278e-01
9.914937e-01
9.918334e-01
9.929228e-01
9.917305e-01
9.926543e-01
9.938595e-01
9.930528e-01
9.933223e-01
9.924837e-01
9.928074e-01
9.904190e-01
9.918949e-01
9.910640e-01
9.936031e-01
9.908582e-01
9.935712e-01
9.924462e-01
9.934004e-01
9.940453e-01
9.946979e-01
9.934560e-01
9.929828e-01
9.950585e-01
9.932440e-01
9.938364e-01
9.910018e-01
9.914804e-01
9.923665e-01
9.910988e-01
9.896437e-01
9.930549e-01
9.921805e-01
9.909224e-01
9.932909e-01
9.925920e-01
9.923643e-01
9.948458e-01
9.934302e-01
9.928493e-01
9.948241e-01
9.952984e-01
9.951587e-01
9.941000e-01
9.950107e-01
9.958514e-01
9.948230e-01
9.933155e-01
9.921201e-01
9.919443e-01
9.911753e-01
9.910377e-01
9.921387e-01
9.935547e-01
9.932438e-01
9.910738e-01
9.908869e-01
9.917768e-01
9.923863e-01
9.927991e-01
9.934726e-01
9.989778e-01
9.938609e-01
9.943761e-01
9.962826e-01
9.962391e-01
9.938545e-01
9.936816e-01
9.922761e-01
9.916763e-01
9.919612e-01
9.929656e-01
9.914077e-01
9.914746e-01
9.907194e-01
9.912602e-01
9.899071e-01
9.916055e-01
9.893749e-01
9.916660e-01
9.910069e-01
9.911290e-01
9.913477e-01
9.897931e-01
9.921831e-01
9.928902e-01
9.926255e-01
9.920781e-01
9.915933e-01
9.908692e-01
9.917339e-01
9.925238e-01
9.915706e-01
9.933945e-01
9.920248e-01
9.912863e-01
9.911646e-01
9.905945e-01
9.915062e-01
9.912142e-01
9.915798e-01
9.887727e-01
9.912236e-01
9.917682e-01
9.921179e-01
9.916354e-01
9.918870e-01
9.905662e-01
9.909580e-01
9.929551e-01
9.922308e-01
9.937201e-01
9.919444e-01
9.888589e-01
9.936210e-01
9.901553e-01
9.937458e-01
9.935089e-01
9.930006e-01
9.923015e-01
9.918575e-01
9.913660e-01
9.921858e-01
9.904438e-01
9.915182e-01
9.929924e-01
9.920380e-01
9.917636e-01
9.913077e-01
9.910835e-01
9.915190e-01
9.917775e-01
9.898833e-01
9.926612e-01
9.905524e-01
9.942510e-01
9.927649e-01
9.940649e-01
9.940647e-01
9.921523e-01
9.905578e-01
9.928031e-01
9.925915e-01
9.909615e-01
9.924961e-01
9.937546e-01
9.923297e-01
9.942297e-01
9.931285e-01
9.916441e-01
9.939891e-01
9.932957e-01
9.897929e-01
9.910177e-01
9.982569e-01
9.962155e-01
9.928440e-01
9.931692e-01
9.947383e-01
9.947764e-01
9.935287e-01
9.924713e-01
9.943734e-01
9.917967e-01
9.940993e-01
9.955134e-01
9.953767e-01
9.938349e-01
9.949010e-01
9.936496e-01
9.917608e-01
9.936293e-01
9.928880e-01
9.940867e-01
9.916981e-01
9.912773e-01
9.888229e-01
9.926966e-01
9.926224e-01
9.932741e-01
9.936967e-01
9.932489e-01
9.930270e-01
9.912840e-01
9.923601e-01
9.920951e-01
9.938828e-01
9.933067e-01
9.923672e-01
9.950362e-01
9.940039e-01
9.938052e-01
9.915407e-01
9.922861e-01
9.924423e-01
9.906095e-01
9.921224e-01
9.915398e-01
9.922361e-01
9.932280e-01
9.910467e-01
9.919958e-01
9.909595e-01
9.930989e-01
9.938455e-01
9.921924e-01
9.942368e-01
9.897303e-01
9.924408e-01
9.908589e-01
9.929555e-01
9.930109e-01
9.929086e-01
9.936730e-01
9.920888e-01
9.930124e-01
9.904876e-01
9.931176e-01
9.925564e-01
9.936879e-01
9.931025e-01
9.925151e-01
9.916608e-01
9.895918e-01
9.918810e-01
9.933881e-01
9.932061e-01
9.937773e-01
9.941017e-01
9.920898e-01
9.900290e-01
9.920981e-01
9.922484e-01
9.931113e-01
9.930137e-01
9.924119e-01
9.933365e-01
9.905708e-01
9.932741e-01
9.935666e-01
9.943196e-01
9.935056e-01
9.932278e-01
9.938328e-01
9.922969e-01
9.921414e-01
9.913555e-01
9.926257e-01
9.925442e-01
9.924284e-01
9.927406e-01
9.936013e-01
9.918663e-01
9.918563e-01
9.925457e-01
9.915720e-01
9.931088e-01
9.929352e-01
9.928130e-01
9.923319e-01
9.899458e-01
9.927506e-01
9.919727e-01
9.937007e-01
9.914485e-01
9.920581e-01
9.921640e-01
9.924646e-01
9.931963e-01
9.925432e-01
9.928015e-01
9.940507e-01
9.921454e-01
9.940955e-01
9.932608e-01
9.917198e-01
9.942242e-01
9.924416e-01
9.943798e-01
9.917775e-01
9.932806e-01
9.947820e-01
9.926702e-01
9.927061e-01
9.944575e-01
9.917895e-01
9.921746e-01
9.900039e-01
9.912135e-01
9.982489e-01
9.957837e-01
9.931937e-01
9.956791e-01
9.954140e-01
9.936687e-01
9.927206e-01
9.917249e-01
9.920316e-01
9.919618e-01
9.914466e-01
9.918782e-01
9.930936e-01
9.934330e-01
9.923848e-01
9.905477e-01
9.907289e-01
9.924891e-01
9.893810e-01
9.926675e-01
9.918895e-01
9.911881e-01
9.904763e-01
9.912577e-01
9.919266e-01
9.923613e-01
9.916995e-01
9.908266e-01
9.908311e-01
9.913930e-01
9.928759e-01
9.921581e-01
9.923131e-01
9.897369e-01
9.917115e-01
9.929212e-01
9.928938e-01
9.924523e-01
9.903942e-01
9.927442e-01
9.919826e-01
9.922169e-01
9.913465e-01
9.906135e-01
9.928182e-01
9.916301e-01
9.906507e-01
9.929707e-01
9.918875e-01
9.926018e-01
9.928250e-01
9.923660e-01
9.935262e-01
9.945082e-01
9.943321e-01
9.924343e-01
9.934173e-01
9.922337e-01
9.930491e-01
9.932210e-01
9.936904e-01
9.929975e-01
9.945910e-01
9.914832e-01
9.936110e-01
9.912798e-01
9.902973e-01
9.920664e-01
9.939752e-01
9.926819e-01
9.935685e-01
9.933419e-01
9.916748e-01
9.939004e-01
9.941015e-01
9.932507e-01
9.949316e-01
9.940160e-01
9.938212e-01
9.901692e-01
9.930587e-01
9.920700e-01
9.920431e-01
9.930121e-01
9.917334e-01
9.938323e-01
9.927161e-01
9.930589e-01
9.917793e-01
9.918980e-01
9.899083e-01
9.929144e-01
9.916951e-01
9.936684e-01
9.926683e-01
9.931393e-01
9.914030e-01
9.919197e-01
9.918007e-01
9.903381e-01
9.943871e-01
9.939254e-01
9.944255e-01
9.939824e-01
9.934746e-01
9.922213e-01
9.947507e-01
9.945472e-01
9.945751e-01
9.929729e-01
9.924130e-01
9.930958e-01
9.888901e-01
9.924734e-01
9.904667e-01
9.916283e-01
9.911901e-01
9.924063e-01
9.918668e-01
9.929593e-01
9.925467e-01
9.927344e-01
9.930432e-01
9.928255e-01
9.928412e-01
9.926619e-01
9.917724e-01
9.916371e-01
9.926795e-01
9.911776e-01
9.932739e-01
9.929526e-01
9.934450e-01
9.929923e-01
9.924139e-01
9.922438e-01
9.900090e-01
9.940403e-01
9.912832e-01
9.938239e-01
9.943126e-01
9.931687e-01
9.928246e-01
9.918512e-01
9.923371e-01
9.936795e-01
9.892595e-01
9.930872e-01
9.921078e-01
9.931191e-01
9.931529e-01
9.921323e-01
9.933590e-01
9.940169e-01
9.938192e-01
9.942792e-01
9.925453e-01
9.923933e-01
9.944007e-01
9.899075e-01
9.925261e-01
9.934781e-01
9.933757e-01
9.934033e-01
9.898651e-01
9.930089e-01
9.937654e-01
9.928946e-01
9.918581e-01
9.911855e-01
9.941140e-01
9.926473e-01
9.924864e-01
9.949309e-01
9.930683e-01
9.942744e-01
9.920238e-01
9.931077e-01
9.929365e-01
9.921590e-01
9.939950e-01
9.930521e-01
9.936295e-01
9.938255e-01
9.917340e-01
9.904349e-01
9.920065e-01
9.940308e-01
9.933334e-01
9.932738e-01
9.932783e-01
9.908373e-01
9.936399e-01
9.916443e-01
9.930868e-01
9.934527e-01
9.937143e-01
9.927969e-01
9.912995e-01
9.945928e-01
9.905106e-01
9.915664e-01
9.942392e-01
9.918503e-01
9.921662e-01
9.928993e-01
9.904780e-01
9.928902e-01
9.873312e-01
9.900994e-01
9.925575e-01
9.904985e-01
9.904116e-01
9.913245e-01
9.897511e-01
9.895849e-01
9.896899e-01
9.986610e-01
9.961106e-01
9.933724e-01
9.937521e-01
9.938573e-01
9.956226e-01
9.952705e-01
9.947475e-01
9.926623e-01
9.922850e-01
9.923595e-01
9.932213e-01
9.945241e-01
9.927215e-01
9.920384e-01
9.879270e-01
9.934479e-01
9.932814e-01
9.931306e-01
9.933571e-01
9.900830e-01
9.941708e-01
9.925206e-01
9.938149e-01
9.929711e-01
9.921412e-01
9.930533e-01
9.924203e-01
9.927765e-01
9.907744e-01
9.909806e-01
9.932706e-01
9.935995e-01
9.929179e-01
9.923411e-01
9.928997e-01
9.925413e-01
9.938946e-01
9.880588e-01
9.940521e-01
9.931405e-01
9.911786e-01
9.943074e-01
9.914826e-01
9.925666e-01
9.924532e-01
9.932681e-01
9.943368e-01
9.941031e-01
9.943452e-01
9.935609e-01
9.947316e-01
9.943022e-01
9.945840e-01
9.933571e-01
9.932981e-01
9.950788e-01
9.945921e-01
9.935115e-01
9.961346e-01
9.952317e-01
9.929413e-01
9.940642e-01
9.949933e-01
9.956084e-01
9.918488e-01
9.952273e-01
9.930750e-01
9.915821e-01
9.921857e-01
9.949248e-01
9.932698e-01
9.932496e-01
9.935128e-01
9.923553e-01
9.939297e-01
9.945909e-01
9.940508e-01
9.930649e-01
9.937686e-01
9.943178e-01
9.941694e-01
9.924406e-01
9.925123e-01
9.945810e-01
9.929732e-01
9.920173e-01
9.896764e-01
9.924276e-01
9.919906e-01
9.936177e-01
9.935748e-01
9.930534e-01
9.925675e-01
9.915624e-01
9.921411e-01
9.936488e-01
9.928756e-01
9.928862e-01
9.938527e-01
9.927033e-01
9.941260e-01
9.934550e-01
9.900213e-01
9.904977e-01
9.908473e-01
9.928373e-01
9.940040e-01
9.911022e-01
9.912860e-01
9.923615e-01
9.922062e-01
9.922683e-01
9.927078e-01
9.933848e-01
9.906717e-01
9.910480e-01
9.918240e-01
9.920484e-01
9.912025e-01
9.902599e-01
9.906380e-01
9.911960e-01
9.914677e-01
9.927235e-01
9.924654e-01
9.935400e-01
9.922792e-01
9.927406e-01
9.942906e-01
9.901412e-01
9.928054e-01
9.929096e-01
9.929504e-01
9.941887e-01
9.920547e-01
9.911441e-01
9.910193e-01
9.917191e-01
9.900749e-01
9.925601e-01
9.922515e-01
9.906524e-01
9.940388e-01
9.909601e-01
9.898993e-01
9.937394e-01
9.906160e-01
9.906313e-01
9.910939e-01
9.913435e-01
9.916821e-01
9.922941e-01
9.922058e-01
9.911871e-01
9.922747e-01
9.895958e-01
9.923013e-01
9.911263e-01
9.907859e-01
9.896936e-01
9.895223e-01
9.903719e-01
9.906338e-01
9.917801e-01
9.934087e-01
9.890054e-01
9.928088e-01
9.915168e-01
9.925131e-01
9.919055e-01
9.941709e-01
9.923964e-01
9.933162e-01
9.912100e-01
9.930133e-01
9.934390e-01
9.922802e-01
9.891000e-01
9.909728e-01
9.898521e-01
9.922556e-01
9.922207e-01
9.930319e-01
9.920717e-01
9.916865e-01
9.930153e-01
9.929801e-01
9.914628e-01
9.912118e-01
9.911284e-01
9.927783e-01
9.905362e-01
9.923846e-01
9.919385e-01
9.927133e-01
9.896462e-01
9.903807e-01
9.924560e-01
9.907856e-01
9.920778e-01
9.917839e-01
9.903121e-01
9.910831e-01
9.903936e-01
9.917449e-01
9.939402e-01
9.893014e-01
9.938633e-01
9.923489e-01
9.918982e-01
9.913672e-01
9.913384e-01
9.927968e-01
9.879538e-01
9.925848e-01
9.913415e-01
9.907911e-01
9.906532e-01
9.929640e-01
9.951734e-01
9.906676e-01
9.923639e-01
9.923967e-01
9.926437e-01
9.922841e-01
9.928666e-01
9.914467e-01
9.906620e-01
9.899036e-01
9.913231e-01
9.910402e-01
9.922858e-01
9.931158e-01
9.934356e-01
9.941714e-01
9.926419e-01
9.922548e-01
9.894775e-01
9.930601e-01
9.925097e-01
9.923530e-01
9.929596e-01
9.915008e-01
9.936708e-01
9.908797e-01
9.921395e-01
9.928262e-01
9.920896e-01
9.936695e-01
9.936434e-01
9.949512e-01
9.951120e-01
9.946918e-01
9.934737e-01
9.929552e-01
9.921928e-01
9.927323e-01
9.909970e-01
9.929643e-01
9.929097e-01
9.930369e-01
9.933282e-01
9.924212e-01
9.951252e-01
9.952201e-01
9.943188e-01
9.942501e-01
9.949226e-01
9.941872e-01
9.922615e-01
9.941018e-01
9.923782e-01
9.930963e-01
9.916584e-01
9.918203e-01
9.928821e-01
9.916502e-01
9.916256e-01
9.885983e-01
9.917913e-01
9.911122e-01
9.931952e-01
9.915317e-01
9.920374e-01
9.922210e-01
9.901218e-01
9.926587e-01
9.925409e-01
9.937010e-01
9.923909e-01
9.909828e-01
9.917313e-01
9.937284e-01
9.926832e-01
9.927143e-01
9.928581e-01
9.920440e-01
9.898576e-01
9.936272e-01
9.941363e-01
9.936622e-01
9.931456e-01
9.927838e-01
9.928045e-01
9.932059e-01
9.932765e-01
9.929408e-01
9.931577e-01
9.933282e-01
9.914429e-01
9.924596e-01
9.901575e-01
9.891379e-01
9.926491e-01
9.920247e-01
9.922446e-01
9.923511e-01
9.909568e-01
9.892864e-01
9.912436e-01
9.924632e-01
9.926429e-01
9.928160e-01
9.927875e-01
9.929474e-01
9.910510e-01
9.926417e-01
9.919199e-01
9.925714e-01
9.928605e-01
9.927765e-01
9.916201e-01
9.928485e-01
9.902951e-01
9.918305e-01
9.919152e-01
9.920661e-01
9.936626e-01
9.925783e-01
9.917181e-01
9.941005e-01
9.894229e-01
9.944144e-01
9.946841e-01
9.953049e-01
9.916404e-01
9.930855e-01
9.946325e-01
9.942397e-01
9.897559e-01
9.948200e-01
9.940237e-01
9.934109e-01
9.931896e-01
9.924446e-01
9.939229e-01
9.955726e-01
9.950689e-01
9.945344e-01
9.922871e-01
9.915211e-01
9.934827e-01
9.914172e-01
9.929350e-01
9.885011e-01
9.919956e-01
9.906272e-01
9.928277e-01
9.928170e-01
9.916295e-01
9.919692e-01
9.911044e-01
9.919052e-01
9.924275e-01
9.926812e-01
9.926683e-01
9.917592e-01
9.904886e-01
9.909196e-01
9.916270e-01
9.929195e-01
9.926178e-01
9.927191e-01
9.914072e-01
9.911454e-01
9.914830e-01
9.911250e-01
9.928583e-01
9.930106e-01
9.925445e-01
9.911348e-01
9.911094e-01
9.916191e-01
9.930995e-01
9.931872e-01
9.930145e-01
9.927618e-01
9.902722e-01
9.928625e-01
9.922435e-01
9.928781e-01
9.934341e-01
9.925511e-01
9.926268e-01
9.893405e-01
9.930515e-01
9.936050e-01
9.923630e-01
9.928964e-01
9.899330e-01
9.951693e-01
9.941967e-01
9.938685e-01
9.934501e-01
9.927626e-01
9.946745e-01
9.936400e-01
9.925829e-01
9.935061e-01
9.912766e-01
9.929270e-01
9.926812e-01
9.902605e-01
9.903795e-01
9.908228e-01
9.928209e-01
9.908618e-01
9.883412e-01
9.884613e-01
9.909294e-01
9.935649e-01
9.926107e-01
9.903588e-01
9.908207e-01
9.925448e-01
9.915334e-01
9.988080e-01
9.929186e-01
9.927440e-01
9.926438e-01
9.942678e-01
9.949568e-01
9.954703e-01
9.952769e-01
9.937871e-01
9.937603e-01
9.922587e-01
9.926814e-01
9.920247e-01
9.921319e-01
9.936247e-01
9.929494e-01
9.916635e-01
9.938095e-01
9.913900e-01
9.917401e-01
9.947547e-01
9.941583e-01
9.926085e-01
9.949163e-01
9.927929e-01
9.919333e-01
9.883913e-01
9.915124e-01
9.915427e-01
9.927451e-01
9.921435e-01
9.923453e-01
9.924438e-01
9.891884e-01
9.912608e-01
9.918689e-01
9.909922e-01
9.926348e-01
9.908202e-01
9.927300e-01
9.911990e-01
9.923987e-01
9.908240e-01
9.888073e-01
9.916642e-01
9.922727e-01
9.915208e-01
9.907147e-01
9.908145e-01
9.915139e-01
9.896202e-01
9.908606e-01
9.928823e-01
9.916899e-01
9.907851e-01
9.918334e-01
9.916347e-01
9.913523e-01
9.924474e-01
9.928810e-01
9.904128e-01
9.908307e-01
9.915292e-01
9.924736e-01
9.917280e-01
9.911402e-01
9.917372e-01
9.918265e-01
9.911202e-01
9.911762e-01
9.897844e-01
9.907115e-01
9.911662e-01
9.906763e-01
9.914665e-01
9.905980e-01
9.891334e-01
9.897333e-01
9.911777e-01
9.916484e-01
9.908067e-01
9.900252e-01
9.918386e-01
9.928671e-01
9.921788e-01
9.910858e-01
9.910417e-01
9.909053e-01
9.889199e-01
9.911950e-01
9.906142e-01
9.922979e-01
9.920759e-01
9.906539e-01
9.926545e-01
9.904690e-01
9.899291e-01
9.891097e-01
9.929339e-01
9.874150e-01
9.911311e-01
9.909333e-01
9.908504e-01
9.903294e-01
9.918509e-01
9.910137e-01
9.917706e-01
9.976229e-01
9.952722e-01
9.926552e-01
9.937243e-01
9.931141e-01
9.941694e-01
9.938692e-01
9.922432e-01
9.904492e-01
9.938418e-01
9.908861e-01
9.907677e-01
9.895132e-01
9.921316e-01
9.913908e-01
9.920724e-01
9.907992e-01
9.906099e-01
9.916885e-01
9.910299e-01
9.921343e-01
9.916523e-01
9.895614e-01
9.896069e-01
9.915979e-01
9.909663e-01
9.910828e-01
9.901975e-01
9.903520e-01
9.923691e-01
9.926825e-01
9.905974e-01
9.908027e-01
9.910446e-01
9.896978e-01
9.917090e-01
9.922801e-01
9.931808e-01
9.921042e-01
9.918506e-01
9.929062e-01
9.930692e-01
9.925275e-01
9.903287e-01
9.916057e-01
9.892979e-01
9.919782e-01
9.916220e-01
9.915757e-01
9.906558e-01
9.913561e-01
9.906461e-01
9.914579e-01
9.907975e-01
9.923283e-01
9.924065e-01
9.928238e-01
9.927533e-01
9.911025e-01
9.908675e-01
9.920200e-01
9.934371e-01
9.922755e-01
9.912871e-01
9.913750e-01
9.926905e-01
9.939860e-01
9.919170e-01
9.934336e-01
9.923527e-01
9.927438e-01
9.921355e-01
9.924871e-01
9.915674e-01
9.926196e-01
9.917535e-01
9.910229e-01
9.919304e-01
9.890605e-01
9.915445e-01
9.907786e-01
9.911194e-01
9.916222e-01
9.907069e-01
9.926605e-01
9.899507e-01
9.928421e-01
9.879765e-01
9.927098e-01
9.936090e-01
9.926661e-01
9.940244e-01
9.937274e-01
9.930127e-01
9.940131e-01
9.941775e-01
9.947343e-01
9.949125e-01
9.916223e-01
9.929916e-01
9.913359e-01
9.920286e-01
9.930343e-01
9.929927e-01
9.904910e-01
9.933028e-01
9.939078e-01
9.920583e-01
9.935620e-01
9.930134e-01
9.945307e-01
9.928067e-01
9.918250e-01
9.916692e-01
9.925379e-01
9.921824e-01
9.938213e-01
9.932647e-01
9.933087e-01
9.923446e-01
9.944979e-01
9.930952e-01
9.959326e-01
9.952814e-01
9.932208e-01
9.939210e-01
9.924949e-01
9.926221e-01
9.939697e-01
9.929718e-01
9.932129e-01
9.914376e-01
9.936031e-01
9.926125e-01
9.938082e-01
9.934818e-01
9.929169e-01
9.921821e-01
9.921047e-01
9.937615e-01
9.942394e-01
9.919709e-01
9.927597e-01
9.922816e-01
9.940274e-01
9.927910e-01
9.920070e-01
9.926647e-01
9.932046e-01
9.936184e-01
9.927636e-01
9.909469e-01
9.945923e-01
9.923269e-01
9.931676e-01
9.897774e-01
9.924619e-01
9.937540e-01
9.914438e-01
9.924853e-01
9.914917e-01
9.923171e-01
9.937046e-01
9.935255e-01
9.918253e-01
9.926432e-01
9.908125e-01
9.909253e-01
9.929978e-01
9.922174e-01
9.929036e-01
9.927103e-01
9.945105e-01
9.938073e-01
9.906680e-01
9.951926e-01
9.949251e-01
9.931929e-01
9.913504e-01
9.923686e-01
9.908394e-01
9.910333e-01
9.876096e-01
9.917167e-01
9.902203e-01
9.917830e-01
9.917704e-01
9.913579e-01
9.988329e-01
9.937853e-01
9.917039e-01
9.941297e-01
9.961094e-01
9.956694e-01
9.930274e-01
9.942066e-01
9.952539e-01
9.922799e-01
9.938849e-01
9.933945e-01
9.912516e-01
9.931002e-01
9.925837e-01
9.931911e-01
9.940007e-01
9.919158e-01
9.939518e-01
9.925267e-01
9.938551e-01
9.934257e-01
9.900863e-01
9.949797e-01
9.951153e-01
9.948533e-01
9.936395e-01
9.908062e-01
9.933670e-01
9.916531e-01
9.931815e-01
9.930344e-01
9.933793e-01
9.923601e-01
9.914994e-01
9.934306e-01
9.923055e-01
9.981323e-01
9.959969e-01
9.932799e-01
9.935672e-01
9.935079e-01
9.958814e-01
9.952413e-01
9.906715e-01
9.928762e-01
9.950504e-01
9.928672e-01
9.930210e-01
9.928938e-01
9.939786e-01
9.947001e-01
9.913071e-01
9.929994e-01
9.934465e-01
9.927609e-01
9.926566e-01
9.918490e-01
9.932202e-01
9.936503e-01
9.919354e-01
9.931422e-01
9.937518e-01
9.940074e-01
9.936487e-01
9.898663e-01
9.934989e-01
9.941015e-01
9.937979e-01
9.910446e-01
9.923664e-01
9.938273e-01
9.931521e-01
9.915015e-01
9.942325e-01
9.937584e-01
9.918389e-01
9.932192e-01
9.936987e-01
9.934515e-01
9.940552e-01
9.920164e-01
9.922965e-01
9.934027e-01
9.918903e-01
9.926641e-01
9.931105e-01
9.920506e-01
9.916313e-01
9.930657e-01
9.925449e-01
9.924551e-01
9.921312e-01
9.900613e-01
9.907757e-01
9.910957e-01
9.902056e-01
9.922572e-01
9.903072e-01
9.905599e-01
9.933072e-01
9.924695e-01
9.897495e-01
9.913118e-01
9.928049e-01
9.920205e-01
9.933639e-01
9.904234e-01
9.921108e-01
9.932835e-01
9.923927e-01
9.936779e-01
9.899103e-01
9.909453e-01
9.930704e-01
9.928751e-01
9.926408e-01
9.896202e-01
9.930989e-01
9.929505e-01
9.919412e-01
9.942658e-01
9.950608e-01
9.944770e-01
9.933587e-01
9.936057e-01
9.935443e-01
9.918073e-01
9.922252e-01
9.932507e-01
9.910551e-01
9.921163e-01
9.910376e-01
9.899076e-01
9.908382e-01
9.914007e-01
9.924382e-01
9.944088e-01
9.915999e-01
9.980741e-01
9.962283e-01
9.930518e-01
9.946524e-01
9.952139e-01
9.956979e-01
9.943631e-01
9.934024e-01
9.938120e-01
9.933449e-01
9.950928e-01
9.932718e-01
9.941357e-01
9.933056e-01
9.903224e-01
9.942380e-01
9.927994e-01
9.926116e-01
9.926487e-01
9.921165e-01
9.934062e-01
9.936762e-01
9.917939e-01
9.929160e-01
9.941155e-01
9.925333e-01
9.927668e-01
9.936094e-01
9.942659e-01
9.949856e-01
9.920210e-01
9.935692e-01
9.951260e-01
9.918045e-01
9.943623e-01
9.951177e-01
9.928928e-01
9.938353e-01
9.927169e-01
9.949514e-01
9.932469e-01
9.947945e-01
9.929261e-01
9.953799e-01
9.922864e-01
9.937711e-01
9.941750e-01
9.941930e-01
9.945989e-01
9.935312e-01
9.934012e-01
9.944663e-01
9.951786e-01
9.905663e-01
9.962325e-01
9.917958e-01
9.932927e-01
9.931482e-01
9.928064e-01
9.920065e-01
9.923797e-01
9.926524e-01
9.940472e-01
9.943271e-01
9.956697e-01
9.952512e-01
9.924357e-01
9.949640e-01
9.959461e-01
9.956951e-01
9.929965e-01
9.914290e-01
9.914799e-01
9.927404e-01
9.929040e-01
9.924222e-01
9.904401e-01
9.892123e-01
9.911072e-01
9.900354e-01
9.916793e-01
9.920690e-01
9.918813e-01
9.934502e-01
9.933261e-01
9.935436e-01
9.933033e-01
9.950330e-01
1.000000e+00
9.999419e-01
9.999419e-01
9.999419e-01
9.999419e-01
9.999419e-01
9.999419e-01
9.999419e-01
9.999419e-01
9.999419e-01
9.999419e-01
9.999419e-01
9.999419e-01
9.999419e-01
9.999419e-01
9.999419e-01
9.999419e-01
9.999419e-01
9.999419e-01
9.999419e-01
9.999419e-01
9.999419e-01
9.999419e-01
9.999419e-01
9.999419e-01
